SWAN 1
LOCATIONS
     1
     681726.07 2033118.57
AFREQ
     56
     0.0300
     0.0400
     0.0500
     0.0600
     0.0700
     0.0800
     0.0900
     0.1000
     0.1100
     0.1200
     0.1300
     0.1400
     0.1500
     0.1600
     0.1700
     0.1800
     0.1900
     0.2000
     0.2100
     0.2200
     0.2300
     0.2400
     0.2500
     0.2600
     0.2700
     0.2800
     0.2900
     0.3000
     0.3100
     0.3200
     0.3300
     0.3400
     0.3500
     0.3600
     0.3700
     0.3800
     0.3900
     0.4000
     0.4100
     0.4200
     0.4300
     0.4400
     0.4500
     0.4600
     0.4700
     0.4800
     0.4900
     0.5000
     0.5100
     0.5200
     0.5300
     0.5400
     0.5500
     0.5600
     0.5700
     0.5800
NDIR
     72
     5.0000
     10.0000
     15.0000
     20.0000
     25.0000
     30.0000
     35.0000
     40.0000
     45.0000
     50.0000
     55.0000
     60.0000
     65.0000
     70.0000
     75.0000
     80.0000
     85.0000
     90.0000
     95.0000
     100.0000
     105.0000
     110.0000
     115.0000
     120.0000
     125.0000
     130.0000
     135.0000
     140.0000
     145.0000
     150.0000
     155.0000
     160.0000
     165.0000
     170.0000
     175.0000
     180.0000
     185.0000
     190.0000
     195.0000
     200.0000
     205.0000
     210.0000
     215.0000
     220.0000
     225.0000
     230.0000
     235.0000
     240.0000
     245.0000
     250.0000
     255.0000
     260.0000
     265.0000
     270.0000
     275.0000
     280.0000
     285.0000
     290.0000
     295.0000
     300.0000
     305.0000
     310.0000
     315.0000
     320.0000
     325.0000
     330.0000
     335.0000
     340.0000
     345.0000
     350.0000
     355.0000
     360.0000
QUANT
     1
VaDens
m2/Hz/degr
     -999.000000
FACTOR
     1.00000E-06
          74      89      104      114      113      101       83       65       51       39       31       25       21       17       15       13       11       10        9        8        8        7        7        7        6        6        6        6        6        6        6        7        7        8        8        9       10       11       12       13       15       17       19       22       25       28       31       34       35       36       36       35       33       32       30       28       27       25       24       24       23       24       24       25       26       28       30       33       37       43       51      61
          67      77       91      110      137      174      227      297      375      429      420      354      273      204      154      119       94       76       64       54       47       42       38       35       32       31       29       28       28       28       28       29       30       32       34       36       40       45       51       60       71       87      109      140      187      254      344      439      488      453      365      275      206      158      125      101       85       73       64       57       52       49       46       45       44       43       44       45       47       50       54      60
        1168    1688     2520     3540     3883     3045     1978     1258      835      585      431      330      262      214      180      154      134      120      108       99       92       87       83       80       78       77       77       78       80       82       86       91       98      106      117      131      149      172      203      244      301      381      495      659      893     1201     1531     1732     1674     1419     1125      879      697      566      474      407      359      325      300      284      274      270      271      278      291      311      341      383      443      529      657     854
        7453    4014     2523     1746     1291     1003      811      675      578      505      451      409      377      353      335      322      313      308      307      309      314      323      335      351      371      396      426      462      505      553      607      665      724      780      828      861      876      871      847      809      762      712      663      617      577      542      513      490      472      460      454      452      457      467      484      510      545      593      657      744      864     1031     1275     1647     2250     3326     5535    11282    35376   193036    91710   18533
       20468   10529     6420     4340     3146     2401     1907     1564     1317     1134      996      891      809      746      696      659      630      610      597      590      590      595      607      624      649      681      722      772      833      907      996     1102     1226     1370     1533     1711     1898     2080     2240     2361     2427     2434     2386     2297     2184     2062     1942     1833     1740     1664     1606     1567     1548     1550     1573     1621     1697     1809     1967     2184     2487     2914     3534     4475     5992     8665    14066    27834    85426  1025440   495041   56296
       63569   32263    19497    13087     9429     7153     5645     4598     3844     3285     2861     2534     2277     2074     1913     1784     1681     1599     1535     1487     1452     1428     1415     1412     1418     1433     1456     1487     1526     1573     1627     1688     1755     1827     1904     1984     2066     2147     2226     2302     2373     2439     2499     2553     2603     2650     2697     2746     2801     2866     2944     3040     3159     3309     3497     3734     4035     4422     4922     5581     6467     7690     9439    12058    16232    23492    37879    73248   206590  1455230  1250300  178723
       36253   21247    13932     9838     7322     5670     4530     3710     3104     2642     2284     2001     1775     1591     1439     1314     1210     1123     1049      987      935      890      853      822      796      775      758      746      736      731      728      729      733      740      750      763      779      799      823      850      882      919      961     1009     1064     1127     1198     1280     1375     1484     1611     1760     1935     2144     2396     2704     3085     3564     4181     4993     6095     7644     9923    13482    19512    30988    57239   140807   640892  1124330   229985   74939
       79642   41601    24900    16325    11413     8369     6369     4994     4014     3294     2753     2337     2013     1756     1550     1384     1247     1135     1042      965      900      847      803      766      736      712      694      680      671      666      665      669      676      688      703      724      749      780      816      859      910      969     1037     1116     1208     1315     1438     1581     1747     1940     2165     2428     2735     3098     3526     4037     4651     5398     6321     7483     8981    10969    13709    17663    23723    33772    52344    92369   197697   454711   453589  185886
       39994   22991    14202     9285     6353     4512     3308     2491     1922     1514     1215      993      823      693      591      510      446      394      352      317      289      265      245      229      216      205      196      189      183      179      177      175      175      176      179      183      188      195      203      214      227      243      262      284      312      345      385      434      495      570      664      782      934     1130     1387     1728     2188     2818     3696     4940     6738     9395    13419    19708    29962    47692    80734   145331   244349   258093   152668   75858
       20988   18954    16887    14523    11896     9284     6990     5165     3803     2819     2118     1618     1257      995      800      654      543      458      391      338      296      262      234      211      193      178      165      155      146      140      134      130      127      125      124      124      125      127      129      133      139      145      153      163      176      191      209      231      258      292      334      388      456      544      660      816     1029     1327     1758     2397     3380     4951     7551    11955    19229    29549    39076    41530    37332    31546    26816   23438
       39294   24346    14241     8573     5430     3616     2516     1818     1356     1040      817      656      537      447      378      324      281      247      220      198      179      164      152      142      134      127      122      117      114      112      110      110      110      111      113      116      120      125      131      138      148      159      172      189      208      232      262      298      343      399      470      560      676      828     1027     1291     1643     2114     2743     3573     4649     6000     7637     9556    11775    14399    17698    22188    28690    37966    48278   50791
       35990   29256    22778    17041    12400     8912     6411     4658     3437     2581     1975     1540     1222      986      809      673      568      486      421      368      326      292      264      241      222      206      193      182      174      167      161      157      154      153      152      153      155      158      163      168      176      185      196      210      227      247      271      301      338      384      441      512      603      721      875     1081     1360     1747     2296     3095     4291     6130     9031    13675    21003    31698    44472    54677    57939    54992    49204   42678
       22565   22515    19255    14418    10043     6867     4749     3362     2445     1826     1398     1094      874      711      589      495      422      364      319      282      252      227      207      191      177      166      157      149      143      139      135      133      131      131      131      132      135      138      143      149      156      165      176      189      204      223      246      273      306      347      396      457      533      627      746      896     1087     1329     1637     2026     2514     3116     3846     4713     5723     6885     8228     9809    11724    14093    16979   20139
       14651   11765     9187     7036     5328     4016     3032     2304     1768     1373     1080      861      696      570      473      398      338      291      253      222      198      177      160      146      135      125      117      111      105      101       97       95       93       92       91       91       92       93       96       99      102      107      113      120      129      139      152      167      186      208      236      271      314      369      438      529      647      805     1020     1315     1730     2322     3180     4436     6267     8857    12253    16053    19216    20574    19799   17533
       15275   13113    10282     7530     5322     3733     2642     1904     1402     1056      812      637      510      415      343      288      245      211      185      163      145      131      119      110      102       95       90       85       82       79       77       75       75       74       75       75       77       79       81       85       89       95      101      109      118      130      144      161      182      207      240      281      333      400      489      606      763      979     1277     1695     2283     3108     4244     5742     7575     9594    11554    13246    14601    15635    16286   16295
        3401    3670     4149     4859     5730     6396     6210     5022     3543     2366     1584     1089      774      569      430      335      266      217      180      151      130      113       99       89       80       73       67       62       59       56       53       51       50       49       49       49       49       50       51       53       55       58       61       66       71       78       86       96      109      125      145      172      207      254      318      410      543      744     1064     1594     2522     4185     6961    10133    10967     9056     6803     5227     4260     3697     3405    3315
        4330    4597     4875     4993     4743     4068     3173     2328     1666     1195      870      647      492      382      303      245      202      169      144      124      108       96       85       77       70       65       60       57       54       51       50       48       47       47       46       46       47       48       49       51       53       56       60       64       70       76       84       94      106      122      141      165      197      239      295      371      477      626      841     1156     1616     2270     3129     4074     4824     5132     5022     4717     4411     4198     4112    4158
        3241    3771     4496     5180     5226     4295     2982     1930     1251      836      580      418      311      238      187      150      123      103       87       75       66       58       52       47       43       40       37       35       33       32       31       30       30       30       30       30       30       31       32       34       35       38       40       44       48       53       59       67       77       90      107      128      157      197      253      334      456      647      962     1507     2488     4206     6561     7941     7118     5508     4256     3474     3030     2818     2787    2923
        1751    2224     3137     4959     7955     8675     5147     2489     1298      753      476      321      229      169      130      102       83       68       57       49       43       37       33       30       27       25       24       22       21       20       19       19       19       19       19       19       19       20       20       21       22       24       26       28       31       34       39       44       51       60       71       87      108      138      181      247      350      524      840     1464     2800     5426     7733     6384     4105     2746     2033     1653     1455     1376     1390    1503
        1463    1586     1830     2252     2937     3882     4573     4051     2711     1623      983      626      420      296      217      164      128      102       83       70       59       51       44       39       35       32       29       27       25       24       23       22       21       21       20       20       20       20       21       21       22       23       25       26       29       31       34       38       43       49       57       67       80       98      122      156      205      278      393      583      914     1519     2617     4199     5132     4469     3311     2461     1945     1648     1491    1434
        1391    1495     1688     2000     2456     3007     3366     3104     2317     1535      992      656      450      321      237      181      141      113       93       77       65       56       49       44       39       35       32       30       28       26       25       24       23       23       22       22       22       23       23       24       25       26       27       29       31       34       37       42       47       53       61       72       86      104      128      161      209      277      379      536      781     1161     1704     2314     2698     2647     2319     1961     1683     1499     1395    1360
        1040     911      837      803      799      819      861      919      979     1021     1013      935      800      643      498      380      291      224      176      140      114       94       79       67       58       51       45       40       36       33       31       29       27       26       25       24       24       23       23       23       24       24       25       26       27       29       31       33       36       40       45       50       58       68       80       97      120      152      199      269      381      572      925     1661     3401     7375    10468     7081     3869     2366     1644    1260
        1821    1946     2150     2429     2740     2957     2892     2482     1900     1365      963      686      499      373      285      224      179      146      122      103       88       77       68       61       55       50       46       43       40       38       37       35       34       34       34       34       34       34       35       36       38       40       42       45       49       54       59       66       75       86      100      118      141      172      214      273      357      478      660      936     1353     1947     2662     3242     3388     3123     2710     2336     2061     1883     1789    1770
        1694    1987     2394     2852     3117     2872     2199     1504      998      672      467      335      249      190      149      120       98       82       69       60       52       46       41       37       34       32       29       28       26       25       24       24       23       23       23       24       24       25       25       27       28       30       32       34       38       42       47       53       60       70       82       98      119      148      186      239      313      418      567      771     1033     1322     1563     1682     1670     1581     1475     1391     1344     1341     1391    1503
        1594    1996     2688     3772     4804     4398     2830     1603      932      578      381      265      192      145      112       89       73       60       51       44       38       34       30       27       25       23       21       20       19       18       18       17       17       17       17       17       18       18       19       20       21       22       24       26       29       32       36       41       47       56       66       81      100      127      166      223      311      452      689     1100     1795     2750     3419     3227     2578     2005     1622     1391     1267     1225     1256    1369
        1295    1353     1430     1509     1553     1518     1378     1154      908      688      515      386      293      226      178      142      116       96       80       69       59       52       46       41       37       34       31       29       27       26       25       24       23       23       22       22       22       23       23       24       25       26       27       29       31       34       37       41       46       51       59       68       79       94      113      139      172      217      277      359      469      611      784      973     1144     1265     1321     1323     1298     1270     1255    1262
        1927    1949     1937     1873     1743     1547     1310     1065      843      657      510      398      313      249      201      164      136      114       97       83       73       64       57       51       46       42       39       36       34       32       31       30       29       28       28       27       27       27       28       28       29       30       32       33       35       38       41       45       49       54       61       69       79       91      106      126      150      182      223      276      345      434      548      691      862     1053     1252     1439     1599     1723     1815    1881
         321     351      404      494      647      917     1392     2027     2137     1439      800      455      279      183      128       93       71       55       44       36       30       26       23       20       18       16       15       13       13       12       11       11       11       10       10       10       10       10       11       11       12       12       13       14       16       17       19       22       25       29       35       42       52       66       87      117      165      244      383      637     1073     1579     1659     1281      897      647      498      408      354      322      308     307
         202     207      220      245      286      353      466      664     1012     1496     1638     1146      649      372      229      151      106       77       59       46       37       31       26       22       19       17       15       14       13       12       11       10       10       10        9        9        9        9        9       10       10       10       11       12       13       14       15       17       19       22       26       31       38       47       60       80      109      157      239      392      687     1200     1646     1440      964      637      451      344      281      242      218     206
         220     243      278      331      411      528      684      829      847      692      485      323      218      152      110       83       64       51       41       34       29       25       22       19       17       16       14       13       12       12       11       11       11       11       10       11       11       11       11       12       12       13       14       15       17       19       21       24       28       33       39       47       58       74       95      126      169      228      304      385      444      456      424      371      320      277      246      223      209      202      202     207
         301     318      343      373      410      450      488      511      508      474      415      346      279      223      177      142      116       95       79       67       58       50       44       39       35       32       30       27       26       24       23       22       22       21       21       21       21       22       22       23       24       25       26       28       30       33       36       40       45       51       58       67       78       91      107      127      151      178      208      237      264      285      298      304      302      297      290      284      280      279      282     289
          81      89      100      118      144      186      253      365      542      735      739      530      327      203      133       92       67       51       40       32       27       22       19       17       15       14       12       11       11       10       10        9        9        9        9        9        9       10       10       11       11       12       13       15       17       19       22       26       31       38       47       61       79      107      145      196      252      291      291      257      212      172      140      118      101       90       82       77       73       72       73      76
         142     144      149      159      173      193      220      253      289      320      331      312      266      212      162      123       94       73       58       46       38       32       27       23       20       18       16       15       13       12       12       11       10       10       10       10       10       10       10       10       10       11       11       12       12       13       15       16       18       20       23       27       32       38       46       56       70       88      111      140      173      205      229      239      235      220      201      183      168      156      148     143
          96     104      117      134      160      196      248      318      393      434      401      314      224      156      111       81       61       47       38       31       26       22       19       16       15       13       12       11       10       10        9        9        9        8        8        8        8        9        9        9       10       10       11       12       13       14       16       18       20       23       27       32       39       47       57       69       84       99      113      124      129      129      124      116      108      101       95       91       88       87       88      91
         110     124      141      160      180      199      211      213      203      182      156      129      106       86       71       58       49       41       35       30       27       24       21       19       17       16       15       14       13       12       12       11       11       11       11       11       11       11       11       11       11       12       12       12       13       14       14       15       16       18       19       20       22       24       26       28       30       32       35       38       41       43       47       50       54       58       62       67       73       80       88      98
         140     153      172      199      238      295      375      479      582      616      538      402      280      194      137      100       76       59       47       38       32       27       23       20       18       16       14       13       12       11       11       10       10       10       10        9        9       10       10       10       10       11       11       12       13       14       15       17       19       21       24       28       32       37       44       51       60       70       81       92      103      112      118      121      123      122      121      120      121      122      125     131
         138     155      179      212      256      313      378      431      443      398      319      240      177      132      100       78       62       50       41       35       30       26       23       20       18       17       16       15       14       13       13       12       12       12       12       12       12       12       13       13       14       15       16       17       19       20       23       25       28       32       36       41       47       54       62       70       78       86       92       97      100      102      102      102      101      101      101      103      105      109      116     125
          50      49       50       52       56       62       72       87      111      149      212      311      424      437      320      198      122       79       55       39       30       23       18       15       13       11        9        8        7        7        6        6        5        5        5        5        5        5        5        5        5        5        5        6        6        7        7        8        9       11       13       15       18       23       29       39       54       78      119      190      301      404      395      297      205      146      109       87       72       62       56      52
          43      44       46       50       55       62       73       88      109      138      173      204      211      185      142      103       74       54       41       32       25       20       17       14       12       11       10        9        8        7        7        6        6        6        6        6        6        6        6        6        6        7        7        8        8        9       10       12       14       16       19       24       30       38       50       68       95      131      173      205      206      180      145      114       92       76       64       56       51       47       45      43
          22      23       24       26       28       32       36       43       53       67       87      116      154      188      193      162      120       85       60       44       34       26       21       17       15       13       11       10        9        8        8        7        7        6        6        6        6        6        6        7        7        7        8        9        9       11       12       14       16       19       23       28       34       43       53       64       74       80       79       73       64       55       46       40       35       31       28       26       24       23       22      22
          22      23       24       26       28       32       37       44       54       71       96      139      207      292      324      257      168      107       71       49       36       28       22       18       15       13       11       10        9        8        7        7        7        6        6        6        6        6        6        7        7        7        8        9       10       11       12       14       17       21       26       33       44       59       83      115      152      174      165      135      103       79       61       49       40       34       30       27       25       24       23      22
          41      42       44       48       54       63       77       99      138      206      325      469      463      300      170      100       64       43       31       23       18       14       12       10        8        7        6        6        5        5        4        4        4        4        4        3        3        3        4        4        4        4        4        4        5        5        6        7        8        9       10       12       15       19       24       31       42       58       81      111      141      157      149      126      102       83       68       58       51       46       43      42
          80      84       90       98      110      127      152      189      244      325      430      515      500      387      264      176      120       85       62       47       37       29       24       20       17       15       13       12       10        9        9        8        8        7        7        7        7        6        6        6        6        7        7        7        7        8        8        9       10       11       12       13       15       17       19       22       25       29       34       39       45       51       57       62       67       70       72       73       74       75       76      77
          40      42       44       49       55       65       80      103      142      211      334      499      534      368      211      124       78       53       37       28       22       17       14       12       10        9        8        7        6        6        5        5        5        4        4        4        4        4        4        4        4        5        5        5        5        6        6        7        8        9       10       12       14       16       20       24       28       34       40       47       52       55       57       56       53       50       47       44       42       40       39      39
          32      33       34       37       41       46       54       65       81      106      145      203      271      303      258      180      119       79       55       40       30       23       19       15       13       11       10        8        8        7        6        6        6        5        5        5        5        5        5        5        5        5        5        6        6        6        7        8        8        9       11       12       14       16       19       22       26       30       34       38       41       42       43       42       41       39       37       35       33       32       32      31
          24      23       23       23       24       26       29       33       39       48       60       79      104      127      132      110       79       54       37       26       19       14       11        9        7        6        5        4        4        3        3        3        3        2        2        2        2        2        2        2        2        2        2        2        2        2        3        3        3        4        4        5        5        6        7        9       11       14       17       21       27       33       39       43       45       44       40       37       33       30       27      25
          16      16       16       16       17       18       20       22       26       32       40       54       76      114      173      223      200      133       81       51       34       24       18       14       11        9        7        6        5        5        4        4        4        3        3        3        3        3        3        3        3        3        3        3        3        4        4        5        5        6        7        8        9       11       14       18       22       29       37       46       53       56       53       47       40       34       29       25       22       20       18      17
          42      43       45       47       51       55       62       69       80       92      106      120      129      131      123      107       88       71       56       45       36       30       25       21       18       15       14       12       11       10        9        9        8        8        7        7        7        7        7        7        7        7        8        8        8        9        9       10       11       12       14       15       17       19       22       24       27       31       34       38       41       43       44       45       45       45       44       43       42       41       41      41
          25      26       28       30       33       37       42       50       60       76       98      128      165      196      199      169      127       92       66       49       37       29       23       19       16       14       12       11        9        9        8        7        7        7        6        6        6        6        6        6        6        7        7        7        8        8        9       10       11       12       14       15       17       20       22       25       27       29       31       32       33       32       32       30       29       28       27       26       25       25       24      25
          14      14       15       16       17       19       21       24       28       34       41       49       59       67       71       69       61       50       40       32       25       20       17       14       12       10        9        8        7        7        6        6        6        6        5        5        5        5        6        6        6        7        7        8        9       10       11       12       15       17       21       25       30       36       42       47       49       48       44       39       34       30       26       23       20       18       17       16       15       14       14      14
          20      21       21       23       24       27       31       36       43       54       69       92      123      155      169      149      111       78       55       39       29       22       18       14       12       10        9        7        7        6        5        5        5        4        4        4        4        4        4        4        4        4        5        5        5        6        6        7        7        8        9       11       13       15       17       20       23       26       29       32       33       33       32       31       29       27       25       23       22       21       20      20
           8       8        9        9       10       12       14       17       21       28       38       56       90      150      224      219      142       83       51       34       24       18       14       11        9        8        7        6        5        5        4        4        4        4        4        4        4        4        4        4        4        5        5        5        6        7        8        9       10       12       13       15       17       18       19       19       19       17       16       14       13       11       10        9        9        8        8        7        7        7        7       7
          15      16       16       17       19       20       22       25       29       34       42       52       67       86      107      120      113       90       65       46       33       24       18       14       11        9        7        6        5        5        4        4        3        3        3        3        2        2        2        2        2        2        2        2        2        2        2        2        2        3        3        3        3        3        4        4        5        5        6        6        7        8        8        9       10       11       12       12       13       13       14      15
           9       9       10       11       12       13       15       18       23       29       40       59       98      188      379      452      246      115       61       37       25       18       13       10        8        7        6        5        4        4        3        3        3        3        2        2        2        2        2        2        2        2        2        2        3        3        3        3        3        4        4        4        5        5        6        7        7        8        8        9        9        9        9        9        9        9        9        9        9        9        9       9
           6       6        6        7        7        8        9       10       12       15       20       27       38       55       78       94       84       59       39       26       18       13       10        8        6        5        4        4        3        3        3        2        2        2        2        2        2        2        2        2        2        2        2        2        3        3        3        4        4        5        6        7        8        9       11       13       14       15       15       15       13       12       11       10        9        8        7        7        6        6        6       6
          10      10       11       13       14       16       19       23       29       37       49       66       89      113      121      106       80       57       40       30       22       17       14       11       10        8        7        6        6        5        5        4        4        4        4        4        3        3        3        3        3        4        4        4        4        4        4        4        5        5        5        6        6        6        6        7        7        7        7        7        7        8        8        8        8        8        8        8        8        8        9       9
