SWAN 1
LOCATIONS
     1
     681726.07 2033118.57
AFREQ
     56
     0.0300
     0.0400
     0.0500
     0.0600
     0.0700
     0.0800
     0.0900
     0.1000
     0.1100
     0.1200
     0.1300
     0.1400
     0.1500
     0.1600
     0.1700
     0.1800
     0.1900
     0.2000
     0.2100
     0.2200
     0.2300
     0.2400
     0.2500
     0.2600
     0.2700
     0.2800
     0.2900
     0.3000
     0.3100
     0.3200
     0.3300
     0.3400
     0.3500
     0.3600
     0.3700
     0.3800
     0.3900
     0.4000
     0.4100
     0.4200
     0.4300
     0.4400
     0.4500
     0.4600
     0.4700
     0.4800
     0.4900
     0.5000
     0.5100
     0.5200
     0.5300
     0.5400
     0.5500
     0.5600
     0.5700
     0.5800
NDIR
     72
     5.0000
     10.0000
     15.0000
     20.0000
     25.0000
     30.0000
     35.0000
     40.0000
     45.0000
     50.0000
     55.0000
     60.0000
     65.0000
     70.0000
     75.0000
     80.0000
     85.0000
     90.0000
     95.0000
     100.0000
     105.0000
     110.0000
     115.0000
     120.0000
     125.0000
     130.0000
     135.0000
     140.0000
     145.0000
     150.0000
     155.0000
     160.0000
     165.0000
     170.0000
     175.0000
     180.0000
     185.0000
     190.0000
     195.0000
     200.0000
     205.0000
     210.0000
     215.0000
     220.0000
     225.0000
     230.0000
     235.0000
     240.0000
     245.0000
     250.0000
     255.0000
     260.0000
     265.0000
     270.0000
     275.0000
     280.0000
     285.0000
     290.0000
     295.0000
     300.0000
     305.0000
     310.0000
     315.0000
     320.0000
     325.0000
     330.0000
     335.0000
     340.0000
     345.0000
     350.0000
     355.0000
     360.0000
QUANT
     1
VaDens
m2/Hz/degr
     -999.000000
FACTOR
     1.00000E-06
          87     119      145      142      113       82       58       43       32       25       20       17       14       12       11       10        9        8        8        8        7        7        7        7        7        7        7        8        8        8        9        9        9       10       10       10       10       11       11       10       10       10        9        9        8        8        8        7        7        7        6        6        6        6        6        6        6        7        7        7        8        8        9       10       12       14       17       20       25       33       44      61
         291     676     1051      627      286      153       96       66       49       39       32       27       24       22       20       19       19       18       18       19       20       21       23       25       29       33       39       47       56       67       76       81       78       68       56       44       35       28       22       18       15       13       11       10        9        8        7        7        6        6        6        6        6        6        6        6        6        7        7        8        8        9       11       12       14       17       22       28       38       54       84     144
        3579   27251    12631     2082      811      433      272      188      140      109       89       74       64       56       51       46       43       41       39       38       38       38       39       40       42       44       47       51       57       64       73       84       99      118      141      169      199      225      240      237      219      192      163      137      116       98       85       74       66       60       55       51       49       47       46       45       45       46       48       50       54       58       65       73       85      102      126      163      224      331      552    1125
       31880  585432    26199     5402     2275     1240      777      532      387      295      234      191      160      136      119      105       95       87       80       75       71       68       66       65       64       64       65       66       68       71       75       80       86       95      105      118      135      156      185      224      278      353      462      626      873     1246     1756     2285     2515     2283     1826     1401     1086      867      717      613      542      493      462      444      437      443      460      492      542      619      736      920     1229     1799     3042    6722
       16731  210491  1642490    22110     6545     3091     1789     1164      819      609      473      380      314      265      229      202      180      164      151      141      133      127      123      120      118      118      119      122      125      131      138      147      158      173      192      217      248      289      343      417      520      667      883     1213     1723     2504     3562     4541     4717     3999     3044     2275     1740     1381     1138      972      856      777      725      694      680      684      705      746      812      912     1061     1290     1656     2287     3509    6405
        7305   22535   739167   151557    12570     4421     2213     1315      867      613      457      354      284      233      196      169      148      131      118      108      100       94       89       85       82       80       79       79       79       81       83       86       90       96      103      111      122      136      154      177      206      246      299      373      480      637      881     1274     1934     3031     4590     5801     5456     4127     2938     2145     1644     1324     1116      979      890      836      811      811      836      891      983     1129     1361     1743     2421    3793
       10044   27198   255415   222804    21609     7135     3447     1998     1291      898      659      504      399      324      269      229      198      174      155      140      128      118      110      104      100       96       93       92       91       91       92       93       96       99      104      110      117      126      138      152      169      190      217      251      294      350      422      515      637      795      993     1231     1491     1733     1904     1971     1934     1832     1704     1582     1482     1410     1369     1361     1391     1463     1591     1799     2129     2670     3619    5491
       30524  205264   157781    20434     6786     3224     1828     1155      784      562      420      325      258      210      174      147      127      110       98       87       79       72       67       62       59       56       53       52       50       50       49       49       50       50       52       53       55       58       62       66       71       77       85       94      105      119      136      157      184      217      260      314      384      473      585      724      888     1074     1268     1452     1612     1741     1846     1944     2058     2214     2450     2820     3429     4499     6607   11702
       31657   97485   151761    47456    15886     7389     4138     2597     1760     1261      944      731      582      474      395      334      288      251      223      199      181      166      153      143      135      128      123      119      116      114      112      112      113      114      116      119      124      129      135      143      153      164      178      194      213      236      263      295      333      379      432      496      570      656      754      864      984     1114     1252     1395     1546     1706     1881     2083     2329     2644     3071     3682     4612     6139     8929   14918
       31691  127144   233046    50200    15374     7046     3938     2474     1679     1206      903      700      557      455      378      320      275      240      212      190      172      157      145      135      127      120      114      110      107      104      103      102      102      102      104      106      109      112      117      122      129      137      146      158      171      186      204      225      249      278      311      350      395      447      506      574      650      736      833      940     1062     1200     1360     1551     1787     2090     2498     3078     3956     5401     8069   13952
       13831   37402   215592   133800    21210     7414     3595     2061     1309      893      641      479      370      294      239      198      167      143      124      110       98       88       80       74       69       64       61       58       56       54       53       52       52       52       52       53       55       56       59       61       65       69       74       80       87       96      107      120      135      154      177      206      241      284      337      402      480      575      685      812      954     1107     1270     1443     1631     1845     2107     2454     2949     3716     5027    7589
       10428   19581    46488    60492    23278     8343     3853     2110     1291      853      596      436      330      258      206      169      140      119      102       89       79       71       64       59       54       51       48       45       43       42       41       40       40       40       40       41       42       43       45       47       49       53       57       62       68       76       85       96      110      128      151      181      220      271      341      435      565      744      989     1318     1731     2199     2650     3002     3219     3333     3417     3550     3809     4293     5178    6862
       22834   32734    27977    17157    10274     6598     4542     3301     2498     1948     1554     1263     1040      867      729      619      529      455      395      344      302      267      238      213      192      174      159      146      135      126      118      111      105      100       96       93       90       89       87       86       86       86       87       88       90       93       96      101      106      112      119      128      139      152      167      186      209      237      271      315      371      442      536      662      835     1079     1436     1980     2854     4352     7125   12613
       34412   37682    26983    17046    11135     7684     5531     4094     3083     2348     1804     1396     1088      856      680      545      442      363      301      252      214      183      158      139      122      109       98       89       81       75       70       65       62       59       56       55       53       52       51       51       51       52       53       54       56       58       60       64       68       73       79       86       95      106      119      135      155      181      213      255      311      384      485      627      830     1133     1603     2366     3684     6124    10963   20592
        9547   14138    20520    23102    16713     9309     5095     2972     1858     1232      857      620      464      357      281      226      186      155      131      113       98       86       77       69       63       58       53       50       47       45       43       41       40       39       39       38       39       39       40       41       42       43       46       48       51       55       59       65       71       79       89      101      115      133      155      183      218      263      321      395      491      615      776      982     1243     1571     1977     2481     3113     3938     5081    6790
        7302   13586    27630    40257    26371    12476     6472     3804     2454     1693     1227      924      717      570      463      383      322      274      236      206      182      162      145      132      120      111      103       96       90       85       81       78       76       73       72       71       70       70       70       70       71       72       74       76       79       83       87       91       97      104      111      120      131      143      158      175      195      220      249      284      327      379      444      526      631      768      951     1202     1561     2099     2956    4440
        5747    8002     9965    10682     9893     8203     6327     4670     3361     2394     1705     1225      891      659      495      379      296      234      189      154      128      107       91       79       69       60       54       48       44       40       37       34       32       31       29       28       27       27       26       26       26       26       26       27       28       29       30       31       33       36       38       42       46       51       57       64       74       85      100      118      142      174      216      273      351      462      622      858     1213     1760     2606    3898
        5195    8738     9958     6845     3940     2371     1547     1081      797      612      486      396      330      279      240      209      184      163      146      132      120      109      101       93       86       81       76       71       67       64       61       59       56       55       53       52       51       50       49       49       49       49       49       50       50       52       53       55       57       59       62       66       70       75       81       88       96      107      119      134      153      176      206      244      296      365      463      605      823     1174     1786    2937
        4414    9151    16041    13791     7293     3940     2407     1623     1175      897      711      580      484      411      354      308      271      240      213      191      171      154      140      127      115      105       97       89       82       76       71       66       62       59       56       53       51       49       48       46       45       45       44       44       44       45       45       46       47       49       51       54       57       60       65       70       77       85       94      106      121      140      164      195      237      293      373      488      663      945     1436    2377
        3653    5159     6225     6048     4941     3720     2750     2049     1548     1185      917      717      566      450      360      291      238      196      163      137      116       99       85       74       65       58       52       47       43       39       36       34       31       30       28       27       26       25       25       25       24       24       25       25       26       26       27       28       30       32       34       37       40       43       48       54       61       69       79       93      109      131      159      197      247      317      416      559      773     1100     1616    2431
        2720    3194     3413     3215     2679     2048     1500     1087      794      589      445      342      268      214      173      142      119      100       86       74       65       57       51       46       42       38       36       33       31       29       28       27       26       25       25       25       24       24       25       25       26       26       27       28       30       32       34       36       39       43       47       52       58       66       74       85       98      115      135      160      192      231      282      346      427      532      667      842     1067     1359     1733    2196
        3204    2786     2201     1665     1248      941      719      557      439      350      283      231      191      160      135      115       99       86       76       67       60       54       49       44       41       38       35       33       31       30       28       27       27       26       26       25       25       25       25       26       26       27       28       29       31       33       35       37       40       44       48       53       59       67       76       87      100      117      138      165      200      246      306      386      497      650      865     1169     1594     2147     2758    3197
        3709    5416     5378     3751     2358     1530     1053      763      577      450      361      295      245      206      175      150      130      113       99       87       78       69       62       56       51       46       43       39       37       34       32       30       29       27       26       25       25       24       24       23       23       23       23       24       24       25       26       27       28       29       31       33       36       39       42       47       52       59       67       76       89      105      125      152      189      240      312      420      586      859     1335    2201
        3250    2485     1827     1371     1065      855      704      592      503      432      371      319      275      235      202      172      147      126      108       93       81       70       61       54       48       43       39       35       32       29       27       25       24       23       22       21       20       20       19       19       19       19       19       20       20       21       22       23       24       26       28       30       33       37       41       47       54       62       74       88      107      133      168      219      293      405      581      870     1354     2123     3081    3614
        1401    1548     1515     1367     1189     1026      889      774      675      585      502      425      354      291      237      192      155      125      102       84       69       58       49       42       36       31       27       24       22       20       18       17       15       14       13       13       12       12       12       11       11       11       11       11       11       12       12       13       13       14       15       16       18       19       22       24       27       31       36       43       51       62       76       96      122      160      214      293      410      582      823    1121
         937     696      535      429      359      311      278      254      237      224      214      205      196      186      174      160      145      129      113       97       84       72       61       53       45       39       34       30       27       24       22       20       18       17       16       15       14       14       13       13       13       13       13       13       13       13       14       14       15       16       17       18       20       22       25       28       32       37       44       53       66       82      106      142      195      280      419      650     1000     1374     1482    1250
        1315    1377     1362     1256     1077      869      674      512      388      295      227      177      141      113       92       77       64       55       47       41       36       32       29       26       24       22       21       19       18       17       17       16       16       16       15       15       15       16       16       16       17       18       18       19       21       22       24       26       29       32       36       41       47       54       62       73       86      103      124      151      184      226      277      340      414      502      601      710      828      954     1083    1208
        1015     917      821      740      678      631      594      563      532      495      450      398      341      284      232      188      151      122       98       80       66       55       47       40       35       30       27       24       21       19       18       16       15       14       14       13       13       12       12       12       12       12       12       12       13       13       14       14       15       17       18       20       22       24       27       31       36       42       51       61       75       94      120      157      209      284      392      540      726      916     1047    1074
         329     260      217      189      171      161      156      155      158      165      175      189      204      218      226      222      205      178      147      118       94       74       59       48       39       33       27       24       20       18       16       14       13       12       11       10       10        9        9        9        9        9        9        9        9        9       10       10       11       12       13       14       15       17       20       23       27       32       39       49       64       85      117      170      261      423      698     1033     1126      893      623     440
         409     361      332      319      317      325      342      362      380      384      363      316      256      196      147      110       83       64       50       40       32       26       22       19       16       14       12       11       10        9        8        8        7        7        7        6        6        6        6        6        6        6        6        7        7        7        8        8        9       10       11       13       14       16       19       23       27       34       42       55       72       98      139      204      308      471      682      850      856      734      593     483
         354     300      251      211      182      161      147      137      131      128      127      128      131      134      137      138      135      128      117      103       89       74       62       51       42       35       30       25       22       19       17       15       13       12       11       10        9        9        8        8        8        8        7        7        7        7        8        8        8        8        9       10       10       11       12       14       16       18       21       25       29       36       45       57       74       99      135      186      254      329      383     390
         228     207      192      182      176      176      181      191      208      231      262      297      329      341      321      272      213      160      119       89       67       52       41       33       27       23       19       17       15       13       12       10       10        9        8        8        7        7        7        7        7        7        7        7        7        7        8        8        9        9       10       11       12       14       15       18       21       24       29       36       44       56       72       94      124      162      207      251      281      288      275     252
         145     145      148      156      170      191      221      262      313      364      391      366      298      222      159      114       83       62       48       37       30       25       21       17       15       13       12       10       10        9        8        8        7        7        7        6        6        6        6        6        6        7        7        7        8        8        9       10       11       12       14       15       18       21       25       30       37       47       60       77      100      129      163      197      222      230      223      207      188      172      159     150
         295     255      221      194      175      162      155      151      151      154      157      160      159      153      140      122      102       82       65       52       41       33       27       22       18       15       13       11       10        9        8        7        6        6        5        5        5        5        4        4        4        4        4        4        4        4        5        5        5        5        6        6        7        8        9       10       11       13       15       18       23       28       36       47       62       85      118      164      225      287      326     325
         194     162      141      129      122      120      122      129      140      155      172      189      196      186      159      125       94       69       52       39       30       23       19       15       13       11        9        8        7        6        5        5        5        4        4        4        4        3        3        3        3        3        3        3        4        4        4        4        4        5        5        6        7        7        9       10       12       14       18       22       28       38       52       73      108      164      248      348      406      379      308     242
         131     107       91       80       73       70       68       68       71       75       81       89       98      108      114      115      106       91       74       58       45       35       28       22       18       15       12       10        9        8        7        6        6        5        5        4        4        4        4        4        4        4        4        4        4        4        4        4        4        5        5        6        6        7        8       10       11       14       17       21       27       36       49       70      103      158      238      320      343      293      223     168
         202     292      396      464      451      381      302      239      193      160      136      119      105       94       85       77       70       63       57       51       45       39       34       30       26       23       20       17       15       13       12       10        9        8        8        7        6        6        6        5        5        5        5        5        5        4        4        5        5        5        5        5        5        6        6        6        7        8        9       10       11       13       15       17       21       25       32       40       52       70       97     139
         269     263      239      211      185      164      147      135      126      120      116      113      111      109      105      101       94       86       76       67       57       48       40       34       29       24       21       18       15       13       12       11       10        9        8        7        7        6        6        6        6        6        5        5        5        5        6        6        6        6        6        7        7        8        9       10       11       12       14       16       19       23       28       34       43       55       72       95      126      167      212     251
          75      76       77       80       85       92      102      117      136      161      188      209      212      188      150      112       81       60       44       34       26       21       17       14       12       10        9        8        7        6        5        5        5        4        4        4        4        4        4        4        4        4        4        4        4        4        4        5        5        5        6        7        7        8        9       11       13       15       18       21       25       30       37       44       51       59       66       71       74       75       76      75
         200     222      226      212      186      156      128      106       87       73       61       52       45       39       35       31       28       25       23       21       19       18       16       15       14       13       13       12       11       11       10       10       10        9        9        9        9        9        8        8        8        8        8        9        9        9        9        9       10       10       10       11       12       12       13       14       16       17       19       21       24       27       31       36       42       50       60       73       90      111      138     169
         140     114       96       83       75       70       68       67       68       70       73       75       76       74       69       60       50       40       32       25       20       16       13       10        8        7        6        5        4        4        3        3        3        3        2        2        2        2        2        2        2        2        2        2        2        2        2        2        2        3        3        3        3        4        4        5        6        7        8       10       13       16       22       29       40       58       85      124      169      201      198     171
          47      41       37       34       33       33       33       35       39       44       51       61       74       88       98       95       80       60       43       31       22       17       13       10        8        7        5        5        4        3        3        3        2        2        2        2        2        2        2        2        2        2        2        2        2        2        2        2        2        2        3        3        4        4        5        6        7        9       11       14       19       26       38       57       88      129      161      158      128       96       73      58
          18      17       16       15       15       16       17       18       21       24       30       37       47       57       61       55       43       30       21       15       11        8        6        5        4        3        3        2        2        2        1        1        1        1        1        1        1        1        1        1        1        1        1        1        1        1        1        1        1        2        2        2        2        3        4        4        6        7       10       14       21       32       52       83      114      114       86       60       42       32       25      21
          27      24       23       22       22       22       23       25       28       33       39       47       58       69       75       71       58       43       31       22       16       12        9        7        6        5        4        3        3        3        2        2        2        2        2        1        1        1        1        1        1        1        1        1        1        2        2        2        2        2        2        3        3        4        5        6        7        9       11       14       20       27       38       52       67       76       74       64       52       43       36      30
          23      21       21       20       21       21       23       25       27       31       36       42       50       57       61       59       51       41       32       24       18       14       11        9        7        6        5        4        4        3        3        3        2        2        2        2        2        2        2        2        2        2        2        2        2        2        2        3        3        3        4        4        5        5        6        8       10       12       15       19       25       32       39       46       50       49       45       40       35       31       27      25
          21      20       18       18       18       18       18       19       21       23       26       30       33       37       39       39       35       30       24       19       15       12        9        8        6        5        4        4        3        3        3        2        2        2        2        2        2        2        1        1        1        1        2        2        2        2        2        2        2        3        3        3        4        4        5        6        8       10       13       17       23       31       41       53       61       62       56       47       39       33       28      24
          44      40       38       35       34       33       33       34       35       38       41       45       50       55       59       60       57       51       42       34       27       21       16       13       10        9        7        6        5        4        4        3        3        3        3        2        2        2        2        2        2        2        2        2        2        2        2        2        2        2        3        3        3        4        4        5        5        6        7        9       11       13       17       21       26       33       39       46       50       52       50      47
          25      24       23       23       23       23       24       25       28       31       35       40       46       53       60       62       59       51       41       32       24       19       15       12        9        8        6        5        5        4        4        3        3        3        2        2        2        2        2        2        2        2        2        2        2        2        2        2        2        3        3        3        4        4        5        5        6        7        9       11       13       16       19       23       26       30       32       33       32       31       29      27
          15      14       14       13       13       13       13       13       14       14       15       16       17       18       19       20       21       20       19       17       15       13       11        9        8        7        6        5        4        4        3        3        3        2        2        2        2        2        2        2        2        2        2        2        2        2        2        2        2        2        2        2        3        3        3        4        4        5        6        7        8        9       11       12       14       15       16       17       17       17       16      16
          57      50       43       37       32       28       24       22       20       19       18       17       17       16       16       16       16       16       16       16       16       16       16       15       14       13       12       11       10        9        8        7        6        6        5        5        4        4        4        4        3        3        3        3        3        3        3        3        3        3        3        3        4        4        4        5        5        6        7        8        9       11       13       16       19       25       31       39       48       57       62      62
          17      14       11       10        9        8        7        7        7        7        7        7        7        8        9        9       11       12       13       14       14       14       13       11        9        7        6        5        4        3        3        2        2        2        1        1        1        1        1        1        1        1        1        1        1        1        1        1        1        1        1        1        1        1        1        2        2        2        3        4        5        6        8       11       16       23       31       38       40       36       29      22
          30      26       23       21       19       17       16       16       15       15       14       14       14       13       13       12       11       10        9        8        7        6        5        4        4        3        3        2        2        2        2        2        1        1        1        1        1        1        1        1        1        1        1        1        1        1        1        1        1        1        1        2        2        2        2        3        3        4        5        6        8       10       12       16       21       28       35       41       44       44       40      35
          14      16       18       20       22       23       23       23       22       20       19       17       15       13       11       10        9        8        7        6        5        4        4        4        3        3        3        2        2        2        2        2        1        1        1        1        1        1        1        1        1        1        1        1        1        1        1        1        1        1        1        1        1        1        2        2        2        2        2        2        3        3        3        4        4        5        6        7        8        9       10      12
           9       8        7        7        6        6        6        6        6        6        6        6        7        7        8        8        9       10       11       11       11       11       10        9        8        7        6        5        4        4        3        3        2        2        2        2        1        1        1        1        1        1        1        1        1        1        1        1        1        1        1        1        2        2        2        2        3        3        4        4        5        6        7        8       10       11       12       12       12       12       11      10
          10       9        7        7        6        6        5        5        5        5        5        6        6        7        8        9       10       11       12       12       12       11        9        8        6        5        4        3        3        2        2        1        1        1        1        1        1        1        1        1        1        0        0        0        0        0        1        1        1        1        1        1        1        1        1        2        2        2        3        4        5        6        8       12       16       21       25       26       24       20       16      13
           9       9        8        8        8        8        8        8        9       10       11       13       15       19       24       30       36       39       36       29       22       16       11        8        6        5        4        3        3        2        2        2        1        1        1        1        1        1        1        1        1        1        1        1        1        1        1        1        1        1        1        2        2        2        2        3        4        4        5        7        8       11       13       16       18       18       18       17       15       13       12      10
