SWAN 1
LOCATIONS
     1
     681726.07 2033118.57
AFREQ
     56
     0.0300
     0.0400
     0.0500
     0.0600
     0.0700
     0.0800
     0.0900
     0.1000
     0.1100
     0.1200
     0.1300
     0.1400
     0.1500
     0.1600
     0.1700
     0.1800
     0.1900
     0.2000
     0.2100
     0.2200
     0.2300
     0.2400
     0.2500
     0.2600
     0.2700
     0.2800
     0.2900
     0.3000
     0.3100
     0.3200
     0.3300
     0.3400
     0.3500
     0.3600
     0.3700
     0.3800
     0.3900
     0.4000
     0.4100
     0.4200
     0.4300
     0.4400
     0.4500
     0.4600
     0.4700
     0.4800
     0.4900
     0.5000
     0.5100
     0.5200
     0.5300
     0.5400
     0.5500
     0.5600
     0.5700
     0.5800
NDIR
     72
     5.0000
     10.0000
     15.0000
     20.0000
     25.0000
     30.0000
     35.0000
     40.0000
     45.0000
     50.0000
     55.0000
     60.0000
     65.0000
     70.0000
     75.0000
     80.0000
     85.0000
     90.0000
     95.0000
     100.0000
     105.0000
     110.0000
     115.0000
     120.0000
     125.0000
     130.0000
     135.0000
     140.0000
     145.0000
     150.0000
     155.0000
     160.0000
     165.0000
     170.0000
     175.0000
     180.0000
     185.0000
     190.0000
     195.0000
     200.0000
     205.0000
     210.0000
     215.0000
     220.0000
     225.0000
     230.0000
     235.0000
     240.0000
     245.0000
     250.0000
     255.0000
     260.0000
     265.0000
     270.0000
     275.0000
     280.0000
     285.0000
     290.0000
     295.0000
     300.0000
     305.0000
     310.0000
     315.0000
     320.0000
     325.0000
     330.0000
     335.0000
     340.0000
     345.0000
     350.0000
     355.0000
     360.0000
QUANT
     1
VaDens
m2/Hz/degr
     -999.000000
FACTOR
     1.00000E-06
          15      14       14       14       14       14       13       13       13       13       12       12       11       11       10        9        9        8        7        7        6        6        5        5        4        4        4        4        3        3        3        3        3        3        3        3        3        3        3        3        3        3        3        3        4        4        4        5        5        6        6        7        8        9       10       12       13       15       16       17       18       19       19       19       19       18       18       17       16       16       15      15
         327     272      216      170      135      109       90       75       64       56       50       45       41       37       35       33       32       31       30       29       29       29       30       30       31       32       33       34       36       37       39       41       42       44       45       46       47       47       47       46       45       44       42       41       40       39       38       37       36       36       36       36       36       37       38       40       42       45       49       53       59       67       77       91      109      133      165      208      261      316      357     362
        2988    1468      852      556      395      298      236      193      163      142      126      114      105       98       93       90       88       87       87       88       91       94       98      104      112      120      131      143      156      171      185      199      209      215      215      209      199      185      170      155      141      128      117      108      100       93       88       84       81       79       78       78       79       81       84       88       94      101      112      125      143      168      202      251      325      444      650     1047     1940     4273     8403    6708
       11867    6517     3940     2586     1809     1328     1014      799      646      535      451      387      337      297      265      240      219      202      188      177      168      160      154      149      146      144      142      142      142      144      146      149      153      159      165      173      181      192      204      217      232      250      269      291      316      343      372      405      441      479      522      567      617      672      733      801      880      973     1084     1221     1394     1622     1929     2362     3001     3999     5679     8759    14854    25750    32433   22486
       17370    8948     5442     3662     2640     2003     1581     1287     1077      921      803      713      643      588      545      511      485      466      452      443      438      438      443      451      465      483      507      537      575      621      677      746      829      929     1049     1191     1356     1545     1751     1963     2165     2332     2445     2491     2471     2398     2292     2172     2052     1944     1853     1782     1733     1707     1706     1731     1787     1878     2014     2210     2486     2882     3460     4342     5769     8293    13421    26663    84262  1083150   392097   47134
       39933   16454     8952     5645     3904     2879     2226     1786     1476     1251     1082      953      853      775      713      664      624      593      569      551      538      528      523      521      523      527      534      544      556      570      586      603      621      640      659      677      694      710      724      736      746      754      761      766      770      774      780      787      796      809      826      849      879      917      965     1027     1105     1204     1333     1500     1721     2021     2439     3045     3970     5478     8193    13859    29102    99141   562692  193251
       27533   10982     5853     3639     2489     1818     1393     1109      909      763      654      571      506      455      414      381      354      332      315      300      288      279      272      266      262      260      258      258      258      260      262      265      269      273      278      283      288      294      300      306      312      319      326      334      342      350      360      371      383      398      414      434      458      486      519      560      611      674      753      855      988     1167     1414     1769     2304     3166     4689     7776    15619    46397   219724  127188
       28080   12319     6752     4198     2833     2025     1513     1169      929      756      628      530      455      396      349      311      280      255      234      217      203      192      182      174      168      163      160      157      156      156      156      158      161      165      170      176      183      192      203      215      230      247      267      290      316      347      383      423      471      525      588      661      744      840      951     1079     1229     1407     1619     1880     2208     2633     3206     4018     5238     7222    10827    18572    40898   159230   462474  104198
       25251   16556    11047     7558     5306     3820     2814     2119     1628     1274     1015      822      675      562      475      406      351      307      271      242      218      198      182      168      157      147      140      133      128      124      121      119      118      118      118      120      122      125      129      135      141      150      159      171      185      203      223      248      279      316      363      421      494      587      706      863     1070     1349     1730     2263     3020     4121     5758     8252    12136    18282    27927    41875    57041    63047    53790   38219
       27686   18055    11946     8142     5718     4123     3043     2293     1761     1376     1092      880      719      595      499      423      363      315      276      244      218      196      178      163      151      141      132      125      119      114      110      108      105      104      103      104      104      106      108      111      116      121      127      134      144      155      168      184      203      226      254      289      331      385      452      537      647      791      981     1239     1593     2091     2808     3870     5494     8065    12280    19314    30456    43815    49159   40496
       31001   14484     7670     4520     2883     1952     1384     1018      772      601      478      388      321      269      229      198      173      153      136      123      112      103       95       89       84       80       76       74       72       70       69       69       69       69       70       72       74       77       80       84       89       95      103      112      122      135      150      168      191      218      252      294      346      412      495      601      736      910     1135     1427     1807     2305     2964     3853     5089     6898     9741    14676    24360    45104    75529   64773
       20577   40268    44842    20945     8703     4281     2423     1513     1014      718      530      404      318      256      210      176      150      130      114      101       91       83       76       70       66       62       59       57       55       54       53       53       53       54       55       56       58       61       64       68       73       79       86       95      105      119      135      156      182      216      259      316      391      492      627      809     1052     1369     1760     2199     2632     2987     3227     3364     3453     3558     3744     4081     4672     5711     7626   11521
       15761   15295    12284     8448     5430     3484     2299     1572     1114      816      615      475      376      304      250      209      178      153      133      118      105       95       87       80       74       69       66       63       60       58       57       56       56       56       56       57       58       60       63       66       70       74       80       87       95      105      117      133      152      176      206      244      295      361      449      569      733      963     1286     1741     2374     3222     4281     5458     6588     7529     8272     8946     9738    10838    12380   14272
        3122    3968     5653     9287    16638    20469    11641     5127     2526     1418      879      586      412      303      231      181      146      120      100       85       74       65       58       52       47       43       40       38       36       34       33       32       31       31       31       31       32       33       34       35       37       39       42       45       49       55       61       69       79       92      109      131      161      201      258      340      464      657      971     1504     2420     3878     5547     6222     5495     4368     3488     2924     2604     2468     2490    2686
       10448   10177     9520     8291     6637     4955     3552     2516     1794     1301      963      729      563      444      357      292      243      205      175      152      133      118      106       96       88       81       76       71       68       65       62       61       59       59       58       59       59       60       62       64       67       70       75       80       86       94      103      115      129      147      169      197      233      280      341      424      538      698      926     1263     1769     2545     3736     5504     7861    10355    12090    12561    12146    11484    10948   10632
        7736    7366     7265     7229     6989     6296     5156     3875     2764     1937     1365      980      719      541      416      327      262      214      178      150      128      111       97       86       78       70       65       60       56       52       50       48       46       45       44       44       44       44       44       45       47       49       51       54       57       62       67       73       81       91      103      118      138      163      195      238      297      378      494      665      927     1346     2049     3291     5561     9533    14759    17504    15700    12501    10059    8557
       16012   14659     9335     5210     2989     1832     1196      824      593      443      341      269      218      180      151      129      111       98       87       78       71       65       61       57       54       51       49       48       47       46       46       46       46       47       48       50       52       55       59       63       68       74       82       92      103      118      137      160      191      231      284      355      453      589      782     1054     1434     1945     2571     3221     3740     4012     4060     3997     3941     3975     4162     4574     5332     6656     8937   12532
        6147    8473     9126     6710     3964     2301     1410      920      634      457      342      265      210      171      141      119      102       89       79       70       64       58       54       50       47       45       43       42       41       40       40       40       40       41       42       43       45       47       50       54       58       64       70       78       88      101      117      136      162      194      237      293      368      467      596      760      959     1177     1384     1543     1634     1660     1649     1629     1624     1651     1727     1873     2119     2524     3191    4312
        6810    7948     7820     6301     4442     2992     2030     1416     1020      758      580      454      364      297      247      209      179      156      137      122      110      100       91       85       79       74       71       68       65       63       62       61       61       61       62       62       64       66       68       71       75       80       85       91       99      108      119      131      147      165      187      212      244      281      325      378      440      513      598      695      805      930     1070     1229     1413     1631     1898     2240     2694     3316     4186    5375
       10820   12829     7786     3801     2022     1203      781      542      395      300      235      189      156      131      112       98       86       77       70       64       59       55       52       50       48       46       45       45       45       45       45       46       47       49       51       54       57       61       66       72       79       87       97      109      123      140      161      185      213      246      282      321      362      402      440      473      502      525      546      566      589      617      654      706      779      884     1038     1273     1650     2301     3535    6096
        5756    5274     3147     1689      963      596      396      277      204      155      121       98       80       67       57       50       44       39       35       32       30       28       26       25       24       23       22       22       22       22       22       22       23       24       25       26       28       30       33       36       40       45       51       59       68       80       96      117      145      182      231      297      383      490      611      728      816      856      852      821      783      750      732      732      756      810      906     1065     1331     1791     2625    4094
        2556    3303     3673     3213     2310     1538     1028      711      511      382      294      233      190      158      133      115      101       89       80       73       67       63       59       56       54       52       51       50       50       50       51       52       54       56       59       62       67       72       79       87       96      108      123      142      164      193      228      271      324      385      454      525      591      642      673      681      672      652      628      606      589      580      580      591      615      656      719      811      947     1148     1450    1905
        1073    1452     2126     3252     4358     3861     2345     1302      763      482      325      231      171      131      104       84       70       59       51       44       39       35       32       29       27       25       24       23       22       22       21       21       21       21       22       22       23       24       26       27       29       32       35       39       44       51       59       69       83      101      126      159      206      273      367      498      668      855     1004     1056     1007      904      796      706      639      596      574      572      592      638      718     852
         793    1251     2257     4087     4257     2226     1047      559      336      220      154      113       87       68       56       46       39       34       29       26       24       22       20       19       18       17       16       16       15       15       15       15       16       16       17       18       19       20       22       24       27       30       34       40       47       56       68       86      110      145      196      274      389      550      731      849      833      718      584      474      394      339      301      278      265      261      267      283      311      358      435     563
         470     566      716      949     1280     1615     1654     1291      853      545      358      246      176      131      101       80       65       54       46       39       34       30       27       25       23       21       20       19       18       18       17       17       17       17       17       18       18       19       20       22       23       25       28       31       36       41       48       57       69       86      111      146      200      288      439      715     1230     2046     2612     2223     1519     1030      744      576      473      410      372      351      345      351      372     409
         747     916     1187     1618     2230     2754     2577     1810     1123      699      456      313      225      168      129      103       83       69       59       50       44       39       35       32       29       27       25       24       23       22       22       21       21       21       22       22       23       24       25       26       28       30       33       37       41       46       53       62       74       89      110      138      177      233      315      433      602      821     1048     1189     1180     1058      906      772      671      600      555      530      526      540      577     642
         326     399      500      632      776      870      841      697      523      379      276      205      157      123       99       81       68       58       51       45       40       36       34       31       29       28       27       26       25       25       25       25       26       27       28       29       31       33       35       39       43       48       54       62       71       83       98      117      140      168      198      230      257      276      283      277      263      245      226      208      194      182      174      169      167      168      172      180      193      211      237     274
         268     361      535      901     1782     3404     3076     1408      654      356      219      147      105       78       61       49       40       34       29       26       23       20       19       17       16       15       15       14       14       14       14       14       14       15       15       16       17       19       20       22       25       29       33       39       47       58       74       97      131      187      279      437      693      984     1054      842      592      417      309      241      197      169      150      137      130      127      127      132      141      155      177     212
         801    1055     1292     1309     1049      723      478      322      225      163      123       95       76       62       52       44       38       33       29       26       24       22       21       19       18       18       17       17       17       16       17       17       17       18       18       19       21       22       24       26       29       32       37       42       49       57       68       82      100      123      153      190      232      276      315      341      350      343      327      307      288      273      262      257      257      264      279      304      341      398      483     611
         342     417      526      676      845      939      859      654      453      308      215      155      115       88       70       56       47       39       34       29       26       23       21       19       18       17       16       15       15       14       14       14       14       14       15       15       16       16       18       19       20       22       25       28       32       37       44       52       63       79       99      128      168      224      297      381      459      500      490      445      387      335      293      262      240      226      219      218      223      236      258     292
         162     213      305      485      845     1290     1110      592      304      173      108       73       52       39       30       24       20       16       14       12       11       10        9        8        7        7        6        6        6        6        6        6        6        6        6        6        7        7        8        8        9       10       11       13       15       18       22       27       34       44       58       81      117      174      262      368      433      403      320      242      187      149      125      109       98       92       89       90       93      100      112     131
         234     279      335      387      409      377      305      227      164      119       88       67       52       41       33       28       23       20       17       15       14       12       11       11       10        9        9        9        8        8        8        8        8        8        9        9        9       10       11       12       13       14       16       18       21       24       29       35       43       54       70       92      123      167      224      288      337      351      328      287      245      210      184      165      152      145      142      143      149      159      175     200
          61      65       71       82       99      125      170      252      405      653      778      548      299      167      102       67       47       34       26       21       17       14       12       10        9        8        7        7        6        6        5        5        5        5        5        5        5        5        5        5        6        6        6        7        8        9       10       11       13       16       20       25       32       43       59       87      135      221      359      492      475      347      236      166      124       99       82       72       65       61       59      59
         143     173      217      285      384      512      613      589      453      310      208      144      103       77       59       47       38       32       27       23       20       18       16       15       14       13       12       12       12       11       11       11       11       12       12       12       13       14       15       16       18       20       23       26       31       37       45       55       70       91      119      158      208      262      301      308      282      241      201      168      142      124      110      101       95       91       90       91       94      100      109     123
         116     136      163      199      244      292      327      324      282      223      168      125       95       73       58       47       38       32       28       24       21       19       17       16       15       14       13       13       12       12       12       12       12       12       13       13       14       15       16       18       19       22       24       28       32       38       45       55       67       83      102      123      146      163      172      170      159      144      128      114      102       93       86       81       77       76       75       77       80       85       92     102
          54      60       68       80       95      114      138      164      185      191      176      148      117       91       70       55       44       36       30       25       22       19       17       15       14       13       12       11       11       11       10       10       10       10       11       11       11       12       13       14       15       17       19       21       24       28       33       39       46       55       66       77       88       96      100       98       92       84       75       67       60       55       50       47       45       43       42       42       42       44       46      49
          74      79       86       95      108      124      145      168      192      208      209      191      162      130      102       80       63       51       41       34       29       25       22       19       17       15       14       13       12       12       11       11       11       11       10       11       11       11       11       12       13       14       15       16       18       20       23       27       31       37       44       54       67       83      102      124      145      160      164      159      146      130      115      102       92       84       78       74       71       70       70      71
          75      79       84       90       98      107      116      125      132      133      128      118      104       89       75       62       52       44       37       32       28       24       21       19       18       16       15       14       13       13       12       12       12       12       12       12       12       13       13       14       15       16       17       19       22       24       28       33       39       46       56       70       87      110      137      165      190      203      200      185      164      143      125      109       98       89       82       77       74       73       72      73
         138     163      199      247      304      354      367      326      255      187      135       99       74       57       45       36       30       25       22       19       17       15       13       12       11       11       10       10        9        9        9        9        9        9        9       10       10       11       12       13       14       15       17       19       22       25       29       35       42       52       64       79       97      118      138      152      159      156      147      135      122      111      103       96       91       88       88       89       92       98      107     119
          89      87       86       86       88       90       94       98      103      108      112      115      114      111      104       94       83       73       62       53       46       39       34       30       26       23       21       19       17       16       15       14       13       13       12       12       12       12       12       12       12       12       13       13       14       15       16       18       19       21       24       27       31       36       42       50       60       71       85      100      116      130      140      144      143      137      128      119      110      103       97      92
          65      73       82       93      106      120      134      145      149      144      132      115       97       81       67       56       47       40       34       30       27       24       21       20       18       17       16       15       15       14       14       14       14       14       14       14       14       15       16       17       17       19       20       22       23       25       27       30       32       35       37       40       42       43       45       45       46       45       45       44       44       43       43       43       43       44       45       46       48       51       55      60
          34      38       43       50       59       72       88      109      131      147      147      131      106       82       63       48       38       31       25       21       18       15       14       12       11       10        9        9        9        8        8        8        8        8        8        8        9        9       10       11       12       13       14       16       19       22       26       30       36       44       52       60       67       71       71       67       62       55       49       44       39       35       32       30       29       28       27       27       27       28       29      31
          48      52       57       63       68       74       79       83       85       83       80       74       68       60       54       47       42       37       33       29       26       24       22       20       19       17       16       16       15       14       14       14       13       13       13       13       13       13       13       14       14       14       15       15       16       16       17       18       18       19       19       20       21       21       22       22       23       24       24       25       25       26       27       28       29       30       32       33       35       38       40      44
          14      15       17       19       22       26       32       41       54       74      100      126      135      117       87       62       44       32       24       19       15       13       11        9        8        7        7        6        6        5        5        5        5        5        5        5        5        6        6        6        7        8        9       10       12       14       17       20       25       32       41       51       60       65       63       56       47       39       32       27       23       20       17       16       14       13       13       12       12       12       13      13
          38      40       43       46       50       55       61       69       78       87       95      100      101       95       86       74       62       52       43       36       30       26       22       19       17       15       14       13       12       11       10       10        9        9        9        9        9        9        9        9        9       10       10       11       12       13       14       15       16       18       20       22       25       28       30       33       36       38       40       41       41       41       40       40       39       38       37       36       36       36       36      37
          14      16       18       22       26       32       40       51       63       72       73       65       52       39       30       23       18       14       11       10        8        7        6        5        5        5        4        4        4        4        4        4        4        4        4        4        4        4        4        5        5        6        7        7        8       10       11       13       15       17       19       20       21       21       21       20       18       17       16       14       13       12       11       11       11       10       10       10       11       11       12      13
          11      11       12       14       16       18       22       28       36       48       62       75       76       64       48       34       24       17       13       10        8        7        5        5        4        3        3        3        3        2        2        2        2        2        2        2        2        2        2        2        2        3        3        3        3        4        4        5        6        7        9       11       13       16       20       23       26       27       26       24       22       19       17       15       13       12       11       11       10       10       10      10
          27      30       33       38       45       53       64       78       95      111      121      120      107       89       71       56       44       36       29       24       21       18       16       14       13       11       11       10        9        9        9        9        9        9        9        9        9       10       10       11       11       12       13       15       16       18       20       22       25       27       29       31       32       33       33       32       30       29       27       26       24       23       22       21       21       20       20       21       21       22       23      25
          25      28       33       38       45       54       66       81       97      113      123      122      111       95       79       64       53       44       37       31       27       24       22       20       18       17       17       16       16       15       15       15       16       16       17       18       19       20       22       24       26       28       31       34       36       38       39       40       39       37       35       33       30       28       25       23       22       20       19       18       17       17       16       16       16       16       17       17       18       19       21      23
           9      10       11       13       15       18       22       28       36       47       63       81       96       97       84       66       50       38       29       23       19       16       13       12       10       10        9        8        8        8        7        7        7        8        8        8        9        9       10       11       13       14       16       18       21       24       27       29       30       29       28       25       22       19       17       15       13       12       10        9        9        8        8        7        7        7        7        7        7        7        8       8
          12      14       17       20       24       29       35       44       54       66       78       87       90       88       80       70       60       52       45       39       34       30       27       25       23       21       20       19       18       17       16       15       14       14       13       12       12       11       11       10        9        9        8        8        7        7        6        6        6        6        5        5        5        5        5        5        5        5        5        5        5        5        5        5        6        6        7        7        8        9       10      11
           5       6        7        8       10       14       18       26       39       63       98      120       99       65       41       27       19       14       11        9        7        6        5        5        4        4        4        4        3        3        3        3        4        4        4        4        5        5        6        7        8        9       11       13       15       17       19       19       18       16       14       12       10        8        7        6        5        5        4        4        4        3        3        3        3        3        3        3        4        4        4       5
           6       7        8        9       10       13       16       21       29       40       57       79       92       85       64       45       32       23       17       13       11        9        8        7        6        5        5        5        4        4        4        4        4        4        4        4        5        5        5        6        7        8        9       10       11       13       14       16       16       17       16       15       14       12       11        9        8        7        7        6        6        5        5        5        5        4        4        4        5        5        5       5
          11      12       12       14       15       17       19       23       27       33       40       49       59       68       71       68       59       49       39       31       25       21       17       14       12       11       10        9        8        7        7        7        6        6        6        6        6        6        6        7        7        7        8        8        9       10       11       12       13       14       15       16       17       17       17       17       17       16       15       14       13       13       12       11       11       10       10       10       10       10       10      10
          20      22       24       27       30       34       38       43       47       51       54       54       51       47       41       36       31       26       22       19       17       15       13       12       11       10        9        9        8        8        8        7        7        7        7        7        8        8        8        8        9        9       10       10       11       12       13       14       15       16       17       18       18       19       19       19       19       18       18       18       17       17       16       16       16       16       16       16       17       17       18      19
          13      13       14       15       17       19       22       26       31       38       46       54       62       65       62       54       44       35       28       22       18       15       13       11        9        8        7        7        6        6        6        5        5        5        5        5        5        5        5        6        6        7        7        8        9       10       11       13       15       17       20       23       26       29       30       31       30       28       25       23       21       18       17       15       14       13       13       12       12       12       12      12
