SWAN 1
LOCATIONS
     1
     -67.28  18.38
AFREQ
     56
     0.0300
     0.0400
     0.0500
     0.0600
     0.0700
     0.0800
     0.0900
     0.1000
     0.1100
     0.1200
     0.1300
     0.1400
     0.1500
     0.1600
     0.1700
     0.1800
     0.1900
     0.2000
     0.2100
     0.2200
     0.2300
     0.2400
     0.2500
     0.2600
     0.2700
     0.2800
     0.2900
     0.3000
     0.3100
     0.3200
     0.3300
     0.3400
     0.3500
     0.3600
     0.3700
     0.3800
     0.3900
     0.4000
     0.4100
     0.4200
     0.4300
     0.4400
     0.4500
     0.4600
     0.4700
     0.4800
     0.4900
     0.5000
     0.5100
     0.5200
     0.5300
     0.5400
     0.5500
     0.5600
     0.5700
     0.5800
NDIR
     72
     5.0000
     10.0000
     15.0000
     20.0000
     25.0000
     30.0000
     35.0000
     40.0000
     45.0000
     50.0000
     55.0000
     60.0000
     65.0000
     70.0000
     75.0000
     80.0000
     85.0000
     90.0000
     95.0000
     100.0000
     105.0000
     110.0000
     115.0000
     120.0000
     125.0000
     130.0000
     135.0000
     140.0000
     145.0000
     150.0000
     155.0000
     160.0000
     165.0000
     170.0000
     175.0000
     180.0000
     185.0000
     190.0000
     195.0000
     200.0000
     205.0000
     210.0000
     215.0000
     220.0000
     225.0000
     230.0000
     235.0000
     240.0000
     245.0000
     250.0000
     255.0000
     260.0000
     265.0000
     270.0000
     275.0000
     280.0000
     285.0000
     290.0000
     295.0000
     300.0000
     305.0000
     310.0000
     315.0000
     320.0000
     325.0000
     330.0000
     335.0000
     340.0000
     345.0000
     350.0000
     355.0000
     360.0000
QUANT
     1
VaDens
m2/Hz/degr
     -999.000000
FACTOR
     1.00000E-06
          32      34       37       39       41       43       44       44       42       40       36       33       29       26       23       20       18       16       14       13       11       10       10        9        8        8        7        7        7        7        7        7        6        7        7        7        7        7        7        8        8        8        9        9       10       10       11       12       12       13       14       14       15       16       16       17       17       18       18       18       19       19       20       20       21       21       22       23       24       26       27      29
         113     109      106      105      104      104      105      107      110      113      117      121      125      129      132      134      134      132      129      123      117      109      101       93       86       79       73       67       62       58       54       51       49       47       45       44       43       43       43       43       44       45       46       48       51       54       57       62       68       74       82       92      104      118      134      151      171      190      208      221      228      228      222      211      197      182      167      154      142      133      125     118
        3241    2280     1676     1280     1011      820      682      578      498      436      387      348      315      289      267      248      233      220      209      200      192      185      179      175      171      167      165      162      161      160      159      158      159      159      160      161      163      165      167      170      174      178      183      189      195      203      212      223      235      249      267      287      311      340      376      420      474      544      633      750      907     1125     1438     1902     2622     3774     5617     8196    10285     9703     7146    4794
        7907    4540     2921     2030     1491     1143      907      739      616      525      454      400      357      322      295      272      254      240      228      219      212      207      203      202      201      202      205      209      214      221      229      239      251      265      282      300      321      345      371      399      431      464      500      537      575      614      653      692      731      770      809      850      895      945     1004     1073     1159     1267     1406     1590     1838     2185     2691     3466     4745     7080    12048    25543    74922   126483    47270   16566
       24913   14228     8944     6015     4256     3133     2382     1861     1488     1214     1008      851      729      633      556      494      444      403      370      342      319      301      285      273      263      256      250      247      246      246      248      252      258      266      276      289      304      324      347      374      408      448      496      555      626      714      821      955     1121     1330     1594     1930     2357     2904     3602     4491     5614     7022     8771    10938    13642    17109    21785    28604    39668    60423   108645   266873   803354   520070   133722   50654
       47724   26266    16025    10508     7272     5249     3922     3015     2375     1912     1568     1308     1108      952      829      730      650      585      532      488      452      422      398      378      362      350      340      333      329      327      328      331      337      345      356      370      388      409      436      468      506      553      609      677      759      861      986     1142     1336     1583     1897     2303     2829     3520     4432     5644     7257     9403    12246    15985    20874    27279    35845    47887    66379    98798   167655   361977   995232   968141   284229  101795
      114284   60651    33981    20229    12730     8407     5787     4129     3039     2298     1780     1409     1137      933      779      659      566      491      432      384      345      313      287      265      247      233      221      211      203      197      193      191      189      189      191      194      199      205      213      223      236      251      270      293      320      354      394      445      507      585      683      808      971     1185     1471     1861     2403     3175     4303     5999     8626    12831    19787    31632    52201    87896   147753   239814   355199   426739   358912  216758
       67611   23844    10730     5690     3368     2155     1463     1040      767      584      456      365      298      248      209      179      156      137      122      110      100       92       85       80       76       72       69       67       66       64       64       64       65       66       67       69       72       76       80       86       93      101      111      123      138      157      181      211      249      300      367      457      583      762     1025     1425     2059     3114     4965     8386    14863    26159    39906    46461    43904    39920    39075    43477    57608    97397   201078  198515
       47644   58392    52974    31398    15668     8113     4571     2784     1809     1237      883      653      498      389      312      254      211      178      153      133      117      104       94       85       78       73       68       64       61       59       57       56       55       54       54       55       56       57       59       61       64       68       73       78       85       94      104      117      133      154      179      213      256      314      394      505      665      905     1278     1892     2973     5058     9607    21415    58639   143306   132083    71455    45871    36630    34847   38466
       45971   33481    16309     7825     4159     2436     1541     1036      730      535      405      315      251      204      169      143      122      106       93       83       75       68       62       58       54       51       49       47       45       44       44       43       44       44       45       46       47       49       52       55       59       64       70       77       86       97      110      127      149      178      216      266      336      434      577      793     1134     1702     2712     4649     8654    16980    29623    34612    27997    21065    17208    15754    16228    18914    25118   36660
       14087   18080    22359    20973    13495     7295     3995     2341     1469      977      682      496      373      288      228      185      152      128      109       94       83       73       66       60       55       51       47       45       42       41       39       38       38       38       38       38       38       39       41       42       45       47       51       55       59       66       73       82       94      109      127      152      184      228      288      375      501      696     1012     1558     2592     4815    10572    29822    84221    75896    34258    19312    13764    11570    11065   11851
       17707   15740    11626     7575     4750     3024     1994     1367      972      714      540      419      333      270      223      187      159      137      120      106       95       86       79       73       68       64       61       58       56       54       53       53       53       53       53       54       56       58       61       64       68       73       79       87       96      107      121      139      161      189      226      275      340      430      557      742     1020     1455     2168     3396     5602     9597    16013    22663    24404    21503    18068    15816    14827    14903    15845   17195
       10360   14983    19885    17727    10366     5402     2979     1784     1148      783      559      415      318      250      202      166      139      118      102       90       80       71       65       60       55       52       49       47       45       43       42       42       42       42       42       43       44       46       48       51       54       58       63       69       77       86       98      113      132      156      189      232      293      378      504      695     1000     1519     2459     4297     8013    14309    18656    15842    11236     8228     6578     5750     5463     5625     6290    7695
        2929    3053     3245     3457     3599     3547     3225     2690     2100     1580     1176      880      668      516      407      327      267      222      187      161      139      123      109       98       90       82       77       72       68       65       62       61       59       59       58       59       59       61       63       65       68       72       77       83       90       99      111      125      142      165      194      232      282      351      447      584      789     1104     1609     2448     3847     5985     8325     9204     8102     6400     5026     4099     3508     3151     2959    2892
        1928    2146     2432     2721     2857     2665     2173     1605     1133      796      569      417      314      242      191      154      127      106       90       78       68       60       54       49       45       42       39       37       35       34       33       32       32       32       32       32       33       34       35       37       39       42       45       49       54       60       68       78       90      106      127      156      195      251      333      457      656      995     1615     2823     5161     8380     9157     6835     4619     3293     2545     2118     1878     1762     1737    1793
        2021    2608     3639     5260     6582     5546     3319     1835     1067      667      444      311      228      173      135      108       88       74       63       54       47       42       38       34       31       29       27       26       25       24       23       23       22       22       22       23       23       24       25       26       28       30       32       35       39       44       50       57       67       79       95      117      147      191      254      350      504      764     1223     2052     3403     4764     4833     3820     2833     2182     1791     1569     1462     1445     1515    1691
        4605    5768     6188     4974     3170     1882     1144      732      492      346      253      191      149      118       96       80       67       57       50       44       39       35       32       29       27       26       24       23       22       22       21       21       21       21       21       22       22       23       24       26       27       29       32       35       39       44       50       57       67       79       95      116      145      186      244      329      458      661      985     1504     2277     3197     3843     3870     3483     3045     2726     2558     2540     2682     3023    3638
        2432    2601     2698     2592     2232     1732     1257      889      631      456      336      254      197      156      126      103       86       73       63       55       48       43       39       36       33       31       29       27       26       25       24       24       24       23       24       24       24       25       26       27       29       31       33       36       39       44       49       56       64       74       88      106      129      162      206      269      362      501      715     1052     1573     2308     3122     3637     3612     3242     2827     2506     2302     2206     2204    2285
        4605    5077     4208     2737     1640     1002      643      434      306      224      170      132      105       86       71       60       52       45       40       35       32       29       27       25       23       22       21       20       20       20       19       19       19       20       20       21       22       23       24       26       28       30       33       37       42       47       55       64       76       92      113      141      181      237      319      441      623      895     1277     1740     2153     2348     2299     2129     1957     1840     1800     1847     2002     2302     2813    3612
         812     832      884      968     1085     1223     1345     1380     1272     1048      796      582      423      311      234      180      141      113       93       77       65       56       49       43       39       35       32       30       28       26       25       24       23       23       22       22       22       22       23       24       25       26       27       29       32       34       38       43       48       55       65       77       92      114      144      186      250      348      507      779     1268     2131     3339     4014     3453     2509     1814     1384     1123      965      872     824
         660     845     1164     1708     2409     2546     1776     1012      580      355      233      161      117       88       68       55       45       37       32       27       24       21       19       17       16       15       14       13       13       12       12       12       12       12       12       12       12       13       13       14       15       17       18       20       22       25       29       34       40       49       60       76       99      133      186      271      416      671     1099     1643     1887     1613     1199      891      696      576      505      466      452      459      491     553
        1450    1276     1119      973      836      707      590      487      400      327      267      220      181      151      127      108       92       80       70       61       55       49       44       41       37       35       33       31       29       28       27       26       26       26       26       26       26       26       27       28       29       31       33       35       38       41       45       50       56       64       73       85      100      119      145      179      225      289      379      509      699      978     1380     1912     2501     2948     3065     2872     2536     2193     1896    1652
         535     577      658      795     1021     1369     1793     1962     1578     1013      614      383      251      173      125       93       72       57       46       38       32       28       24       21       19       17       16       14       13       13       12       12       11       11       11       11       11       11       11       12       12       13       13       14       16       17       19       21       24       28       32       38       46       57       72       94      126      175      254      389      628     1050     1662     2079     1881     1413     1041      805      663      580      536     522
         846     965     1136     1335     1471     1400     1115      782      524      352      243      174      128       97       76       60       49       41       34       29       26       22       20       18       16       15       14       13       12       12       11       11       11       11       11       11       11       11       12       12       13       14       15       16       17       19       21       24       27       32       37       44       54       67       84      109      144      196      273      390      560      782     1010     1148     1144     1046      928      832      768      737      738     772
         743     884     1116     1480     1947     2203     1849     1208      729      449      291      198      141      104       80       63       50       41       35       29       25       22       20       18       16       15       14       13       12       12       11       11       11       10       10       11       11       11       11       12       12       13       14       15       17       18       21       23       27       31       36       44       53       66       84      108      144      197      274      389      549      741      907      974      934      840      746      674      629      611      621     662
         475     654     1013     1824     3424     3682     1845      825      426      250      160      110       80       60       47       37       31       26       22       19       17       15       13       12       11       10       10        9        9        9        8        8        8        8        9        9        9        9       10       11       11       12       14       15       17       19       22       26       31       38       47       60       77      103      140      194      273      375      483      551      548      493      424      364      320      290      272      266      270      287      320     377
         773     834      928     1053     1189     1285     1259     1086      837      606      430      308      225      169      129      102       82       67       56       47       40       35       31       28       25       23       21       20       18       18       17       16       16       16       15       15       16       16       16       17       18       18       20       21       23       25       28       31       35       40       47       55       66       80       99      126      163      216      291      400      552      746      949     1097     1135     1077      978      882      807      759      738     742
         233     237      253      286      343      443      623      958     1493     1750     1218      650      353      209      134       92       66       49       38       30       25       20       17       15       13       12       10        9        9        8        7        7        7        7        6        6        6        6        6        6        7        7        7        8        8        9       10       11       13       14       17       20       24       29       36       47       62       86      125      194      328      623     1309     2340     2175     1274      753      503      375      303      263     241
         309     302      309      328      363      416      492      586      671      691      608      465      328      228      160      116       86       66       52       41       34       28       24       21       18       16       14       13       12       11       10       10        9        9        9        9        8        8        9        9        9        9       10       10       11       12       13       14       16       18       20       24       28       34       41       52       67       89      123      178      271      439      745     1222     1587     1434     1041      737      549      438      370     330
         168     158      153      152      155      163      175      192      214      241      269      293      301      286      250      206      162      126       98       77       62       50       41       35       30       26       22       20       18       16       15       14       13       12       12       12       11       11       11       11       11       12       12       13       13       14       15       17       18       21       23       27       32       38       46       56       72       94      127      178      256      377      538      684      714      618      485      375      297      244      208     183
         112     113      119      130      147      173      215      281      383      523      640      603      437      280      179      119       83       60       45       35       28       23       19       16       14       12       11       10        9        8        8        7        7        7        7        7        7        7        7        7        7        7        8        8        9       10       11       12       14       16       19       22       27       34       43       56       77      109      162      251      391      555      621      533      398      293      223      179      150      132      120     114
         152     149      153      164      184      218      276      376      557      864     1161     1003      591      324      189      119       80       57       42       32       26       21       17       14       12       11        9        8        8        7        7        6        6        6        5        5        5        5        5        5        5        5        6        6        6        7        7        8        9       10       12       14       16       19       24       29       38       50       68       96      142      216      333      478      565      524      417      320      251      207      178     161
         151     151      156      166      183      209      249      309      399      523      654      702      600      429      286      192      133       96       71       55       43       35       29       25       21       18       16       15       13       12       11       11       10       10        9        9        9        9        9        9        9       10       10       11       11       12       13       15       16       18       21       24       29       35       42       53       67       87      116      156      209      273      333      363      353      316      272      233      203      180      165     156
         135     122      115      112      112      116      124      137      156      184      222      272      325      355      334      270      198      141      100       73       55       42       33       27       22       19       16       14       12       11       10        9        8        8        7        7        7        6        6        6        6        6        6        7        7        7        8        8        9       10       11       12       14       16       19       23       28       35       45       59       80      112      159      227      310      374      381      334      272      220      180     153
         182     175      174      180      192      212      243      285      341      400      436      417      344      255      181      128       93       69       52       41       32       26       22       19       16       14       12       11       10        9        8        8        7        7        7        7        6        6        6        6        7        7        7        7        8        8        9       10       11       12       13       15       18       21       25       31       38       49       64       85      117      165      233      318      398      433      409      353      297      251      218     196
          80      84       92      104      124      155      208      301      475      753      903      651      359      200      121       79       55       40       30       24       19       16       13       11       10        9        8        7        6        6        6        5        5        5        5        5        5        5        5        5        5        5        6        6        7        7        8        9       10       12       14       16       19       24       30       38       49       64       85      110      136      157      164      156      141      124      109       97       88       83       80      79
         204     235      277      333      411      516      640      737      728      596      427      290      197      138       99       73       56       44       35       28       24       20       17       15       13       11       10        9        8        8        7        7        6        6        6        6        6        6        6        6        6        6        6        6        6        7        7        8        8        9       10       11       12       14       15       17       20       23       27       31       37       43       51       60       71       82       95      109      124      141      159     179
         113     126      148      182      237      330      484      684      750      560      337      200      125       83       58       43       32       25       20       17       14       12       10        9        8        7        7        6        6        5        5        5        5        5        5        5        5        5        5        5        5        6        6        7        7        8        9       10       12       14       16       20       24       30       37       48       62       80      102      126      147      159      159      151      138      125      115      107      102      100      101     105
         161     158      161      172      192      225      278      363      499      674      773      649      426      260      162      107       74       53       40       31       25       20       17       14       12       10        9        8        7        7        6        6        6        5        5        5        5        5        5        5        5        5        5        6        6        6        7        8        9       10       11       13       15       17       21       26       32       41       55       74      104      148      212      292      363      386      355      302      252      214      187     170
         116     115      116      122      131      147      169      201      246      301      354      371      331      256      183      128       91       67       50       39       31       25       20       17       15       13       11       10        9        8        8        7        7        6        6        6        6        6        6        6        6        6        6        7        7        7        8        9       10       11       12       14       16       19       23       28       34       43       55       72       93      121      153      183      201      204      193      175      157      141      129     121
         185     179      173      169      165      163      162      162      161      158      153      145      134      121      106       91       77       64       54       45       38       32       28       24       21       18       16       15       13       12       11       10       10        9        9        8        8        8        8        8        8        8        8        8        8        9        9       10       10       11       12       13       15       16       19       21       25       29       34       40       49       59       72       88      107      129      150      170      184      192      194     191
          88      99      117      145      190      265      382      521      550      411      254      155       99       67       47       35       27       21       17       14       12       10        9        8        7        6        6        5        5        5        5        4        4        4        4        4        4        4        5        5        5        5        6        6        7        8        9       10       11       13       16       19       23       29       36       45       57       72       87      101      110      112      108      101       93       86       80       76       74       74       76      80
          78      84       93      108      130      165      222      321      487      693      725      510      301      179      114       77       55       41       31       25       20       17       14       12       11       10        9        8        7        7        7        6        6        6        6        6        6        6        6        6        7        7        7        8        9       10       11       12       14       16       19       23       29       36       45       58       76       98      124      148      163      164      152      135      118      104       93       85       79       76       74      75
          59      62       67       73       83       98      120      153      206      288      403      500      474      345      223      145       97       69       51       39       30       25       20       17       15       13       11       10        9        9        8        8        7        7        7        7        7        7        7        7        7        8        8        9        9       10       11       12       14       16       18       21       25       30       37       44       54       65       77       87       94       97       95       90       83       76       70       66       62       60       58      58
         130     131      134      141      152      170      198      240      302      390      491      541      476      342      225      147       99       70       51       38       29       23       19       16       13       11       10        9        8        7        6        6        5        5        5        5        4        4        4        4        4        4        4        4        5        5        5        5        6        6        7        8        9       10       11       13       15       18       22       26       32       40       50       61       75       90      104      116      124      129      130     130
          52      52       53       57       63       72       86      108      147      217      356      620      838      610      315      167       98       63       43       31       24       18       15       12       10        9        8        7        6        5        5        5        4        4        4        4        4        4        4        4        4        4        4        4        5        5        5        6        7        8        9       10       12       14       17       21       27       34       44       57       73       90      104      109      106       96       85       75       67       60       56      53
         113     121      133      150      176      212      267      345      439      504      472      356      239      157      105       73       53       40       30       24       19       16       13       11       10        9        8        7        6        6        5        5        5        4        4        4        4        4        4        4        4        4        4        4        5        5        5        5        6        7        7        8        9       10       12       14       16       19       22       26       32       38       45       53       61       70       78       85       91       96      101     106
          50      51       52       56       62       71       85      109      148      220      350      529      551      357      196      112       69       46       32       24       18       14       12       10        8        7        6        5        5        4        4        4        3        3        3        3        3        3        3        3        3        3        3        3        4        4        4        4        5        6        6        7        9       10       12       15       18       23       29       37       48       60       72       81       85       83       77       70       64       58       54      52
         115     120      129      144      166      201      255      337      447      539      514      381      247      157      103       71       51       38       29       23       18       15       13       11        9        8        7        7        6        5        5        5        4        4        4        4        4        4        4        4        4        4        4        5        5        5        6        6        7        7        8       10       11       13       15       18       22       26       32       40       50       62       75       89      102      112      117      118      117      115      113     113
          65      57       52       49       48       49       51       56       64       77       98      133      194      289      366      316      197      114       69       44       30       22       16       12       10        8        7        6        5        4        4        3        3        3        2        2        2        2        2        2        2        2        2        2        2        2        2        2        3        3        3        3        4        4        5        6        7        9       11       14       18       24       32       44       62       85      109      123      121      107       90      76
          32      31       31       31       32       34       37       42       48       58       72       92      120      152      173      162      125       87       60       42       30       22       17       14       11        9        8        6        6        5        4        4        4        3        3        3        3        3        3        3        3        3        3        3        3        3        3        3        4        4        4        5        6        6        7        9       10       12       14       17       21       25       29       34       37       40       40       40       38       36       34      33
          68      59       53       49       47       46       47       49       54       60       69       83       99      116      126      120       99       73       52       37       27       20       15       12       10        8        6        5        5        4        4        3        3        3        2        2        2        2        2        2        2        2        2        2        2        2        2        2        2        3        3        3        3        4        4        5        6        7        9       11       14       18       24       33       45       62       83      101      110      105       93      80
          36      41       48       58       74       98      138      206      312      412      380      254      154       96       63       44       32       25       19       16       13       11        9        8        7        6        6        5        5        5        4        4        4        4        4        4        4        4        4        4        4        4        5        5        5        6        6        7        7        8        9       10       11       12       13       15       16       17       18       19       20       21       22       22       23       23       24       25       26       27       29      32
          43      47       52       59       68       80       98      124      160      211      271      314      304      245      177      125       89       65       49       38       30       25       21       17       15       13       12       10       10        9        8        8        7        7        7        7        6        6        6        7        7        7        7        7        8        8        9        9       10       11       12       13       14       15       17       19       20       22       24       26       27       29       30       31       32       33       33       34       35       37       38      40
          35      39       45       54       65       82      107      147      214      326      486      587      492      320      198      128       87       63       47       36       29       24       20       17       15       13       12       11       10        9        8        8        7        7        7        7        7        7        7        7        7        7        7        7        7        8        8        8        9        9       10       10       11       11       12       13       13       14       15       16       16       17       18       19       20       21       22       23       24       26       28      31
          30      33       36       41       47       55       67       82      105      137      180      225      244      216      162      113       78       55       40       30       23       18       15       12       10        9        7        7        6        5        5        4        4        4        3        3        3        3        3        3        3        3        3        3        3        3        3        3        4        4        4        4        5        5        5        6        7        7        8        9       10       11       12       13       15       16       18       19       21       23       25      27
