SWAN 1
LOCATIONS
     1
     -67.28  18.38
AFREQ
     56
     0.0300
     0.0400
     0.0500
     0.0600
     0.0700
     0.0800
     0.0900
     0.1000
     0.1100
     0.1200
     0.1300
     0.1400
     0.1500
     0.1600
     0.1700
     0.1800
     0.1900
     0.2000
     0.2100
     0.2200
     0.2300
     0.2400
     0.2500
     0.2600
     0.2700
     0.2800
     0.2900
     0.3000
     0.3100
     0.3200
     0.3300
     0.3400
     0.3500
     0.3600
     0.3700
     0.3800
     0.3900
     0.4000
     0.4100
     0.4200
     0.4300
     0.4400
     0.4500
     0.4600
     0.4700
     0.4800
     0.4900
     0.5000
     0.5100
     0.5200
     0.5300
     0.5400
     0.5500
     0.5600
     0.5700
     0.5800
NDIR
     72
     5.0000
     10.0000
     15.0000
     20.0000
     25.0000
     30.0000
     35.0000
     40.0000
     45.0000
     50.0000
     55.0000
     60.0000
     65.0000
     70.0000
     75.0000
     80.0000
     85.0000
     90.0000
     95.0000
     100.0000
     105.0000
     110.0000
     115.0000
     120.0000
     125.0000
     130.0000
     135.0000
     140.0000
     145.0000
     150.0000
     155.0000
     160.0000
     165.0000
     170.0000
     175.0000
     180.0000
     185.0000
     190.0000
     195.0000
     200.0000
     205.0000
     210.0000
     215.0000
     220.0000
     225.0000
     230.0000
     235.0000
     240.0000
     245.0000
     250.0000
     255.0000
     260.0000
     265.0000
     270.0000
     275.0000
     280.0000
     285.0000
     290.0000
     295.0000
     300.0000
     305.0000
     310.0000
     315.0000
     320.0000
     325.0000
     330.0000
     335.0000
     340.0000
     345.0000
     350.0000
     355.0000
     360.0000
QUANT
     1
VaDens
m2/Hz/degr
     -999.000000
FACTOR
     1.00000E-06
         173     200      185      143      102       73       54       41       32       26       22       19       16       14       13       12       11       11       10       10       10       10       10       10       10       10       11       12       12       13       14       15       17       18       19       20       21       22       22       22       21       20       19       18       16       15       14       13       12       12       11       11       11       10       10       11       11       11       12       12       13       15       16       18       21       25       31       39       50       67       93     130
         708     834      686      456      294      198      142      106       83       68       57       49       43       39       35       33       31       30       29       28       28       29       29       30       32       34       36       39       43       47       52       58       65       71       77       81       82       81       78       72       66       59       53       47       43       39       35       32       30       28       27       26       26       25       25       25       26       27       29       30       33       36       41       47       55       66       83      106      143      203      304     474
        9190    9149     4521     2138     1170      722      486      349      262      205      166      137      116      100       88       79       71       65       60       57       54       52       50       49       48       48       48       49       50       52       54       57       61       65       70       76       84       93      103      116      131      147      167      188      210      231      251      267      278      284      284      280      274      267      261      255      252      251      254      260      270      286      310      344      391      460      563      722      987     1471     2466    4789
      786480  177635    23252     8629     4401     2634     1741     1231      915      707      564      462      387      330      286      253      226      205      188      174      163      154      147      142      138      136      135      134      136      138      141      146      152      160      170      181      196      213      234      259      290      327      372      427      492      569      660      765      880     1001     1121     1230     1320     1385     1425     1444     1452     1456     1465     1486     1527     1594     1699     1857     2089     2438     2976     3853     5414     8608    16997   55845
       87865 1145110   269719    34499    12502     6242     3666     2380     1655     1212      923      726      587      486      410      352      307      272      244      221      203      189      177      168      161      155      151      149      148      148      150      152      157      163      170      180      192      208      226      250      279      315      361      420      497      598      733      919     1181     1558     2114     2948     4200     5986     8164     9979    10443     9535     8103     6793     5806     5128     4705     4492     4469     4643     5057     5815     7147     9590    14633   27817
       21686   68883   694313   215257    30275    11228     5716     3417     2256     1594     1185      916      730      598      501      428      372      328      294      266      244      227      213      202      193      187      182      179      178      179      181      184      190      197      206      218      233      250      272      299      332      373      422      484      560      655      772      916     1091     1297     1530     1776     2012     2207     2338     2396     2389     2340     2273     2208     2159     2138     2151     2209     2321     2506     2793     3231     3915     5037     7032   11103
       51346  521511   239371    30483    11130     5688     3435     2296     1645     1240      972      787      654      555      481      424      379      344      316      294      277      263      253      245      240      237      237      238      241      247      255      265      278      294      313      336      363      396      433      477      527      584      647      715      785      856      923      981     1028     1061     1080     1086     1083     1075     1066     1058     1055     1060     1076     1104     1149     1215     1307     1437     1618     1874     2247     2812     3722     5323     8553   16789
       57517  237821   100177    22173     8795     4569     2750     1816     1280      947      727      576      468      388      329      283      247      219      196      178      163      151      141      133      127      122      118      115      113      112      112      113      115      117      121      125      131      138      146      156      168      181      198      217      240      267      299      336      380      430      487      551      623      701      785      872      962     1052     1145     1240     1343     1457     1592     1761     1980     2278     2702     3338     4357     6152     9791   19147
       55427   77199    97486    74730    35993    16339     8196     4561     2759     1782     1212      860      633      479      373      296      240      198      167      142      123      107       95       85       77       70       65       60       57       54       51       49       48       47       46       46       46       46       47       48       50       52       54       58       61       66       72       79       88       98      111      128      148      174      208      252      311      391      502      660      891     1238     1776     2638     4054     6411    10240    15912    22891    29700    35828   43129
       59392   71202    60842    42243    27760    18407    12489     8669     6143     4437     3263     2442     1859     1439     1132      904      732      602      501      423      361      311      272      240      213      192      174      159      147      137      129      122      116      111      108      105      103      102      101      102      103      104      107      110      115      120      127      135      145      157      171      189      210      236      267      307      356      419      499      603      741      925     1178     1531     2037     2784     3922     5720     8681    13770    22787   38302
       17859   58465   250631    81555    18227     7421     3925     2395     1600     1140      851      660      527      432      361      308      267      235      210      190      173      160      150      141      134      129      125      122      120      119      119      120      122      125      129      135      141      149      159      170      184      200      220      243      269      301      338      381      431      487      549      617      689      762      834      902      966     1024     1077     1130     1184     1247     1323     1421     1552     1731     1983     2352     2913     3827     5461    8842
       16180   38580    87540    54170    17848     7624     4030     2432     1602     1124      827      631      497      401      331      278      238      207      182      162      146      133      123      114      107      102       97       94       91       89       88       88       88       89       90       92       95       99      104      110      117      125      135      147      162      179      199      224      253      287      328      377      434      501      578      664      759      863      971     1084     1200     1321     1450     1594     1765     1978     2262     2658     3243     4167     5759    8864
       14726   13760    12125    10388     8725     7158     5706     4416     3338     2487     1845     1375     1034      789      610      480      383      311      256      213      180      154      134      117      104       93       84       76       70       65       61       58       55       53       51       50       49       48       48       48       49       50       51       53       55       58       61       65       71       77       84       93      105      118      136      157      185      220      266      327      410      524      684      915     1257     1777     2585     3852     5803     8563    11737   14135
        7844    8834    10299    12409    14871    16007    13692     9294     5655     3423     2150     1415      972      695      513      390      304      243      197      163      138      118      102       89       79       71       64       59       54       51       48       45       43       42       41       40       39       39       39       40       41       42       43       45       48       50       54       58       64       70       78       88       99      114      133      157      188      228      281      353      451      587      779     1053     1442     1987     2720     3629     4630     5583     6395    7100
        4859    5200     5971     7378     9525    11378    10201     6562     3665     2074     1247      797      537      379      278      210      163      130      105       87       73       63       54       48       42       38       34       31       29       27       26       24       23       23       22       22       22       22       22       22       23       23       24       25       27       29       31       34       37       41       46       52       60       70       82       99      121      150      190      246      327      446      626      905     1340     1999     2908     3915     4670     4949     4899    4802
        1836    1999     2328     2941     4081     6157     8804     8454     5011     2566     1394      828      530      361      257      191      146      115       93       77       64       55       47       41       37       33       30       28       26       24       23       22       21       20       20       19       19       19       20       20       21       21       22       24       25       27       29       32       36       40       46       52       61       72       87      106      132      168      219      292      399      559      795     1130     1550     1958     2201     2216     2090     1937     1827    1788
        2641    4287     7712    12573    11252     5833     2878     1586      968      638      446      326      247      192      154      126      105       89       76       66       59       52       47       43       39       37       34       32       31       30       29       28       27       27       27       27       27       28       28       29       30       32       33       35       38       40       44       47       52       57       64       71       80       90      103      117      134      154      178      205      237      273      315      364      421      490      574      681      824     1024     1322    1800
         741     980     1403     2244     4198     8802    11496     6035     2595     1308      760      488      336      244      185      144      116       96       80       69       60       52       47       42       39       36       33       31       30       28       27       27       26       26       26       26       27       27       28       29       30       32       34       36       39       42       46       50       55       61       68       77       86       97      110      123      138      154      171      188      205      222      238      255      272      292      315      343      379      428      495     593
        3435    5066     7628    10483    10496     7157     4100     2355     1429      919      622      439      320      241      186      147      118       97       81       68       58       51       44       39       35       32       29       27       25       23       22       21       20       20       19       19       18       18       18       19       19       19       20       21       22       23       25       26       29       31       34       38       42       48       55       63       73       86      102      123      149      182      226      283      358      457      588      762      997     1317     1767    2423
        2452    3305     4596     6276     7356     6408     4310     2640     1637     1061      721      512      376      285      222      177      144      119      100       86       74       65       57       51       47       43       39       36       34       32       31       30       29       28       28       27       27       27       28       28       29       30       31       33       35       37       40       43       47       51       57       63       71       81       93      107      124      145      171      203      241      288      345      413      495      592      707      845     1013     1225     1504    1890
        3933    4806     4721     3793     2749     1949     1404     1037      786      610      482      388      317      263      220      186      159      138      120      105       93       83       74       67       61       56       52       48       45       42       40       38       36       35       34       33       33       32       32       32       32       33       33       34       35       37       38       40       43       45       49       53       57       63       70       78       87       99      114      132      154      183      220      268      333      420      542      715      971     1356     1946    2821
         871     802      761      746      754      783      830      885      930      935      874      749      597      454      339      253      191      147      115       91       74       61       51       44       38       33       29       26       24       22       20       19       17       17       16       15       15       15       15       15       15       15       15       16       16       17       18       20       21       23       26       29       32       37       43       50       60       73       90      113      146      192      259      358      499      693      923     1127     1223     1192     1086     969
        1701    1655     1560     1461     1374     1296     1211     1104      966      804      639      490      370      277      209      160      124       97       78       63       52       43       37       31       27       24       21       19       17       16       15       14       13       12       12       11       11       11       10       10       10       10       11       11       11       12       12       13       14       15       17       18       20       23       26       30       34       41       49       59       73       92      118      154      207      285      399      567      803     1102     1409    1628
        1714    1530     1273     1034      841      691      576      485      412      352      302      259      223      191      164      141      121      104       90       78       68       60       53       47       42       38       34       31       28       26       24       23       22       21       20       19       18       18       18       18       18       18       18       18       19       19       20       21       22       24       26       28       30       34       37       42       48       56       65       77       93      113      141      179      232      307      417      578      809     1117     1457    1698
         723     696      679      669      663      652      628      583      516      436      354      280      218      170      133      105       84       69       56       47       40       34       30       26       23       21       19       17       16       15       14       13       12       12       12       11       11       11       11       11       11       12       12       13       13       14       15       17       18       20       22       25       29       33       38       45       55       66       82      104      133      174      229      306      406      528      655      760      818      824      798     759
         325     335      355      383      417      446      458      436      381      307      235      176      132      100       77       60       48       39       32       27       23       20       17       16       14       13       12       11       10        9        9        9        8        8        8        8        8        8        8        8        9        9       10       10       11       12       13       15       17       19       22       26       31       37       45       56       72       94      124      168      228      307      398      476      515      507      469      423      382      352      333     324
        1544    1397     1192      985      800      646      521      420      341      277      227      187      155      129      109       92       79       68       59       51       45       40       36       33       30       27       25       23       22       21       20       19       18       18       17       17       17       17       17       17       17       18       18       19       20       21       22       24       26       28       30       34       38       42       48       55       64       75       89      107      130      161      201      256      330      431      568      750      978     1231     1454    1572
         998     998      984      966      944      912      858      775      665      543      425      325      247      187      143      111       87       70       57       47       39       33       28       24       21       19       17       15       14       13       12       11       11       10       10        9        9        9        9        9        9        9        9       10       10       11       11       12       13       14       15       17       19       22       25       29       33       40       48       58       72       91      117      153      202      271      364      484      627      773      894     969
         338     280      236      204      180      162      149      139      131      125      120      115      109      103       96       89       81       72       64       56       49       43       37       33       29       25       22       20       18       16       15       14       13       12       11       11       10       10       10       10        9        9        9       10       10       10       11       11       12       13       14       15       16       18       20       23       27       32       38       46       57       72       93      123      166      228      311      410      492      517      478     408
         872     776      685      611      552      506      469      435      402      366      327      285      242      202      166      135      110       90       74       61       51       43       36       31       27       24       21       19       17       16       14       13       13       12       11       11       10       10       10       10       10       10       10       10       11       11       12       12       13       14       15       17       19       21       24       27       32       37       44       54       66       84      107      141      188      258      357      495      665      832      936     941
         338     283      243      216      197      186      180      178      180      185      193      200      205      205      196      178      155      129      105       85       68       55       45       37       31       26       22       19       17       15       13       12       11       10       10        9        9        8        8        8        8        8        8        8        8        8        9        9       10       10       11       12       13       15       17       19       22       27       32       39       49       63       82      111      154      217      307      416      508      533      486     409
         283     270      265      270      284      307      341      379      409      407      361      285      209      149      106       77       57       43       34       27       22       18       15       13       11        9        8        7        7        6        6        5        5        5        4        4        4        4        4        4        4        4        4        5        5        5        5        6        6        7        8        9       10       11       13       15       18       22       28       35       45       59       79      108      147      200      260      313      343      344      326     303
         173     171      173      179      188      202      218      232      239      229      203      167      129       98       74       56       43       33       27       21       18       15       12       11        9        8        7        7        6        5        5        5        4        4        4        4        4        4        4        4        4        4        4        4        5        5        5        6        6        7        7        8       10       11       13       15       18       22       27       34       43       54       70       90      114      140      164      181      188      188      183     177
         196     176      162      152      146      144      146      150      157      166      176      183      184      176      159      136      111       89       70       56       44       36       29       24       20       17       15       13       12       10        9        9        8        7        7        7        6        6        6        6        6        6        6        6        6        6        7        7        8        8        9       10       11       12       14       16       19       23       28       34       43       55       71       94      125      164      208      247      267      264      245     219
         143     106       84       70       61       55       52       50       50       51       54       58       65       73       84       96      107      111      105       91       72       56       42       32       25       20       16       13       11        9        8        7        6        5        5        4        4        4        4        3        3        3        3        3        3        3        3        4        4        4        4        5        5        6        6        7        8       10       12       15       19       24       33       46       67      105      174      292      420      418      305     204
          77      67       60       56       55       55       57       61       68       78       92      112      138      162      173      157      123       89       63       45       33       25       19       15       12       10        8        7        6        5        5        4        4        4        3        3        3        3        3        3        3        3        3        3        3        3        3        4        4        4        5        5        6        7        8       10       12       15       20       26       36       52       78      125      208      325      393      334      235      164      120      94
          40      36       33       32       31       32       33       36       40       45       53       63       75       86       91       85       71       54       40       30       22       17       13       11        9        7        6        5        5        4        4        3        3        3        3        2        2        2        2        2        2        2        2        2        2        3        3        3        3        4        4        5        6        7        8       10       13       16       22       31       46       73      125      223      349      352      240      151      101       73       57      46
          95      91       90       92       96      103      111      120      127      126      116       98       78       60       45       34       26       20       16       13       11        9        8        6        6        5        4        4        4        3        3        3        3        3        2        2        2        2        2        2        2        2        3        3        3        3        3        4        4        5        5        6        7        8       10       12       15       19       24       32       44       60       84      116      150      176      182      169      149      129      113     102
         116     107      100       95       92       88       84       80       74       67       59       51       43       36       30       24       20       17       14       12       10        9        8        7        6        5        5        4        4        4        4        3        3        3        3        3        3        3        3        3        3        3        3        3        4        4        4        5        5        6        7        7        9       10       12       15       18       22       28       37       49       66       90      122      159      192      209      205      187      165      145     128
          93      78       69       63       59       58       59       61       65       72       80       89       98      102       98       86       69       54       41       31       24       18       15       12       10        8        7        6        5        4        4        4        3        3        3        3        2        2        2        2        2        2        2        2        2        2        3        3        3        3        4        4        5        5        6        7        9       10       13       17       22       29       41       59       88      134      194      239      234      192      148     115
          77      66       58       52       48       45       44       43       44       45       47       49       51       53       54       53       50       45       40       34       28       23       19       16       13       11       10        8        7        6        6        5        5        4        4        4        3        3        3        3        3        3        3        3        3        3        3        4        4        4        5        5        6        6        7        8       10       12       14       18       23       29       39       53       73       99      128      148      149      133      112      92
          59      47       39       34       31       29       28       28       29       30       33       37       43       50       59       68       73       69       59       46       34       25       19       14       11        9        7        6        5        4        4        3        3        2        2        2        2        2        2        2        2        2        2        2        2        2        2        2        2        2        2        2        3        3        4        4        5        6        7        9       12       16       22       32       48       75      120      171      186      152      109      78
          22      20       19       19       19       20       21       23       26       30       37       46       58       73       85       84       70       52       36       26       19       14       11        8        7        5        5        4        3        3        3        2        2        2        2        2        2        2        2        2        2        2        2        2        2        2        2        2        2        3        3        4        4        5        6        7        9       12       16       22       30       43       60       77       84       78       64       51       40       33       28      24
          36      34       33       34       35       38       41       47       55       67       82       99      111      110       93       70       50       36       26       19       15       11        9        7        6        5        4        4        3        3        3        3        2        2        2        2        2        2        2        2        2        2        2        2        2        2        2        3        3        3        4        4        5        6        7        8       10       13       16       21       28       36       47       57       66       69       66       60       53       47       42      38
          42      39       38       37       38       39       41       45       50       56       62       68       72       70       63       53       42       32       25       19       15       12       10        8        7        6        5        4        4        3        3        3        3        2        2        2        2        2        2        2        2        2        2        2        2        2        3        3        3        3        4        4        5        6        7        8       10       13       16       20       26       34       44       55       66       74       75       71       64       57       50      45
          29      30       31       34       38       45       54       68       87      112      132      130      105       74       50       35       24       18       14       10        8        7        6        5        4        4        3        3        2        2        2        2        2        2        2        2        2        2        2        2        2        2        2        2        2        3        3        3        4        4        5        6        7        8       10       13       16       21       27       34       43       51       56       56       53       48       42       38       34       32       30      29
          25      26       28       30       34       41       50       64       82      103      114      101       75       50       34       23       16       12        9        7        6        5        4        3        3        2        2        2        2        1        1        1        1        1        1        1        1        1        1        1        1        1        1        1        1        1        2        2        2        2        3        3        4        4        5        7        8       10       13       16       20       24       28       31       33       33       31       30       28       26       25      25
          21      19       17       16       15       15       15       16       17       19       21       24       28       33       38       42       42       38       32       25       19       15       11        9        7        6        5        4        3        3        2        2        2        2        2        1        1        1        1        1        1        1        1        1        1        1        1        2        2        2        2        2        3        3        4        5        6        7        9       12       15       21       30       42       55       66       66       57       46       37       30      25
          16      15       14       13       13       13       14       15       17       20       23       28       33       39       42       39       33       25       18       13       10        7        6        5        4        3        2        2        2        2        1        1        1        1        1        1        1        1        1        1        1        1        1        1        1        1        1        1        1        1        2        2        2        3        3        4        5        6        8       11       16       24       37       55       74       78       66       50       37       28       23      19
          14      12       11       10       10       10       11       12       15       18       25       37       61      102      121       79       40       21       13        8        5        4        3        2        2        1        1        1        1        0        0        0        0        0        0        0        0        0        0        0        0        0        0        0        0        0        0        0        0        0        0        1        1        1        1        1        2        2        3        4        6        9       14       23       43       79      105       82       51       33       23      17
          19      16       14       12       12       11       11       12       13       14       17       21       27       36       50       66       73       60       40       25       16       11        8        6        4        3        3        2        2        1        1        1        1        1        1        1        1        0        0        0        0        0        0        0        0        0        1        1        1        1        1        1        1        1        2        2        2        3        4        5        7       10       14       21       34       55       78       80       63       44       32      24
          44      36       30       26       24       22       21       21       21       21       22       24       25       27       27       27       26       23       19       15       12       10        8        6        5        4        3        3        2        2        2        2        1        1        1        1        1        1        1        1        1        1        1        1        1        1        1        1        1        1        1        1        1        2        2        2        3        3        4        5        6        8       10       14       19       27       39       54       67       72       66      55
          19      19       20       20       22       23       25       28       31       34       37       38       37       33       29       24       19       15       12       10        8        6        5        5        4        3        3        3        2        2        2        2        2        2        1        1        1        1        1        1        1        1        1        2        2        2        2        2        2        3        3        3        4        4        5        6        7        8       10       12       14       16       18       19       21       21       21       21       21       20       20      19
          19      17       17       17       17       17       19       20       23       27       31       36       41       42       39       32       24       18       13       10        8        6        5        4        3        3        2        2        2        1        1        1        1        1        1        1        1        1        1        1        1        1        1        1        1        1        1        1        1        1        1        2        2        2        3        3        4        5        7        9       12       15       20       27       33       37       37       35       31       27       23      21
          14      13       12       11       10       10       10        9        9        9        9        9        9        9        9        8        8        8        7        7        6        5        5        4        4        3        3        3        2        2        2        2        2        2        1        1        1        1        1        1        1        1        1        1        1        1        1        2        2        2        2        2        2        3        3        4        4        5        6        7        9       11       13       15       18       20       21       21       20       19       17      15
           8       8        7        7        6        6        6        6        6        6        6        7        7        8        8        9        9       10       10       10        9        8        7        6        5        4        4        3        3        2        2        2        1        1        1        1        1        1        1        1        1        1        1        1        1        1        1        1        1        1        1        1        1        2        2        2        3        3        4        5        6        7        9       11       12       14       14       14       13       12       11      10
