SWAN 1
LOCATIONS
     1
     -67.28  18.38
AFREQ
     56
     0.0300
     0.0400
     0.0500
     0.0600
     0.0700
     0.0800
     0.0900
     0.1000
     0.1100
     0.1200
     0.1300
     0.1400
     0.1500
     0.1600
     0.1700
     0.1800
     0.1900
     0.2000
     0.2100
     0.2200
     0.2300
     0.2400
     0.2500
     0.2600
     0.2700
     0.2800
     0.2900
     0.3000
     0.3100
     0.3200
     0.3300
     0.3400
     0.3500
     0.3600
     0.3700
     0.3800
     0.3900
     0.4000
     0.4100
     0.4200
     0.4300
     0.4400
     0.4500
     0.4600
     0.4700
     0.4800
     0.4900
     0.5000
     0.5100
     0.5200
     0.5300
     0.5400
     0.5500
     0.5600
     0.5700
     0.5800
NDIR
     72
     5.0000
     10.0000
     15.0000
     20.0000
     25.0000
     30.0000
     35.0000
     40.0000
     45.0000
     50.0000
     55.0000
     60.0000
     65.0000
     70.0000
     75.0000
     80.0000
     85.0000
     90.0000
     95.0000
     100.0000
     105.0000
     110.0000
     115.0000
     120.0000
     125.0000
     130.0000
     135.0000
     140.0000
     145.0000
     150.0000
     155.0000
     160.0000
     165.0000
     170.0000
     175.0000
     180.0000
     185.0000
     190.0000
     195.0000
     200.0000
     205.0000
     210.0000
     215.0000
     220.0000
     225.0000
     230.0000
     235.0000
     240.0000
     245.0000
     250.0000
     255.0000
     260.0000
     265.0000
     270.0000
     275.0000
     280.0000
     285.0000
     290.0000
     295.0000
     300.0000
     305.0000
     310.0000
     315.0000
     320.0000
     325.0000
     330.0000
     335.0000
     340.0000
     345.0000
     350.0000
     355.0000
     360.0000
QUANT
     1
VaDens
m2/Hz/degr
     -999.000000
FACTOR
     1.00000E-06
         182     173      144      112       85       65       51       41       34       28       24       21       19       17       15       14       13       12       12       12       11       11       11       11       11       11       11       12       12       12       13       13       14       14       15       15       16       16       16       16       16       16       15       15       15       14       14       14       13       13       13       13       13       14       14       14       15       16       17       18       20       22       25       29       34       41       50       63       81      106      136     167
        1521    2511     2234     1234      669      405      270      194      147      117       97       82       71       63       57       53       50       47       46       45       44       44       44       45       47       49       51       54       57       60       64       67       71       73       75       76       75       73       70       66       61       57       53       49       46       43       40       38       36       35       34       33       33       33       33       34       35       36       39       41       45       50       56       65       76       92      115      148      201      291      456     795
       11700    3057     1342      750      480      335      249      194      156      130      111       96       86       77       71       66       62       59       57       55       55       54       55       56       57       59       62       65       69       74       80       87       94      103      113      124      135      145      154      161      165      167      165      160      154      147      140      133      127      122      118      114      113      112      113      115      118      124      132      143      158      178      207      247      305      395      544      814     1388     2968    10276   36084
       29257    9254     4400     2530     1628     1130      828      633      501      407      339      288      250      220      196      178      163      151      142      134      129      125      122      120      120      120      122      125      130      136      143      153      165      180      200      224      254      294      345      414      506      635      819     1092     1512     2184     3288     5062     7467     9289     8902     7019     5201     3920     3085     2544     2193     1967     1832     1768     1765     1826     1960     2193     2573     3201     4301     6453    11596    30132   257802  330818
       89363   34505    17865    10771     7142     5059     3764     2910     2320     1899     1589     1356     1177     1038      928      840      770      714      669      633      606      585      570      560      555      556      561      572      587      609      637      673      718      773      840      923     1026     1152     1310     1506     1754     2068     2468     2977     3625     4439     5431     6582     7808     8952     9821    10275    10307    10027     9593     9139     8757     8499     8399     8485     8793     9382    10355    11893    14345    18425    25807    41222    83134   297685  3683400  561510
      207505   55122    24713    13841     8786     6050     4413     3363     2652     2150     1785     1512     1303     1141     1013      911      829      762      708      664      629      600      578      561      548      540      536      536      539      546      556      571      589      611      639      671      708      751      800      856      920      991     1070     1157     1252     1355     1465     1582     1705     1833     1966     2104     2248     2400     2564     2744     2948     3186     3471     3823     4269     4851     5632     6721     8307    10750    14819    22402    39289    91627   467981 1675020
      248719   71372    33518    19618    12946     9198     6862     5297     4191     3378     2762     2284     1908     1607     1365     1167     1006      873      763      671      595      531      477      432      393      361      333      310      290      273      259      247      237      229      223      218      215      213      213      214      216      220      225      232      241      252      266      282      302      325      354      388      429      479      541      617      712      833      987     1189     1457     1822     2332     3070     4182     5956     8998    14798    27799    66502   273378  924662
       44910   16418     8661     5448     3800     2837     2221     1801     1499     1273     1098      958      844      749      669      600      540      487      441      400      364      332      304      279      257      237      220      205      192      180      170      161      154      147      142      138      134      132      130      129      128      129      130      132      135      139      144      151      159      168      180      194      211      232      258      289      328      377      441      523      632      780      988     1292     1755     2511     3855     6574    13369    39053   285814  307267
       51258   29709    16257     9303     5630     3579     2373     1631     1157      844      631      483      378      300      243      200      167      141      121      105       92       82       73       66       60       56       52       48       46       43       42       40       39       38       38       38       38       38       39       40       41       43       45       48       51       54       59       65       71       79       89      101      117      136      160      191      231      284      355      452      587      780     1062     1486     2143     3201     4976     8112    13965    25322    45275   62397
       15538    7529     4323     2771     1907     1377     1028      786      614      486      391      317      261      217      182      154      132      114       99       87       77       69       62       56       52       47       44       41       39       37       35       34       33       32       31       31       31       31       31       32       32       33       35       36       38       40       43       47       51       55       61       68       77       87      100      117      138      165      200      246      310      398      524      713     1006     1492     2363     4113     8250    20054    44541   36231
        9574    9259     7601     5505     3767     2563     1776     1265      928      699      540      426      343      282      235      199      171      149      131      117      105       95       88       81       76       71       68       65       63       61       60       59       59       59       60       61       62       64       67       70       74       79       85       92      101      111      123      138      157      179      207      242      285      339      408      494      603      741      912     1122     1374     1668     2001     2369     2772     3216     3723     4332     5097     6082     7316    8658
        3528    3128     2595     2061     1602     1240      964      758      604      488      401      333      281      240      207      181      159      142      128      116      107       99       92       86       82       78       75       72       70       69       68       68       68       68       69       71       73       75       79       82       87       92       99      106      115      126      138      153      170      190      214      242      276      316      363      418      483      559      647      750      869     1006     1165     1350     1567     1821     2121     2467     2852     3239     3550    3675
        7769    6523     4763     3330     2352     1711     1287      998      795      649      541      459      396      347      308      277      251      231      214      200      188      179      171      165      160      156      154      152      151      151      151      153      155      158      161      166      170      176      182      189      197      206      215      224      235      246      258      271      285      300      316      334      354      375      400      429      462      500      547      603      673      761      873     1019     1214     1483     1861     2410     3221     4408     5980    7467
        3501    3623     3521     3178     2676     2142     1666     1284      991      773      611      490      399      330      277      235      203      177      156      139      125      113      104       96       90       85       80       77       74       72       70       69       69       69       69       70       72       74       77       80       84       89       95      103      111      121      134      148      166      187      213      243      280      325      379      443      520      610      713      831      961     1102     1252     1408     1572     1744     1931     2138     2373     2642     2939    3244
        1730    1264      896      646      480      369      293      239      200      171      149      132      119      108      100       94       90       86       84       82       82       82       83       85       87       91       96      102      109      118      129      141      156      173      192      212      233      254      272      285      292      293      287      276      263      248      233      220      208      198      189      183      180      178      178      181      186      195      207      223      245      275      315      371      448      559      721      961     1308     1746     2110    2111
        1904    1321      887      612      440      330      257      207      171      144      125      110       98       90       83       77       73       71       69       67       67       67       69       71       74       78       83       90       98      109      123      141      165      195      235      289      359      448      555      666      752      779      739      654      556      467      393      335      290      256      231      212      198      188      182      180      180      184      191      203      220      243      275      321      385      479      620      838     1178     1674     2203    2339
        1139    1314     1352     1218      990      764      581      447      351      282      231      194      166      145      128      116      106       98       92       87       84       82       80       80       80       82       84       88       92       98      106      116      128      144      164      190      223      266      322      393      481      582      683      760      788      758      687      598      513      439      379      332      295      267      246      230      219      212      209      209      212      220      231      248      271      303      345      403      482      590      737     925
         712     762      753      685      585      482      391      319      262      219      186      161      141      126      114      104       97       91       87       84       82       81       82       83       85       88       92       98      106      116      130      147      169      199      239      294      372      482      638      851     1104     1318     1369     1224      989      768      596      471      383      319      273      239      213      195      181      171      165      162      161      162      167      174      184      198      217      243      276      319      374      444      530     625
         150     141      132      122      112      103       95       87       81       75       70       66       62       59       57       55       54       53       52       52       53       54       55       57       59       63       67       72       78       86       96      108      123      142      164      193      227      266      310      354      391      413      415      399      369      334      298      265      237      213      194      179      166      157      149      144      140      138      138      138      140      142      146      150      154      158      162      165      166      166      163     157
         121     112      103       95       88       82       77       72       68       64       61       59       57       55       54       53       53       53       53       54       55       57       59       62       66       70       76       83       91      101      113      129      148      172      202      239      285      341      405      474      540      591      615      609      578      531      480      430      386      349      318      292      271      255      242      232      224      217      212      209      205      202      199      195      190      184      177      169      160      150      140     130
         126     115      103       91       81       72       64       57       52       48       44       41       39       37       36       35       35       34       35       36       37       38       41       44       47       52       58       66       77       90      108      132      164      205      254      306      346      356      333      288      239      196      160      133      113       97       85       76       69       64       60       57       55       54       54       54       55       57       59       63       67       72       79       87       96      106      116      126      134      139      139     135
         120     120      118      113      106       98       90       82       74       68       62       57       53       49       46       44       42       40       39       39       39       39       39       40       42       43       46       49       53       58       64       71       81       92      106      123      142      162      183      200      210      211      203      188      169      150      133      118      105       94       86       79       73       69       66       64       62       61       61       62       63       65       68       71       75       80       86       92       99      105      112     117
          69      79       90      102      114      123      128      127      120      108       96       83       72       62       55       48       43       39       36       33       31       29       28       28       27       27       27       28       29       31       33       35       39       44       50       58       68       83      104      134      177      238      315      390      421      383      307      233      176      135      107       87       72       62       54       48       44       41       38       37       35       35       35       35       36       37       39       42       45       49       54      61
          86      97      108      118      123      124      118      108       97       84       73       63       55       48       43       38       35       32       30       28       27       26       25       25       24       25       25       26       27       29       31       33       36       40       45       52       60       71       84       99      118      136      153      162      162      152      136      118      102       87       75       66       58       52       48       44       41       39       38       37       37       37       37       39       40       42       45       49       54       60       67      76
         131     151      172      190      202      204      194      175      152      130      110       93       80       69       60       54       48       44       40       38       36       34       33       33       32       33       33       34       35       37       40       43       48       53       61       70       83      100      124      156      200      260      331      399      434      415      356      287      227      181      147      122      103       89       79       71       66       61       58       56       55       55       55       57       59       62       66       72       79       88      100     114
         119     120      120      118      115      111      106      100       94       88       82       77       71       67       63       59       56       54       51       50       48       48       47       47       47       48       49       50       52       55       58       61       66       71       78       86       96      107      120      134      150      167      184      198      209      215      214      208      198      186      172      159      147      136      127      119      113      108      104      101       99       97       97       97       98      100      102      105      108      111      114     117
          55      63       75       89      106      128      153      178      198      206      200      183      160      137      117      100       87       76       68       62       57       53       51       49       48       47       48       49       51       54       58       64       71       81       94      112      136      170      215      273      334      376      374      328      263      203      156      122       97       79       66       56       49       43       39       35       33       31       29       28       28       27       27       28       28       29       31       33       35       39       43      48
          48      52       58       66       76       89      106      127      151      179      204      220      220      205      180      152      127      106       89       76       66       58       52       47       43       40       38       36       35       35       35       35       35       37       38       41       43       47       52       58       65       74       86       99      114      129      143      153      155      150      138      124      108       94       82       71       63       56       51       47       43       41       39       37       36       36       36       37       37       39       41      44
          52      61       71       82       93      103      109      109      104       95       84       74       64       56       49       44       40       36       34       31       30       29       28       28       28       28       29       30       31       33       36       39       43       48       54       61       69       77       85       91       93       92       87       80       71       62       54       47       41       37       33       30       27       25       24       22       21       21       20       20       20       21       21       22       23       24       26       29       31       35       40      45
          41      49       60       73       88      105      120      127      124      113       97       82       69       58       49       42       37       33       30       28       26       25       24       24       24       24       24       25       27       29       32       35       39       45       53       63       76       92      110      127      138      138      126      108       88       72       58       48       40       34       29       26       23       21       19       18       17       16       16       16       16       16       16       16       17       18       20       21       24       27       30      35
          62      64       66       66       65       63       59       55       51       46       42       38       35       32       29       27       25       23       22       21       20       20       19       19       19       19       19       20       20       21       22       24       26       28       30       34       37       42       47       53       60       68       76       82       88       91       91       88       84       78       72       66       61       56       52       49       46       44       42       41       40       40       40       41       42       43       45       47       50       53       56      59
          35      38       42       47       52       58       65       72       77       81       81       78       73       66       59       52       45       40       35       31       28       26       24       22       21       20       19       19       19       19       19       19       20       21       22       23       26       28       32       36       41       48       58       70       84      102      122      139      149      147      135      118      100       84       70       60       51       45       40       36       33       31       29       28       27       27       27       27       28       29       31      32
          21      23       25       28       32       37       44       53       65       80       99      121      141      153      150      135      115       94       77       64       53       45       39       35       31       29       27       25       24       23       23       23       23       24       25       27       29       31       35       39       45       52       62       73       87      101      114      121      120      110       95       80       66       55       46       39       34       30       26       24       22       20       19       18       17       17       17       17       17       18       19      20
          14      16       18       20       23       27       33       40       50       62       77       94      109      115      111       98       83       69       57       47       40       35       31       28       25       23       22       21       21       21       21       22       22       24       26       28       31       36       41       49       59       71       86      101      111      113      105       89       73       58       47       38       31       26       22       19       17       15       14       13       12       11       11       11       10       10       10       11       11       12       12      13
          25      28       32       37       44       52       63       75       89      102      110      110      104       92       80       68       57       49       43       37       33       30       28       26       25       24       23       23       23       24       24       25       27       29       32       36       40       46       54       63       75       88      100      110      112      107       96       82       68       57       47       40       34       30       26       23       21       19       18       17       16       16       15       15       15       16       16       17       18       19       20      22
          28      31       34       38       43       48       55       61       68       74       78       79       78       74       69       63       57       52       47       42       39       36       34       32       30       29       29       29       29       29       30       31       32       34       37       40       44       48       53       59       65       72       77       80       81       79       74       68       61       54       48       42       38       34       30       28       25       24       22       21       20       20       19       19       19       19       20       20       21       22       24      26
          14      16       18       22       26       31       39       50       65       85      107      124      126      111       90       70       54       43       35       29       24       21       19       17       16       15       14       13       13       13       13       13       14       15       16       17       19       21       24       28       33       39       47       56       65       71       73       69       61       51       42       35       29       24       21       18       16       14       13       12       11       11       10       10       10       10       10       10       11       11       12      13
          51      60       71       80       85       84       76       65       53       43       35       29       24       20       17       15       13       12       11       10        9        9        9        8        8        8        8        8        8        8        9        9       10       11       11       12       14       15       17       19       22       24       27       30       32       34       34       34       33       31       29       27       25       23       21       20       19       18       18       17       17       17       18       18       19       21       22       25       28       32       36      43
          34      37       39       42       44       45       45       44       42       39       36       33       30       27       24       22       20       18       17       16       15       14       13       13       12       12       12       12       11       11       12       12       12       12       13       13       14       14       15       15       16       17       17       18       18       19       19       19       19       19       19       19       19       19       19       18       18       18       18       18       18       19       19       20       20       21       22       24       25       27       29      32
          19      18       18       18       18       18       18       18       19       20       21       22       24       26       28       30       32       34       36       36       36       35       34       31       29       26       23       21       19       17       15       14       13       12       11       11       10       10       10        9        9        9       10       10       10       10       11       11       12       13       14       16       17       19       21       23       25       28       30       31       32       33       33       32       30       29       27       25       23       22       21      20
          19      20       22       23       25       28       30       33       36       39       41       43       44       43       42       39       36       33       30       27       25       23       21       19       18       17       16       15       15       14       14       14       14       14       15       15       16       16       17       18       20       21       23       25       27       29       31       33       35       35       35       35       33       32       30       28       26       24       22       21       20       19       18       17       17       16       16       16       17       17       17      18
          16      17       18       18       20       21       23       24       26       29       31       32       34       34       33       32       30       28       25       22       20       18       16       14       13       12       11       10       10        9        9        8        8        8        8        8        8        8        8        9        9        9       10       11       11       12       13       15       16       17       19       20       21       22       23       24       24       23       23       22       21       20       19       18       17       17       16       16       16       16       16      16
          12      11       11       11       10       10       10       10       10       10       10       10       11       11       11       12       12       13       13       14       14       15       16       16       17       17       18       18       19       19       19       19       19       19       18       18       18       17       17       17       17       17       17       17       17       17       17       17       17       18       18       18       18       19       19       19       19       19       19       19       19       18       18       17       16       16       15       14       14       13       13      12
          12      14       16       18       20       23       25       27       29       29       29       27       25       23       21       19       17       16       15       13       13       12       11       11       11       11       11       11       11       11       12       13       13       14       15       16       17       18       19       20       20       20       20       19       18       16       15       14       12       11       10        9        9        8        8        7        7        7        6        6        6        6        6        6        7        7        7        8        8        9       10      11
           9      11       12       14       16       19       21       23       25       25       25       24       22       20       18       17       15       14       13       12       11       11       11       10       10       11       11       11       12       13       14       15       17       19       22       25       27       30       32       32       30       28       24       21       18       15       13       11        9        8        7        7        6        5        5        5        5        4        4        4        4        4        4        4        5        5        5        5        6        7        7       8
           2       2        2        2        2        2        2        3        3        3        4        5        6        7        9       12       15       18       21       23       23       21       18       14       12       10        8        7        6        6        5        5        5        4        4        4        4        4        5        5        5        6        7        8        9       11       13       15       18       20       20       19       16       14       11        9        7        6        5        4        3        3        3        2        2        2        2        2        2        2        2       2
           1       1        1        2        2        2        2        2        3        3        4        4        5        6        8       10       12       14       14       14       12       10        8        7        6        5        4        3        3        3        2        2        2        2        2        2        2        2        2        2        2        3        3        3        4        5        6        7        9       12       15       17       19       18       15       12       10        7        6        5        4        3        3        2        2        2        2        2        1        1        1       1
           4       4        5        5        5        6        7        7        8        9       11       12       14       15       17       18       18       18       17       16       15       13       12       11       10        9        8        7        7        7        6        6        6        6        6        6        6        6        7        7        7        8        8        9       10       10       11       12       12       12       12       11       11       10        9        8        7        7        6        6        5        5        5        4        4        4        4        4        4        4        4       4
           8       8        9       10       12       13       15       17       19       21       23       24       25       25       24       22       20       18       17       15       14       13       12       11       11       10       10       10       10       10       10       10       10       11       11       12       13       14       15       16       17       18       18       19       18       18       17       16       14       13       12       11       10        9        8        7        7        6        6        6        6        5        5        5        5        5        5        6        6        6        7       7
           5       5        5        6        7        7        8        9       11       12       13       15       16       17       17       16       15       14       13       12       11       10        9        8        7        7        6        6        6        6        6        6        6        6        6        6        7        7        7        8        9        9       10       11       12       12       13       13       13       12       11       10       10        9        8        7        6        6        5        5        5        4        4        4        4        4        4        4        4        4        4       4
           5       5        5        6        6        7        7        8        9        9       10       11       12       13       14       14       15       15       15       14       14       13       13       12       11       11       11       10       10       10       10       10       10       10       10       10       10       11       11       12       12       12       13       13       13       13       13       13       12       12       11       10        9        9        8        7        7        6        6        6        5        5        5        5        4        4        4        4        4        4        5       5
           2       2        2        2        2        3        3        3        3        4        4        4        5        6        6        7        9       10       11       13       14       15       16       16       16       16       15       15       14       13       12       11       11       10       10        9        9        9        9        8        8        8        8        8        8        7        7        7        7        6        6        5        5        5        4        4        4        3        3        3        3        3        2        2        2        2        2        2        2        2        2       2
           2       2        3        3        3        3        4        4        5        5        5        6        6        6        7        7        6        6        6        5        5        5        5        4        4        4        4        4        4        4        4        4        4        4        5        5        6        6        7        8        8        9       10       10       11       10       10        9        8        7        6        5        5        4        4        3        3        3        2        2        2        2        2        2        2        2        2        2        2        2        2       2
           3       3        3        3        3        3        3        3        3        3        3        3        3        3        3        4        4        4        4        4        4        4        4        4        4        4        4        4        4        4        4        4        4        4        4        4        4        4        4        4        4        4        4        4        4        4        4        3        3        3        3        3        3        3        3        3        3        3        3        3        3        3        3        3        3        3        3        3        3        3        3       3
           1       1        1        1        1        1        1        1        1        2        2        2        2        2        3        3        4        4        5        6        7        8       10       11       11       10        9        8        7        6        5        4        4        3        3        3        2        2        2        2        2        2        2        2        2        2        2        2        2        3        3        3        3        4        4        4        4        4        4        4        4        4        3        3        3        2        2        2        2        2        2       1
           0       0        0        0        0        0        0        1        1        1        1        1        1        2        2        3        4        5        6        7        8        7        6        5        4        3        2        2        2        1        1        1        1        1        1        1        1        1        1        1        1        1        1        1        1        1        1        1        2        2        2        2        3        3        3        3        2        2        2        2        1        1        1        1        1        1        1        0        0        0        0       0
