SWAN 1
LOCATIONS
     1
     -67.28  18.38
AFREQ
     56
     0.0300
     0.0400
     0.0500
     0.0600
     0.0700
     0.0800
     0.0900
     0.1000
     0.1100
     0.1200
     0.1300
     0.1400
     0.1500
     0.1600
     0.1700
     0.1800
     0.1900
     0.2000
     0.2100
     0.2200
     0.2300
     0.2400
     0.2500
     0.2600
     0.2700
     0.2800
     0.2900
     0.3000
     0.3100
     0.3200
     0.3300
     0.3400
     0.3500
     0.3600
     0.3700
     0.3800
     0.3900
     0.4000
     0.4100
     0.4200
     0.4300
     0.4400
     0.4500
     0.4600
     0.4700
     0.4800
     0.4900
     0.5000
     0.5100
     0.5200
     0.5300
     0.5400
     0.5500
     0.5600
     0.5700
     0.5800
NDIR
     72
     5.0000
     10.0000
     15.0000
     20.0000
     25.0000
     30.0000
     35.0000
     40.0000
     45.0000
     50.0000
     55.0000
     60.0000
     65.0000
     70.0000
     75.0000
     80.0000
     85.0000
     90.0000
     95.0000
     100.0000
     105.0000
     110.0000
     115.0000
     120.0000
     125.0000
     130.0000
     135.0000
     140.0000
     145.0000
     150.0000
     155.0000
     160.0000
     165.0000
     170.0000
     175.0000
     180.0000
     185.0000
     190.0000
     195.0000
     200.0000
     205.0000
     210.0000
     215.0000
     220.0000
     225.0000
     230.0000
     235.0000
     240.0000
     245.0000
     250.0000
     255.0000
     260.0000
     265.0000
     270.0000
     275.0000
     280.0000
     285.0000
     290.0000
     295.0000
     300.0000
     305.0000
     310.0000
     315.0000
     320.0000
     325.0000
     330.0000
     335.0000
     340.0000
     345.0000
     350.0000
     355.0000
     360.0000
QUANT
     1
VaDens
m2/Hz/degr
     -999.000000
FACTOR
     1.00000E-06
         135     103       77       59       46       36       30       25       21       18       16       15       13       12       12       11       11       10       10       10       10       10       10       10       11       11       12       12       13       14       14       15       16       17       17       18       18       18       18       18       17       17       16       16       15       15       14       14       13       13       13       13       13       14       14       15       16       17       19       21       23       27       32       38       47       59       76      100      131      161      177     165
        1177     745      485      335      246      189      152      126      107       94       84       77       71       67       64       62       61       60       61       62       63       65       68       71       74       78       82       86       89       91       92       92       90       86       81       76       71       65       60       56       52       48       45       42       40       39       37       36       36       36       36       36       37       39       41       43       46       51       56       63       73       85      103      127      162      216      301      446      703     1136     1630    1649
       56608   34097     6015     2216     1120      667      439      310      231      178      142      117       98       84       73       65       58       53       49       45       43       41       39       38       38       37       37       38       38       40       41       43       46       49       53       59       65       73       83       97      113      135      165      203      256      327      422      542      683      818      906      917      861      771      676      595      530      482      448      427      418      421      435      464      513      588      708      903     1247     1936     3647   10246
      204358   23253     8027     3929     2285     1476     1024      749      571      449      363      301      254      219      191      169      152      139      128      119      112      106      102       99       96       95       95       95       96       99      102      106      112      119      127      138      151      168      189      215      249      292      349      425      529      673      879     1180     1628     2294     3244     4424     5469     5824     5386     4588     3822     3227     2806     2527     2362     2292     2311     2427     2665     3081     3795     5078     7662    14129    40163  394874
     1588620   87184    27158    12684     7155     4514     3072     2209     1657     1287     1027      840      702      597      516      453      403      363      330      304      283      266      253      242      235      229      225      224      224      226      230      237      245      256      271      288      310      337      371      412      463      527      608      713      848     1027     1267     1595     2053     2703     3638     4986     6879     9326    11954    13896    14404    13618    12275    10971     9965     9323     9047     9149     9688    10818    12876    16640    24170    42471   111272 1577500
      698283  133563    51875    26493    15632    10094     6940     4998     3733     2872     2265     1824     1497     1249     1058      908      789      694      617      554      502      459      424      394      370      350      333      320      309      301      295      291      290      290      292      296      303      311      322      336      353      373      397      426      460      501      550      608      677      761      861      983     1132     1314     1539     1817     2163     2598     3146     3842     4736     5896     7429     9502    12404    16669    23387    35092    58878   121778   414473 2444210
      173984   51251    23748    13494     8610     5922     4295     3240     2521     2012     1639     1360     1146      979      846      740      654      584      526      478      437      404      375      351      331      315      301      289      280      272      267      263      260      260      260      263      266      272      279      288      299      312      327      346      367      392      422      456      496      544      599      665      742      835      947     1081     1246     1448     1700     2020     2431     2973     3706     4732     6233     8559    12463    19819    36453    89004   445460 1076870
       57441   24255    13432     8554     5919     4323     3276     2550     2025     1633     1334     1101      918      773      656      561      484      421      369      325      289      259      234      213      195      180      167      156      147      139      133      128      123      120      118      116      115      115      115      117      119      122      126      131      137      145      154      165      178      193      212      235      263      297      339      392      458      544      654      801     1000     1276     1672     2263     3189     4743     7605    13680    30019   100453   519397  253566
      107410  102137    45143    19344     9707     5516     3423     2265     1575     1139      851      653      513      412      336      279      236      202      175      153      135      121      110      100       92       86       80       76       72       69       67       65       64       63       63       63       64       65       67       69       72       75       79       84       91       98      107      117      130      146      165      189      218      254      299      357      431      527      651      815     1033     1326     1720     2255     2990     4011     5461     7604    10976    16825    28466   55420
       12168   28880    52026    23174     7447     3200     1678      997      646      445      321      241      186      148      120      100       84       72       63       55       49       44       40       37       35       33       31       30       28       28       27       27       27       27       27       28       29       30       31       33       36       38       42       46       51       57       65       75       88      104      125      153      191      244      318      426      583      819     1168     1667     2300     2935     3349     3437     3310     3138     3035     3063     3274     3766     4764    6879
       20528   24435    16109     8077     4219     2433     1528     1025      724      533      406      318      255      209      175      148      128      112       99       88       80       73       68       63       59       56       54       52       51       50       49       49       49       50       51       52       54       56       59       63       67       73       79       87       96      108      122      139      160      187      220      262      314      380      464      568      695      848     1025     1220     1426     1634     1840     2050     2277     2550     2913     3435     4243     5587     8007   12651
        4138    4150     3786     3152     2460     1859     1394     1053      807      630      500      404      333      278      236      203      176      156      139      125      114      104       97       91       85       81       78       75       73       72       71       71       71       72       73       75       78       81       85       90       95      102      111      121      133      147      164      184      209      238      274      317      368      429      501      585      681      788      905     1028     1155     1286     1419     1557     1707     1877     2078     2322     2623     2989     3411    3835
        3065    3073     2946     2724     2449     2158     1875     1614     1381     1176     1000      849      722      615      526      451      389      337      294      258      227      202      181      163      148      135      124      115      107      101       95       90       86       83       81       79       77       76       76       76       77       78       79       82       84       88       92       97      104      111      120      130      143      158      176      197      224      256      296      345      407      484      581      704      859     1054     1296     1588     1926     2288     2635    2911
        3200    2571     1948     1458     1104      854      674      544      448      374      318      274      239      210      187      168      152      138      127      117      109      102       96       91       87       83       79       77       74       72       71       69       69       68       68       68       68       68       69       70       72       74       76       78       81       85       89       94      100      106      114      122      133      145      159      176      196      221      251      289      336      396      475      579      719      912     1183     1564     2085     2725     3314    3525
        5487    3067     1563      883      554      376      271      205      161      130      108       92       80       70       63       57       53       49       46       44       43       41       41       41       41       41       42       44       46       49       52       56       61       67       75       85       97      113      132      156      185      221      262      306      348      381      397      396      379      353      324      297      272      252      237      226      218      215      216      222      232      248      273      308      359      436      555      751     1098     1781     3219    5499
        2275    3143     2502     1398      775      469      309      218      162      125      100       83       70       60       53       47       43       39       37       35       33       32       31       31       31       31       32       33       35       37       40       43       48       54       61       71       84      102      128      165      221      310      457      713     1133     1633     1759     1374      931      634      454      344      273      227      195      173      158      148      141      139      139      143      151      163      180      206      244      300      390      538      806    1323
         663     926     1181     1223     1002      716      497      353      260      199      158      129      108       93       82       73       67       62       58       55       53       52       52       52       53       54       57       60       65       70       78       88      102      119      144      177      225      295      395      536      707      849      868      751      586      443      337      263      211      174      148      129      115      104       96       91       87       85       84       85       87       90       96      103      114      128      147      174      212      266      348     473
         823    1014     1095      993      786      584      430      323      249      198      161      135      115      100       89       80       74       69       65       62       60       59       58       59       60       61       64       68       72       78       86       96      109      126      148      178      217      268      336      421      513      593      627      601      530      445      366      302      252      214      185      163      147      135      126      119      115      113      112      113      117      122      130      141      156      176      203      241      294      369      477     628
         238     276      317      355      382      391      379      349      310      270      233      201      175      154      137      123      113      104       98       93       90       88       87       87       88       90       94       99      106      116      128      143      164      190      225      271      331      406      492      577      631      632      578      493      406      330      270      223      188      161      140      125      112      103       96       90       86       84       82       82       82       84       86       90       96      102      111      123      137      155      177     204
         253     275      286      284      268      243      213      184      158      136      118      103       91       82       74       68       63       59       56       54       53       52       51       51       52       54       55       58       62       66       71       78       87       97      109      124      142      162      184      205      223      234      236      229      215      197      177      159      142      128      116      107       99       92       88       84       82       81       80       81       83       86       90       95      102      111      123      137      155      176      200     227
         425     421      376      312      249      197      157      127      105       88       76       66       59       53       48       45       42       40       38       37       37       37       37       37       38       40       42       44       47       51       56       61       68       75       84       93      103      113      121      127      129      128      124      117      109      101       93       86       79       74       70       66       63       62       60       60       60       62       64       67       71       77       84       94      107      124      146      176      216      267      327     387
          79      86       94      104      116      129      141      153      161      165      163      155      144      130      116      103       92       82       73       66       60       56       52       49       46       44       43       42       42       42       43       44       45       48       50       54       58       64       71       79       89      102      116      132      150      167      181      189      190      183      170      154      138      122      109       97       88       80       74       69       65       62       59       58       57       57       58       59       61       64       68      73
         145     144      141      138      134      129      125      120      116      112      109      106      104      103      102      101      102      102      104      106      109      113      117      122      128      135      141      148      155      162      167      171      173      173      171      167      161      153      145      137      129      121      114      108      102       97       93       90       87       84       83       82       81       81       82       83       84       86       89       92       96      100      105      110      116      122      127      133      137      141      144     145
         178     156      131      109       90       76       64       55       48       43       39       36       33       31       30       29       29       29       29       30       31       32       34       37       41       45       51       59       69       83      100      121      147      173      194      201      192      170      144      119       98       82       69       59       51       46       41       38       35       33       31       30       30       30       30       31       32       34       36       39       42       47       54       62       72       86      104      125      149      172      188     190
         110     122      134      143      148      148      143      134      123      112      101       91       83       75       69       64       61       57       55       53       52       52       52       53       54       56       58       62       66       70       76       82       90       97      104      111      116      118      117      113      107       99       90       82       74       67       61       55       51       47       44       41       39       38       37       36       36       36       36       37       38       39       41       44       47       51       55       61       68       76       86      97
          44      46       49       52       54       58       61       64       66       69       70       71       71       70       69       67       65       62       60       57       55       53       51       50       49       48       47       47       47       48       49       50       52       54       57       60       64       68       73       78       83       88       92       95       97       98       96       93       89       83       78       72       67       62       57       53       50       47       44       42       40       39       38       38       37       37       37       38       38       39       41      42
          31      38       47       59       74       92      108      118      115      103       87       71       58       48       41       35       31       27       25       23       22       21       20       20       20       21       21       23       24       26       29       33       38       44       52       62       73       84       92       94       88       77       64       53       43       35       29       25       21       18       16       15       13       12       11       11       10       10       10       10       10       10       10       11       12       12       13       15       17       19       22      26
          70      76       82       88       93       98      102      104      105      104      102      100       96       92       89       85       82       79       76       74       72       70       69       68       68       67       67       67       67       67       66       66       65       64       63       62       60       58       55       53       51       48       46       43       41       39       38       36       35       33       32       31       31       30       30       30       30       30       31       31       32       33       35       36       38       41       43       47       50       54       59      64
          98     120      143      162      172      169      156      138      119      102       88       77       69       62       57       53       50       48       46       45       45       45       46       47       49       50       52       53       55       56       56       55       53       50       47       43       39       36       32       29       26       24       22       20       18       17       16       15       14       14       14       13       13       13       13       13       14       14       15       16       17       18       20       22       25       28       32       37       44       53       65      80
          55      65       75       86       96      103      105      102       95       86       77       68       61       54       49       45       41       39       37       35       34       33       33       33       34       35       36       38       40       42       45       48       50       53       55       56       56       55       52       49       45       41       37       33       30       27       25       23       21       20       18       17       17       16       16       15       15       15       16       16       16       17       18       19       21       22       25       28       31       35       41      47
          45      51       58       67       77       87       97      104      108      108      104       98       89       81       73       66       60       55       50       47       44       42       41       40       40       39       40       40       42       43       45       47       50       53       56       59       61       63       64       64       62       60       56       52       48       44       40       36       33       30       28       26       24       23       22       21       20       20       20       19       20       20       20       21       22       23       25       27       29       32       35      39
          19      19       20       22       24       26       28       32       36       42       49       58       70       87      108      135      167      200      224      230      216      189      160      133      112       95       81       71       63       57       53       49       47       45       44       43       43       43       44       45       47       48       50       52       54       55       56       56       56       54       52       49       45       42       38       35       32       29       27       25       23       22       21       20       19       18       18       17       17       17       18      18
          15      16       16       17       17       18       19       20       22       23       26       28       31       34       38       43       49       56       64       72       81       88       93       94       92       87       79       71       63       55       49       43       38       34       31       28       26       24       22       21       20       19       18       17       17       16       16       15       15       15       15       15       15       14       14       14       14       14       14       14       14       14       14       14       14       14       14       14       14       15       15      15
          21      22       23       25       27       30       33       36       41       46       52       60       70       81       94      108      122      135      142      144      139      130      117      104       91       80       70       62       55       50       45       41       38       35       33       31       29       28       26       25       24       24       23       22       22       21       21       20       20       19       19       19       18       18       18       17       17       17       17       17       16       16       16       16       17       17       17       17       18       18       19      20
          84      92       96       95       89       82       73       65       59       53       49       45       42       41       39       39       39       39       40       42       44       47       50       54       57       61       63       64       63       60       55       49       43       37       32       28       24       21       19       16       15       13       12       11       11       10       10        9        9        9        9        9        9        9        9        9       10       11       11       12       13       15       17       19       22       25       30       35       43       51       62      73
          43      48       53       57       61       64       67       68       68       67       66       64       63       61       59       57       55       54       53       52       51       50       49       48       47       46       45       43       41       39       37       35       32       30       28       25       24       22       20       19       17       16       15       14       14       13       13       12       12       12       11       11       11       11       12       12       12       12       13       14       14       15       16       18       19       21       23       25       28       31       35      39
          11      11       12       12       13       14       14       15       16       17       18       20       21       23       25       28       30       33       37       41       45       49       53       58       62       65       67       68       67       65       62       59       55       50       46       42       38       35       32       29       27       24       22       21       19       18       17       16       15       14       13       13       12       12       11       11       11       10       10       10       10       10       10       10       10       10       10       10       10       10       10      11
          12      13       13       14       14       15       16       17       18       20       21       23       25       28       31       34       37       41       44       47       49       51       51       50       48       45       42       39       36       33       30       27       25       23       21       20       19       18       17       16       15       15       14       14       13       13       13       12       12       12       12       12       12       11       11       11       11       11       11       11       11       11       11       11       11       11       11       11       11       11       12      12
          12      13       14       15       17       18       20       22       24       27       30       32       36       39       42       45       47       49       51       52       53       53       53       53       52       51       50       49       48       47       46       44       42       40       38       36       34       32       30       27       25       23       21       20       18       17       16       14       13       13       12       11       11       10       10        9        9        9        9        8        8        8        8        8        9        9        9        9       10       10       11      11
           9      10       11       13       14       16       19       21       25       28       32       37       42       46       50       52       54       54       53       51       48       45       43       40       38       36       34       32       31       29       28       27       25       24       22       21       20       18       17       16       15       13       12       11       10       10        9        8        8        7        7        6        6        6        6        6        5        5        5        5        5        5        5        5        6        6        6        6        7        7        8       8
           2       2        2        3        3        4        5        7        9       13       19       29       49       85      125      123       84       54       36       26       20       16       13       12       10       10        9        9        9        9       10       11       12       13       15       18       21       24       26       26       23       20       16       12        9        7        6        5        4        3        3        2        2        2        1        1        1        1        1        1        1        1        1        1        1        1        1        1        1        1        1       2
           6       7        8       10       12       15       19       23       28       32       34       33       30       26       22       19       16       14       12       11       10        9        9        9        8        8        9        9        9       10       10       11       12       13       14       15       15       16       16       15       14       12       11        9        8        7        6        5        5        4        4        3        3        3        3        2        2        2        2        2        2        2        2        2        2        3        3        3        3        4        4       5
           6       6        6        7        8        8        9       11       12       14       16       18       21       24       26       28       29       29       28       26       24       22       20       18       16       15       13       12       12       11       11       10       10       10       10       10       10       11       11       11       12       12       12       13       13       13       13       13       13       12       12       11       10        9        9        8        7        7        6        6        6        5        5        5        5        5        5        5        5        5        5       5
           5       6        7        8        9       11       12       14       16       18       19       20       21       21       20       20       19       18       17       16       16       16       15       16       16       17       17       19       20       22       24       27       30       34       36       37       36       33       29       24       20       17       14       11        9        8        7        6        5        5        4        4        3        3        3        3        3        3        3        3        3        3        3        3        3        3        3        3        4        4        4       5
           4       5        5        6        8        9       11       14       17       20       23       26       27       26       25       22       20       17       16       14       13       12       11       11       10       10       10       10       11       11       12       12       13       14       15       15       16       16       15       14       12       11        9        8        7        6        5        5        4        4        3        3        3        2        2        2        2        2        2        2        2        2        2        2        2        2        2        2        3        3        3       4
           7       8        9       11       11       12       11       10       10        9        8        7        7        6        6        6        6        6        6        7        7        8        9       11       13       16       20       24       28       28       25       20       15       11        8        6        5        4        3        2        2        2        1        1        1        1        1        1        1        1        1        1        1        1        1        1        1        1        1        1        1        1        1        1        1        2        2        2        3        4        4       5
           4       5        6        6        7        8        9       10       11       12       13       13       14       14       14       14       14       13       13       13       12       12       12       12       12       12       12       12       12       12       12       12       12       12       12       11       10       10        9        8        7        6        6        5        5        4        4        4        3        3        3        3        2        2        2        2        2        2        2        2        2        2        2        2        2        3        3        3        3        3        4       4
           5       5        6        6        7        7        7        7        7        7        7        7        6        6        6        6        6        6        6        6        6        6        6        6        7        7        7        8        9       10       10       11       12       12       13       12       12       11       10        9        8        7        6        5        4        4        4        3        3        3        2        2        2        2        2        2        2        2        2        2        2        2        2        2        2        3        3        3        3        4        4       4
           4       4        4        5        5        6        7        8        9       10       11       12       14       15       15       16       16       16       15       14       13       13       12       11       10       10        9        9        9        9        8        8        8        8        8        8        8        8        7        7        7        7        6        6        6        5        5        5        4        4        4        4        3        3        3        3        3        3        3        2        2        2        2        2        2        3        3        3        3        3        3       3
           4       5        5        6        6        7        7        7        8        8        8        8        9        9        9        9        9        9        9       10       10       10       11       11       12       12       13       14       14       14       14       14       13       12       11       10        9        8        7        6        5        5        4        4        3        3        3        3        2        2        2        2        2        2        2        2        2        2        2        2        2        2        2        2        2        2        3        3        3        3        4       4
           5       5        5        6        6        6        6        6        7        7        7        7        7        7        7        7        7        8        8        8        9        9       10       10       11       12       12       13       13       14       14       14       13       12       11       10        9        8        7        6        6        5        5        4        4        3        3        3        3        3        2        2        2        2        2        2        2        2        2        2        2        2        3        3        3        3        3        3        4        4        4       4
           1       1        1        1        1        1        1        2        2        2        2        3        3        4        5        6        7        9       11       14       16       18       18       18       17       15       13       12       11       10        9        8        8        7        7        7        7        7        7        7        7        7        7        7        7        6        6        5        5        4        4        3        3        3        2        2        2        2        1        1        1        1        1        1        1        1        1        1        1        1        1       1
           1       1        2        2        2        2        3        3        4        5        6        7        8        9       10       11       12       12       12       12       11       10       10        9        9        8        8        8        8        8        8        8        8        8        8        8        7        7        7        6        6        5        4        4        3        3        3        2        2        2        2        1        1        1        1        1        1        1        1        1        1        1        1        1        1        1        1        1        1        1        1       1
           1       1        1        1        1        2        2        3        4        5        7        9       12       14       14       12       10        8        6        5        4        3        3        3        2        2        2        2        2        2        2        2        3        3        3        4        5        6        8       10       11       12       12       10        8        6        4        3        3        2        2        1        1        1        1        1        0        0        0        0        0        0        0        0        0        0        0        0        0        0        0       0
           1       1        1        1        1        1        1        1        1        2        2        2        2        2        2        3        3        3        4        5        6        7        8       10       13       16       19       20       20       19       16       13       11        9        7        6        5        5        4        3        3        3        3        2        2        2        2        2        2        2        2        2        2        2        2        2        2        2        2        2        2        1        1        1        1        1        1        1        1        1        1       1
           1       1        1        1        1        2        2        2        2        2        3        3        3        3        3        3        3        4        4        4        4        4        5        5        6        7        8       10       12       16       21       29       39       44       39       29       19       13        9        6        5        4        3        2        2        1        1        1        1        1        1        1        0        0        0        0        0        0        0        0        0        0        0        0        0        0        0        0        1        1        1       1
