SWAN 1
LOCATIONS
     1
     681726.07 2033118.57
AFREQ
     56
     0.0300
     0.0400
     0.0500
     0.0600
     0.0700
     0.0800
     0.0900
     0.1000
     0.1100
     0.1200
     0.1300
     0.1400
     0.1500
     0.1600
     0.1700
     0.1800
     0.1900
     0.2000
     0.2100
     0.2200
     0.2300
     0.2400
     0.2500
     0.2600
     0.2700
     0.2800
     0.2900
     0.3000
     0.3100
     0.3200
     0.3300
     0.3400
     0.3500
     0.3600
     0.3700
     0.3800
     0.3900
     0.4000
     0.4100
     0.4200
     0.4300
     0.4400
     0.4500
     0.4600
     0.4700
     0.4800
     0.4900
     0.5000
     0.5100
     0.5200
     0.5300
     0.5400
     0.5500
     0.5600
     0.5700
     0.5800
NDIR
     72
     5.0000
     10.0000
     15.0000
     20.0000
     25.0000
     30.0000
     35.0000
     40.0000
     45.0000
     50.0000
     55.0000
     60.0000
     65.0000
     70.0000
     75.0000
     80.0000
     85.0000
     90.0000
     95.0000
     100.0000
     105.0000
     110.0000
     115.0000
     120.0000
     125.0000
     130.0000
     135.0000
     140.0000
     145.0000
     150.0000
     155.0000
     160.0000
     165.0000
     170.0000
     175.0000
     180.0000
     185.0000
     190.0000
     195.0000
     200.0000
     205.0000
     210.0000
     215.0000
     220.0000
     225.0000
     230.0000
     235.0000
     240.0000
     245.0000
     250.0000
     255.0000
     260.0000
     265.0000
     270.0000
     275.0000
     280.0000
     285.0000
     290.0000
     295.0000
     300.0000
     305.0000
     310.0000
     315.0000
     320.0000
     325.0000
     330.0000
     335.0000
     340.0000
     345.0000
     350.0000
     355.0000
     360.0000
QUANT
     1
VaDens
m2/Hz/degr
     -999.000000
FACTOR
     1.00000E-06
         110     122      136      149      159      161      152      134      113       91       73       58       46       37       31       25       21       18       16       14       12       11       10        9        8        8        7        7        7        6        6        6        6        6        6        6        6        7        7        7        8        8        9        9       10       11       12       14       16       18       20       23       26       30       34       38       43       48       52       56       60       63       65       67       68       70       73       76       79       85       91     100
        1082     903      730      589      481      401      340      295      259      232      211      193      179      167      157      149      141      134      127      121      115      109      103       97       91       86       80       75       70       66       62       58       55       52       49       47       45       43       41       40       39       39       38       38       38       38       39       40       41       43       45       47       50       54       59       64       71       80       91      105      123      146      177      219      275      354      465      616      810     1021     1177    1198
        5147    2927     1904     1353     1023      808      660      553      473      410      359      318      283      253      227      205      185      167      152      138      126      115      105       96       89       82       76       71       66       62       59       56       54       52       50       48       47       47       46       46       46       46       47       48       49       51       53       56       59       64       68       74       82       91      102      115      133      155      183      221      273      345      450      608      863     1306     2163     4094     9415    23099    24581   10997
       46188   14537     6794     3842     2434     1665     1204      908      709      569      468      393      336      292      258      231      209      192      177      166      157      150      145      141      138      137      137      138      140      143      148      155      163      174      187      203      223      247      278      316      364      425      505      609      747      932     1185     1530     1998     2614     3368     4169     4825     5143     5079     4763     4363     3995     3711     3528     3450     3485     3649     3982     4557     5529     7241    10561    18294    44252   239640  322527
      162238   52823    25057    14280     9083     6221     4497     3388     2639     2113     1731     1447     1231     1064      933      829      745      677      622      577      541      511      488      469      455      444      438      435      435      438      445      455      469      487      510      538      571      612      660      718      786      868      966     1083     1223     1389     1587     1823     2101     2425     2798     3221     3689     4194     4727     5278     5840     6417     7023     7690     8468     9431    10695    12445    15006    19002    25782    38790    69291   174633   997728 1125250
      125772   46479    22928    13214     8395     5705     4076     3028     2321     1827     1470     1207     1008      855      736      641      565      504      454      413      380      352      329      310      295      282      272      265      259      256      254      254      256      260      265      273      283      295      311      329      351      377      408      446      490      544      608      685      778      892     1030     1199     1408     1664     1980     2371     2854     3451     4188     5101     6236     7665     9507    11966    15424    20650    29367    46099    86144   228880   910318  582322
      241503   57369    23620    12444     7512     4945     3460     2533     1922     1502     1202      982      817      691      592      515      453      403      362      329      301      278      259      244      231      220      212      205      200      197      194      194      194      196      199      203      209      217      226      237      251      267      286      308      334      365      402      446      497      558      630      717      820      944     1092     1270     1485     1744     2059     2444     2921     3522     4295     5323     6750     8847    12170    18023    30083    62474   210558  790240
      151486   40702    14285     6675     3683     2259     1493     1042      759      573      445      354      288      239      201      172      150      132      117      106       96       88       82       77       72       69       66       64       63       62       61       61       62       63       64       66       69       72       77       82       88       96      105      116      130      147      168      195      228      272      328      401      499      631      812     1061     1404     1876     2507     3309     4252     5244     6180     7014     7815     8764    10158    12526    17053    27241    57383  162978
       18762   27809    29488    18047     8844     4561     2594     1605     1061      739      537      404      313      248      202      167      140      120      104       91       81       73       66       61       57       53       50       48       46       44       43       43       43       43       43       44       45       46       48       51       54       58       63       68       75       84       95      108      125      146      174      210      258      323      414      543      731     1010     1436     2088     3066     4414     5942     7145     7619     7507     7228     7105     7327     8074     9664   12784
       33128   32055    12547     5016     2459     1392      870      583      412      303      231      181      146      119      100       85       73       64       57       51       46       42       39       36       34       32       31       30       29       29       29       29       29       29       30       31       32       34       36       38       41       45       49       54       61       69       79       92      108      128      155      190      237      301      386      503      660      867     1126     1421     1719     1976     2167     2303     2423     2576     2822     3241     3984     5387     8370   15874
       12641   13189     9866     6061     3623     2259     1488     1030      744      557      430      340      276      228      192      164      142      125      111      100       91       83       77       72       68       65       63       61       59       58       58       58       58       59       61       63       65       69       72       77       83       90       99      109      121      137      155      178      207      242      286      342      412      499      606      737      891     1067     1256     1450     1637     1812     1978     2146     2335     2572     2894     3360     4062     5159     6913    9595
        2145    1869     1617     1392     1195     1024      877      751      644      553      477      412      357      312      273      241      213      190      171      154      140      128      118      110      102       96       91       87       83       80       78       76       74       74       73       73       74       75       77       79       82       85       89       95      101      108      117      127      140      155      173      195      222      255      296      348      412      494      598      731      901     1117     1386     1710     2076     2449     2771     2975     3022     2917     2703    2431
        2128    1733     1389     1112      896      730      602      503      426      365      316      277      245      219      198      180      165      152      142      133      125      119      114      110      106      103      101       99       98       98       98       98       99      100      102      105      108      111      115      120      126      132      139      147      157      167      179      192      207      224      244      266      291      320      354      394      440      495      561      641      739      860     1011     1200     1435     1724     2062     2419     2725     2877     2801    2518
         972    1113     1258     1376     1419     1357     1203     1006      812      646      515      414      338      280      235      201      174      153      136      123      112      103       96       90       86       82       80       78       77       77       77       78       80       82       86       90       95      102      110      120      132      146      164      185      211      243      281      325      377      434      494      552      601      636      653      652      638      615      589      564      542      525      515      510      513      524      545      575      618      676      753     850
        1593    1809     1810     1578     1245      939      704      535      416      331      270      224      190      164      144      129      116      106       99       92       88       84       81       79       78       78       78       79       81       84       87       92       97      104      112      122      133      147      163      181      202      226      251      277      302      324      341      351      355      352      345      334      322      311      300      291      285      282      281      285      292      304      321      345      378      422      482      563      674      827     1035    1301
         364     522      718      825      720      514      345      236      168      125       97       77       64       54       46       41       36       33       31       29       27       26       26       26       26       26       27       28       29       31       34       38       42       48       57       68       83      106      141      197      294      473      813     1335     1550     1124      676      419      281      202      154      123      103       88       78       70       65       61       59       58       58       59       61       65       70       77       87      102      121      150      193     259
         482     668      861      923      787      576      403      286      210      160      126      102       85       73       64       57       51       47       44       42       40       39       39       39       39       40       42       44       47       51       56       63       73       85      103      128      165      221      315      481      793     1373     2060     1969     1268      754      478      328      240      186      150      125      108       96       87       80       76       73       71       71       72       74       78       83       91      101      115      135      163      202      261     349
         277     311      330      324      295      254      212      175      145      121      102       88       77       68       61       56       52       49       46       45       44       43       43       44       45       47       50       53       58       64       72       83       98      118      147      191      259      372      573      947     1586     2134     1815     1139      692      450      314      233      182      147      124      107       95       86       79       74       71       69       68       69       70       72       76       81       88       97      109      124      144      169      200     237
         164     168      171      171      169      165      160      153      145      137      129      121      114      107      102       97       93       90       87       86       85       85       85       87       89       92       97      103      110      120      132      148      168      194      229      275      337      420      531      675      839      987     1056     1007      873      714      572      459      374      310      262      226      199      178      162      149      140      132      127      123      121      120      120      121      124      127      131      135      141      147      153     159
         235     286      337      375      380      349      296      240      191      153      124      102       86       74       64       57       51       47       44       41       39       38       37       36       36       37       38       40       42       45       48       53       60       68       79       95      116      145      188      252      348      486      652      771      748      608      454      334      252      196      157      131      111       97       87       79       74       70       67       66       66       67       68       71       76       82       90      101      115      135      160     193
         154     183      217      257      295      324      332      316      281      240      201      167      140      119      102       89       79       71       65       60       56       54       52       51       50       51       52       53       56       59       64       70       78       89      103      123      151      191      251      345      495      731     1045     1264     1159      853      584      405      293      222      174      142      119      103       91       82       75       70       67       64       63       62       63       64       67       70       75       81       90      100      114     132
         162     175      185      191      192      186      176      162      146      131      117      104       94       85       77       71       66       62       59       56       54       53       53       53       54       55       57       60       64       69       75       84       95      109      128      155      191      242      316      421      567      740      878      891      771      604      458      349      272      218      180      152      132      117      105       97       90       86       83       81       80       80       81       83       87       91       97      104      113      123      135     148
         424     458      395      292      204      145      106       80       63       51       42       36       31       27       25       22       21       20       19       18       18       18       18       18       18       19       20       22       24       26       30       34       40       48       60       76      101      141      209      327      527      762      793      583      376      247      172      127       99       80       67       58       52       47       44       42       40       40       40       41       42       45       48       54       61       70       84      104      133      176      241     330
          83      99      120      146      177      210      237      247      235      207      174      143      117       96       81       69       60       53       47       43       40       38       36       35       34       34       34       35       36       38       41       44       49       55       63       74       88      109      139      183      248      338      445      521      507      416      311      229      171      132      105       86       72       62       54       49       45       42       39       38       37       36       36       37       38       40       42       45       49       55       62      71
          95     107      122      138      154      169      180      184      182      173      159      144      129      115      103       93       84       77       72       67       64       61       59       58       58       59       60       62       65       68       73       80       88       98      110      126      145      166      190      213      232      241      237      222      199      174      150      128      111       96       84       75       68       62       57       53       50       48       46       46       45       45       46       47       48       51       54       57       62       68       75      84
          89      93       97      100      103      104      105      104      101       98       94       89       85       80       76       72       68       65       62       60       58       57       56       55       55       56       57       59       61       64       68       74       80       88       98      110      125      144      167      195      227      261      293      317      327      319      296      266      233      202      175      153      134      120      108       98       90       84       79       76       73       71       70       70       70       70       72       73       76       79       82      86
          56      59       62       65       69       72       75       77       79       80       80       79       77       75       72       69       66       64       61       59       57       56       55       54       54       55       56       57       60       63       66       72       78       86       97      110      127      149      176      210      251      294      333      355      351      323      281      236      196      163      136      115       99       87       77       69       63       58       54       51       49       47       46       45       45       45       45       46       47       49       51      53
          41      43       45       46       48       50       51       52       53       53       53       52       51       49       47       45       43       42       40       39       38       37       36       35       35       35       36       36       37       39       40       43       45       49       53       58       65       72       81       92      103      115      127      136      142      142      137      128      116      104       92       82       73       65       58       53       49       45       42       40       38       37       36       35       35       35       35       35       36       37       38      39
          64      79      101      131      173      223      264      269      233      181      134      100       76       60       48       40       34       29       26       23       21       19       18       17       17       16       16       16       17       17       18       19       21       23       26       29       34       40       49       62       81      110      157      233      348      469      488      384      265      181      129       96       75       60       50       43       38       34       32       30       28       27       27       27       28       29       30       33       36       40       46      54
          40      48       59       75       99      135      188      257      316      320      265      195      141      103       78       61       50       41       35       31       28       25       23       22       21       21       20       20       21       22       23       24       26       29       33       38       45       54       68       89      120      169      241      328      378      341      255      179      126       92       70       55       45       38       32       28       26       23       22       20       20       19       19       19       19       20       21       22       24       26       30      34
          62      67       71       75       78       79       79       77       74       70       65       60       56       51       47       44       41       38       36       34       32       31       30       30       30       30       30       30       31       32       33       35       37       39       42       45       49       53       57       62       66       69       72       74       74       73       70       67       64       60       56       52       49       46       44       42       40       39       38       37       37       37       37       38       39       41       42       45       47       50       54      58
          40      43       46       50       53       57       59       61       61       60       58       56       52       49       45       42       39       36       34       32       31       29       28       28       28       27       28       28       29       30       32       34       37       40       45       50       57       65       76       88      101      115      127      135      136      129      118      104       90       77       67       58       51       45       41       37       34       32       30       29       28       27       27       27       27       27       28       29       31       32       34      37
          35      42       50       60       73       87      101      111      114      108       96       82       70       59       50       43       37       33       30       27       25       24       23       22       22       22       22       23       24       25       27       29       32       36       41       48       56       65       76       88       97      101       99       90       79       67       56       47       40       34       29       26       23       21       19       18       17       16       15       15       15       15       15       15       16       17       18       19       21       23       26      30
          16      19       23       28       36       48       65       91      128      168      187      170      132       96       71       54       42       34       29       24       22       19       18       17       16       15       15       15       16       16       17       18       20       23       26       31       37       45       58       74       96      118      132      127      106       82       62       47       36       29       23       19       16       14       13       11       10       10        9        9        8        8        8        8        8        9        9        9       10       11       12      14
          18      19       21       23       26       29       33       38       43       51       59       68       77       84       88       87       83       76       67       59       52       46       41       37       33       31       28       27       26       25       24       24       24       25       26       27       28       30       32       35       39       43       47       52       57       61       64       65       64       60       56       50       45       39       35       31       28       25       23       21       19       18       17       16       16       16       15       15       16       16       16      17
          12      12       12       12       13       13       13       14       14       14       14       14       14       14       14       14       14       14       13       13       13       13       12       12       12       12       12       12       13       13       13       14       15       16       17       18       20       22       25       28       32       37       42       49       55       61       65       67       65       60       54       48       41       36       31       27       24       21       19       17       16       15       14       13       13       12       12       12       11       11       11      12
          10      11       11       12       13       15       16       18       21       24       29       34       40       47       55       61       64       64       61       54       48       41       36       31       27       24       22       20       18       17       17       16       16       16       16       16       17       18       19       20       22       25       28       32       37       42       49       55       60       63       62       57       51       44       37       32       27       23       20       18       16       14       13       12       11       11       10       10       10       10       10      10
          15      16       17       17       18       20       21       22       24       25       26       27       27       27       26       25       24       22       20       19       17       16       15       14       13       12       12       11       11       11       10       10       10       11       11       11       12       12       13       14       15       17       18       20       23       26       29       32       35       37       39       40       39       38       35       32       29       27       24       22       20       19       18       17       16       15       15       14       14       14       15      15
          19      21       23       25       27       30       33       36       37       38       38       36       33       30       26       23       20       17       15       14       12       11       10        9        9        8        8        7        7        7        7        7        7        7        8        8        8        9       10       11       12       13       14       16       19       21       24       27       30       33       35       36       35       34       32       29       27       24       22       21       19       18       17       16       16       16       15       16       16       16       17      18
          13      14       15       17       18       21       23       27       31       35       40       45       49       51       51       49       45       40       35       31       27       24       21       19       17       16       15       14       13       13       13       12       12       13       13       14       14       15       16       18       20       22       24       27       31       35       39       42       44       45       44       41       37       33       30       26       23       20       18       17       15       14       13       13       12       12       12       11       12       12       12      13
           6       7        7        8        8        9       10       12       13       16       18       22       26       30       34       37       38       37       33       29       25       21       18       16       14       12       11       10        9        9        8        8        8        8        8        8        9        9       10       11       12       13       15       18       22       27       33       41       51       60       64       62       54       44       35       28       22       18       15       13       11       10        9        8        7        7        7        6        6        6        6       6
           5       5        6        6        7        7        8        9       10       12       14       16       19       23       28       32       36       37       36       32       28       24       20       17       15       13       11       10        9        8        8        8        7        7        7        7        8        8        8        9       10       11       13       15       17       21       26       33       43       53       62       65       61       51       40       31       24       19       15       13       11        9        8        7        7        6        6        6        5        5        5       5
           9       9        9        9        9       10       10       10       11       11       12       12       13       14       15       15       16       17       18       19       19       19       20       20       20       19       19       19       18       18       18       17       17       17       17       17       17       18       18       19       20       20       22       23       25       26       28       30       31       33       34       34       34       33       31       29       26       24       22       20       18       16       15       14       13       12       11       11       10       10       10       9
           8       9        9       10       11       12       14       15       17       20       22       24       26       27       27       26       24       22       20       17       15       14       12       11       10        9        9        8        8        7        7        7        7        7        7        7        8        8        9        9       10       11       12       13       15       16       18       20       21       22       22       21       21       19       18       16       14       13       12       11       10        9        9        8        8        8        7        7        7        7        8       8
           8       8        9        9       10       11       12       14       15       18       20       24       27       31       34       36       36       35       32       29       25       22       19       17       15       13       12       11       10        9        9        9        8        8        8        8        8        9        9        9       10       11       11       12       13       15       16       17       18       19       20       20       20       19       18       17       15       14       13       11       11       10        9        9        8        8        7        7        7        7        7       7
           4       5        5        5        6        7        7        8       10       11       13       15       18       21       23       26       28       28       28       26       23       21       18       16       14       13       12       11       10        9        9        9        9        8        8        8        9        9        9       10       10       10       11       12       12       12       13       13       12       12       11       11       10        9        8        8        7        6        6        5        5        5        4        4        4        4        4        4        4        4        4       4
           3       3        3        3        4        4        4        5        6        7        8       10       13       17       23       29       36       41       39       33       26       20       16       12       10        8        7        6        5        5        4        4        4        4        4        4        4        4        4        4        4        4        5        5        5        6        7        7        8        8        9        9        9        9        8        7        7        6        5        5        4        4        4        3        3        3        3        3        3        3        3       3
           3       3        4        4        5        6        7        9       11       14       17       20       24       26       26       25       22       19       16       14       12       11        9        8        8        7        7        6        6        6        6        6        6        6        6        6        6        6        6        6        5        5        5        5        5        4        4        4        4        3        3        3        3        2        2        2        2        2        2        2        2        2        2        2        2        2        2        2        2        2        2       3
           1       2        2        2        2        3        4        4        5        7        9       12       16       20       24       26       24       20       16       13       11        9        7        6        5        5        5        4        4        4        4        4        4        4        5        5        6        7        8       10       12       15       19       23       25       25       21       17       13       10        7        6        5        4        3        3        2        2        2        2        1        1        1        1        1        1        1        1        1        1        1       1
           2       2        2        2        2        2        2        3        3        3        4        4        5        5        6        7        7        8        9       10       10       11       11       11       10       10        9        9        8        8        7        7        7        7        7        7        7        7        8        8        8        9       10       10       11       11       11       11       11       11       10        9        8        7        6        5        5        4        4        3        3        3        2        2        2        2        2        2        2        2        2       2
           2       3        3        3        4        4        5        6        6        8        9       11       13       14       15       15       15       14       12       11       10        8        7        7        6        5        5        5        5        4        4        4        4        4        5        5        5        5        5        6        6        7        7        7        7        7        7        7        6        6        5        5        4        4        3        3        3        3        2        2        2        2        2        2        2        2        2        2        2        2        2       2
           3       3        3        4        5        6        7        8       10       12       15       17       18       18       17       15       13       11        9        8        7        6        6        5        5        4        4        4        4        4        4        4        4        4        5        5        5        5        6        6        6        6        6        6        5        5        5        4        4        3        3        3        2        2        2        2        2        2        2        1        1        1        1        1        1        1        2        2        2        2        2       2
           2       2        2        2        2        2        3        3        3        3        4        5        5        6        7        8        9       10       11       12       12       11       10        9        8        7        7        6        5        5        4        4        4        4        4        3        3        3        3        3        3        3        4        4        4        4        4        4        4        4        4        4        4        4        4        3        3        3        3        3        2        2        2        2        2        2        2        2        2        2        2       2
           3       3        3        4        4        5        5        6        7        8        9       11       13       15       16       16       15       14       12       10        9        7        6        5        5        4        4        3        3        3        3        3        3        3        3        3        3        3        3        3        3        3        4        4        4        5        5        6        6        7        7        7        7        7        6        6        6        5        5        4        4        4        3        3        3        3        3        3        3        3        3       3
           3       3        3        4        4        4        5        6        7        8        9       10       11       13       13       13       12       11       10        8        7        6        5        4        4        3        3        3        2        2        2        2        2        2        2        2        2        2        2        2        2        2        2        2        2        2        2        3        3        3        3        3        3        4        4        4        4        3        3        3        3        3        3        3        3        3        3        3        3        3        3       3
           5       5        6        6        7        7        8        9       10       10       11       11       11       11       10       10        9        8        7        6        6        5        5        4        4        4        3        3        3        3        3        2        2        2        2        2        2        2        2        2        2        2        2        2        2        2        2        2        2        2        2        2        2        2        2        2        2        2        2        2        2        3        3        3        3        3        3        3        3        4        4       4
