SWAN 1
LOCATIONS
     1
     -67.28  18.38
AFREQ
     56
     0.0300
     0.0400
     0.0500
     0.0600
     0.0700
     0.0800
     0.0900
     0.1000
     0.1100
     0.1200
     0.1300
     0.1400
     0.1500
     0.1600
     0.1700
     0.1800
     0.1900
     0.2000
     0.2100
     0.2200
     0.2300
     0.2400
     0.2500
     0.2600
     0.2700
     0.2800
     0.2900
     0.3000
     0.3100
     0.3200
     0.3300
     0.3400
     0.3500
     0.3600
     0.3700
     0.3800
     0.3900
     0.4000
     0.4100
     0.4200
     0.4300
     0.4400
     0.4500
     0.4600
     0.4700
     0.4800
     0.4900
     0.5000
     0.5100
     0.5200
     0.5300
     0.5400
     0.5500
     0.5600
     0.5700
     0.5800
NDIR
     72
     5.0000
     10.0000
     15.0000
     20.0000
     25.0000
     30.0000
     35.0000
     40.0000
     45.0000
     50.0000
     55.0000
     60.0000
     65.0000
     70.0000
     75.0000
     80.0000
     85.0000
     90.0000
     95.0000
     100.0000
     105.0000
     110.0000
     115.0000
     120.0000
     125.0000
     130.0000
     135.0000
     140.0000
     145.0000
     150.0000
     155.0000
     160.0000
     165.0000
     170.0000
     175.0000
     180.0000
     185.0000
     190.0000
     195.0000
     200.0000
     205.0000
     210.0000
     215.0000
     220.0000
     225.0000
     230.0000
     235.0000
     240.0000
     245.0000
     250.0000
     255.0000
     260.0000
     265.0000
     270.0000
     275.0000
     280.0000
     285.0000
     290.0000
     295.0000
     300.0000
     305.0000
     310.0000
     315.0000
     320.0000
     325.0000
     330.0000
     335.0000
     340.0000
     345.0000
     350.0000
     355.0000
     360.0000
QUANT
     1
VaDens
m2/Hz/degr
     -999.000000
FACTOR
     1.00000E-06
          90     105      126      155      191      226      240      218      170      123       87       62       45       34       26       20       17       14       11       10        8        7        6        6        5        5        4        4        4        4        4        3        3        3        3        3        3        4        4        4        4        4        5        5        5        6        7        8        9       10       11       13       15       18       21       24       28       33       38       42       46       50       52       54       55       56       58       59       62       66       71      79
         798     793      738      652      556      465      387      323      271      230      197      171      149      132      117      105       95       87       80       74       69       65       61       58       55       52       50       49       47       46       45       44       43       43       43       43       43       43       43       43       44       45       46       47       48       50       52       54       56       59       62       66       70       75       81       87       95      104      114      127      142      161      183      211      246      288      342      407      486      576      670     751
       18112   10701     4161     1951     1089      682      463      333      251      195      157      129      108       93       81       71       64       58       53       49       46       44       42       40       39       38       38       38       38       39       39       41       42       44       47       50       53       58       63       69       76       85       95      108      122      139      158      180      204      228      254      278      299      318      333      345      356      366      376      390      409      434      470      520      592      698      859     1119     1572     2464     4547   10274
      697494  416471    28504     9457     4592     2670     1730     1206      886      679      537      437      364      309      267      235      209      189      173      160      150      142      135      131      127      125      124      124      125      127      131      136      142      151      161      173      189      208      232      262      300      347      407      485      585      716      888     1109     1388     1722     2082     2412     2638     2712     2647     2495     2314     2144     2006     1908     1853     1844     1885     1986     2163     2449     2905     3655     4975     7599    14087   39775
       93069 1160970   281148    37868    14031     7135     4259     2808     1981     1471     1135      905      741      620      529      460      406      363      329      303      281      264      250      240      233      227      224      223      225      228      233      241      252      265      282      304      330      363      405      456      522      605      714      856     1045     1301     1653     2140     2812     3719     4856     6072     7014     7320     6956     6219     5421     4729     4191     3801     3540     3392     3347     3407     3584     3909     4445     5312     6756     9351    14682   28673
       10624   23499   115200   701350    63457    14820     6344     3454     2148     1455     1048      791      618      498      411      347      299      261      232      209      191      176      165      155      148      143      139      137      136      136      138      140      145      151      159      168      181      197      216      241      272      312      363      431      521      645      820     1072     1451     2037     2974     4464     6621     8851     9574     8318     6435     4891     3825     3118     2653     2350     2161     2059     2031     2075     2197     2420     2789     3394     4428    6362
       13485   28332   109480   724950   125474    25563    10462     5577     3428     2305     1652     1240      967      776      640      538      462      402      356      320      291      267      248      233      222      212      205      200      197      196      196      198      201      207      214      224      235      250      268      289      315      346      383      428      482      547      624      715      822      944     1080     1226     1375     1517     1642     1742     1814     1861     1888     1906     1923     1950     1996     2070     2184     2352     2598     2957     3494     4326     5700    8195
       27651   51787   145558   384469   144921    37955    15427     7931     4674     3012     2069     1491     1117      863      685      556      460      388      332      288      253      225      203      185      170      158      148      140      133      128      124      121      120      119      119      120      122      125      129      134      141      149      159      171      186      203      225      252      284      324      374      437      516      617      747      915     1134     1420     1789     2261     2848     3547     4333     5159     5974     6756     7534     8397     9504    11111    13692   18279
       17002   27159    49274    78560    61176    28075    13186     7093     4259     2772     1916     1388     1044      810      644      525      436      368      316      275      242      216      195      178      164      153      144      136      130      126      122      120      118      117      118      119      121      125      129      135      141      150      160      173      188      207      229      257      290      331      383      446      526      627      755      917     1122     1379     1695     2074     2509     2984     3474     3951     4405     4844     5307     5857     6586     7642     9282   12017
       25775   55480   119915    88459    30903    12841     6570     3847     2467     1688     1214      907      700      554      449      371      312      267      231      203      181      162      148      136      126      117      111      105      101       98       95       94       93       93       93       94       96       99      102      107      112      119      127      137      149      164      181      202      227      258      296      343      401      472      562      673      810      980     1186     1433     1721     2049     2413     2811     3246     3736     4316     5058     6085     7636    10211   15041
       14632   20770    29774    38697    37962    26875    16234     9722     6085     4010     2767     1986     1474     1126      881      704      574      476      401      342      296      259      229      205      185      169      156      145      135      128      122      117      113      110      108      106      106      106      107      109      111      114      119      124      131      139      148      160      173      190      209      233      261      296      338      389      453      531      629      751      904     1097     1340     1646     2033     2519     3134     3916     4923     6253     8075   10688
        6340    8102    11010    15770    21821    23279    16622     9508     5377     3227     2067     1400      994      732      557      436      349      285      237      201      173      150      132      118      107       97       89       83       78       74       70       67       65       64       63       62       62       63       64       65       67       70       73       78       83       89       96      105      116      129      145      164      188      219      256      303      364      440      538      663      822     1021     1267     1559     1892     2255     2635     3025     3434     3891     4455    5218
        2414    3161     4557     7461    13852    21796    16343     7550     3645     2016     1241      827      584      432      332      262      213      177      149      128      112       99       89       81       74       69       65       62       59       57       55       55       54       54       55       56       57       59       62       66       70       75       82       90      100      113      129      149      174      208      252      310      390      498      649      856     1133     1479     1851     2157     2297     2255     2096     1904     1733     1603     1521     1487     1503     1578     1727    1983
        4028    5284     7517    11103    13927    11273     6436     3464     1986     1230      813      567      413      311      242      193      157      130      110       94       82       72       65       58       53       49       46       43       41       39       38       37       36       36       36       36       36       37       38       40       42       44       47       51       55       60       67       75       85       97      113      133      159      193      238      298      379      491      643      849     1119     1446     1800     2118     2342     2456     2493     2508     2551     2666     2897    3311
        4403    6853    11628    17363    14790     7816     3943     2195     1345      888      621      454      344      269      216      177      148      125      108       95       84       75       68       63       58       54       51       49       47       45       44       43       43       43       43       44       45       46       48       50       53       56       60       65       71       78       87       97      110      125      144      167      195      230      272      323      384      455      536      625      718      813      906      998     1090     1190     1306     1455     1657     1950     2397    3124
        5188    6179     7157     7564     6793     5129     3470     2268     1498     1017      714      517      385      295      231      184      150      125      105       89       77       68       60       54       49       44       41       38       36       34       32       31       30       29       29       29       29       29       29       30       31       32       34       35       38       40       44       48       53       58       66       74       85       99      116      138      165      202      249      311      394      504      650      842     1089     1398     1766     2184     2643     3141     3701    4365
        2340    3441     5347     7795     8105     5489     3124     1821     1138      760      536      395      302      238      192      158      133      114       99       87       78       70       64       59       55       52       49       47       45       44       43       43       43       43       43       44       45       47       49       51       54       58       62       67       73       80       88       98      110      124      140      159      180      205      233      263      296      330      365      400      434      469      505      543      587      639      704      791      909     1076     1323    1707
        1483    1943     2575     3330     3904     3822     3085     2208     1521     1058      755      555      420      326      258      209      173      145      123      106       93       82       73       66       60       55       51       48       45       42       40       39       38       37       36       36       36       36       36       36       37       38       39       41       43       45       48       51       55       59       64       70       76       84       93      104      116      131      148      167      190      217      249      286      330      383      447      526      626      755      925    1158
        2000    2328     2703     3046     3183     2951     2404     1782     1264      891      637      465      348      267      209      167      136      112       95       81       70       61       54       48       44       40       37       34       32       30       29       28       27       26       26       26       26       26       26       27       28       29       30       32       34       36       39       42       46       51       57       65       74       85       99      116      137      164      197      239      292      357      436      530      639      760      891     1030     1177     1336     1517    1734
         854    1134     1611     2416     3486     3840     2828     1681      992      622      415      293      216      165      130      106       87       74       64       56       49       44       40       37       34       32       31       30       29       28       28       27       27       28       28       29       31       32       34       36       39       43       47       53       60       68       79       92      109      131      159      194      238      291      352      413      467      504      518      512      492      468      444      425      413      408      413      428      456      502      573     682
         885    1109     1422     1804     2111     2087     1697     1213      830      574      408      299      227      176      141      115       96       81       70       61       54       48       44       40       37       35       33       31       30       29       28       28       28       28       28       29       29       30       32       33       35       38       41       44       48       53       59       66       75       85       97      112      129      148      171      195      222      248      274      297      318      335      351      365      380      397      419      448      488      543      620     729
         406     502      646      861     1153     1435     1476     1196      831      554      376      265      194      147      115       92       76       63       54       47       42       37       34       31       29       27       25       24       23       23       22       22       22       23       23       24       25       26       27       29       32       34       38       42       47       54       62       71       84       98      117      138      163      191      218      243      261      270      271      266      256      246      236      229      224      223      226      233      247      267      297     342
         326     424      564      740      885      882      719      518      361      255      185      139      108       86       70       59       50       43       38       34       31       28       26       24       23       22       21       21       20       20       20       20       21       21       22       23       24       26       28       30       32       35       39       43       47       53       59       65       72       79       86       92       96      100      103      104      104      103      103      102      102      103      105      108      112      119      128      140      157      180      213     259
         439     693     1245     2406     3210     2007      959      506      302      199      140      104       80       64       53       44       38       33       30       27       24       23       21       20       19       19       18       18       18       18       19       19       20       21       22       24       26       28       31       35       40       45       52       61       71       84       98      114      130      144      153      157      155      148      139      130      121      113      106      101       98       97       97       99      103      110      119      134      155      185      232     308
        1044    1603     2398     2826     2241     1394      842      536      362      258      193      149      119       97       81       69       60       52       47       42       39       36       33       31       30       28       28       27       26       26       26       26       26       27       28       29       30       31       33       35       37       39       42       45       49       53       57       61       66       71       77       82       87       93       98      103      108      113      119      125      132      141      151      164      180      201      230      268      323      402      523     717
        1435    1729     1412      896      547      351      239      171      128      100       80       66       55       47       41       36       33       30       27       25       24       22       21       20       20       19       19       19       19       19       19       20       20       21       22       23       24       25       27       28       30       32       34       36       38       40       42       45       47       49       51       53       55       57       60       62       65       68       72       77       83       91      101      113      130      153      186      233      306      422      617     951
         515     726     1007     1205     1079      751      477      307      206      145      106       81       63       51       42       35       30       26       23       20       18       17       15       14       13       13       12       12       11       11       11       11       11       11       12       12       12       13       14       14       15       17       18       20       22       24       27       30       33       37       42       47       53       59       65       71       77       83       89       94       99      105      111      117      126      137      151      171      198      237      293     379
         526     601      632      601      523      429      342      270      215      173      141      117       98       83       72       62       55       49       44       39       36       33       30       28       26       25       23       22       21       21       20       19       19       19       18       18       18       18       18       18       19       19       19       20       21       21       22       23       24       26       27       29       31       34       36       39       43       47       52       58       65       73       84       96      112      131      156      189      230      284      353     436
         451     477      467      428      372      314      261      216      179      149      125      106       90       78       67       59       51       45       40       36       32       29       27       24       22       21       19       18       17       16       15       14       14       13       13       13       13       12       12       12       12       12       13       13       13       14       14       15       16       17       18       19       21       23       25       27       30       34       39       44       51       59       69       82       98      119      146      180      223      276      337     400
         193     248      324      423      530      597      572      469      351      255      186      138      105       82       65       53       44       37       32       27       24       21       19       17       16       14       13       12       12       11       10       10       10        9        9        9        9        9        9        9        9        9       10       10       10       11       11       12       12       13       14       15       16       17       18       20       21       23       26       28       31       34       38       43       49       55       64       74       86      103      124     153
         342     381      371      324      270      223      187      159      139      124      113      105       98       92       87       83       78       73       67       62       56       50       44       38       33       29       25       22       19       17       15       14       12       11       10        9        9        8        8        7        7        7        7        6        6        6        6        6        7        7        7        7        8        8        9       10       11       12       14       15       18       21       25       30       37       47       60       79      106      145      201     271
         289     340      379      392      375      336      287      239      198      163      135      112       94       80       68       59       51       45       39       35       31       28       25       22       20       19       17       16       15       14       13       12       12       11       11       11       10       10       10       10       10       10       10       10       10       10       11       11       12       12       13       14       14       16       17       18       20       22       25       28       32       36       42       49       58       69       83      101      124      153      191     237
         146     138      130      124      119      116      113      110      105      100       92       83       72       62       52       43       35       29       24       20       17       14       12       11        9        8        7        6        6        5        5        5        4        4        4        4        4        4        4        3        4        4        4        4        4        4        4        5        5        5        6        7        7        8       10       11       13       16       19       23       28       36       45       58       74       93      116      137      153      161      161     155
         274     249      221      196      173      154      137      122      109       97       85       75       65       56       48       41       35       30       25       22       19       16       14       13       11       10        9        8        7        7        6        6        6        5        5        5        5        5        5        4        5        5        5        5        5        5        5        6        6        7        7        8        9       10       11       12       14       17       20       24       29       36       45       57       74       97      128      167      212      254      282     288
          62      65       69       77       89      108      135      175      223      259      245      187      127       84       57       40       29       22       17       14       11        9        8        7        6        5        4        4        4        3        3        3        3        3        3        3        3        3        3        3        3        3        3        3        4        4        4        5        5        6        7        8       10       12       14       18       22       28       36       47       60       75       88       95       96       91       84       77       70       66       63      62
          78      82       89      100      116      138      171      213      259      283      260      202      143       99       69       50       37       28       22       18       14       12       10        9        8        7        6        6        5        5        4        4        4        4        4        4        4        4        4        4        4        4        4        4        5        5        6        6        7        8        9       10       12       14       17       21       25       31       38       47       57       68       77       84       87       87       85       82       79       77       75      76
          87      85       85       87       93      102      116      135      159      186      203      197      167      126       91       65       47       34       26       20       16       13       11        9        8        7        6        5        5        4        4        4        3        3        3        3        3        3        3        3        3        3        3        3        3        3        4        4        4        5        5        6        7        8        9       11       14       17       21       27       34       44       57       73       91      106      115      116      112      105       97      91
         180     172      158      144      131      121      112      105       98       92       85       77       68       59       50       42       35       28       23       19       16       13       11        9        8        7        6        5        5        4        4        4        3        3        3        3        3        2        2        2        2        2        2        2        2        2        3        3        3        3        3        4        4        5        5        6        7        8        9       11       13       16       20       26       33       44       58       77      103      132      159     176
         185     198      209      216      221      222      218      208      191      169      143      118       95       76       60       48       39       31       26       21       18       15       13       11       10        9        8        7        6        6        5        5        5        4        4        4        4        4        4        4        4        4        4        4        4        4        4        5        5        5        6        6        7        8        9       10       12       14       16       19       22       27       33       40       49       61       75       91      110      130      150     169
         107     103      101      101      103      107      113      118      121      119      110       94       77       60       46       36       27       21       17       14       11        9        8        7        6        5        4        4        4        3        3        3        3        2        2        2        2        2        2        2        2        2        2        2        2        3        3        3        3        4        4        5        5        6        7        8       10       12       15       19       24       30       40       52       68       86      104      118      125      125      120     113
          77      78       78       79       81       86       93      104      119      139      160      173      167      139      104       74       52       37       27       20       15       12       10        8        6        5        5        4        3        3        3        2        2        2        2        2        2        2        2        2        2        2        2        2        2        2        2        2        2        2        2        3        3        3        4        4        5        6        7        8       10       12       16       20       25       31       39       48       58       66       73      76
         144     195      256      310      338      329      293      247      201      161      128      102       81       64       51       41       33       26       21       18       15       12       10        9        8        7        6        5        4        4        4        3        3        3        3        2        2        2        2        2        2        2        2        2        2        2        2        2        2        2        3        3        3        3        4        4        4        5        6        7        8        9       11       13       16       20       25       33       43       56       76     104
          35      39       44       50       59       72       92      123      173      247      315      300      209      129       79       51       35       25       18       14       11        9        7        6        5        4        4        3        3        3        2        2        2        2        2        2        2        2        2        2        2        2        2        2        2        2        2        2        2        2        3        3        3        4        4        5        5        6        7        8        9       11       13       14       16       19       21       23       25       27       30      32
          35      33       32       32       34       37       43       53       70      102      169      313      448      302      139       69       39       24       16       11        8        6        5        4        3        3        2        2        2        1        1        1        1        1        1        1        1        1        1        1        1        1        1        1        1        1        1        1        1        1        1        2        2        2        3        3        4        5        6        8       11       15       20       27       36       47       54       57       54       49       43      38
          22      23       24       25       27       30       33       39       47       60       79      110      155      195      187      134       84       53       35       24       17       13       10        8        6        5        4        4        3        3        2        2        2        2        2        2        1        1        1        1        1        1        1        1        1        1        1        2        2        2        2        2        2        3        3        3        4        5        5        6        7        9       10       12       13       15       17       18       20       20       21      22
          14      15       17       19       21       24       27       32       37       43       48       52       54       51       45       38       31       25       20       16       13       11        9        7        6        5        5        4        4        3        3        3        2        2        2        2        2        2        2        2        2        2        2        2        2        2        2        2        2        2        2        2        2        3        3        3        3        4        4        4        5        5        6        6        7        7        8        9        9       10       11      12
          11      11       12       13       14       15       17       20       24       29       36       47       59       70       72       61       45       32       22       16       11        9        7        5        4        3        3        2        2        2        2        1        1        1        1        1        1        1        1        1        1        1        1        1        1        1        1        1        1        1        1        1        1        1        2        2        2        2        3        3        4        4        5        5        6        7        7        8        8        9       10      10
          29      25       23       22       22       23       25       28       34       45       65      102      164      196      135       71       38       22       14       10        7        5        4        3        2        2        2        1        1        1        1        1        1        0        0        0        0        0        0        0        0        0        0        0        0        0        0        1        1        1        1        1        1        1        2        2        2        3        4        5        7       10       14       21       33       51       72       82       74       58       44      35
          38      36       35       35       36       38       42       48       57       71       90      114      128      118       87       58       38       25       18       13        9        7        6        4        4        3        2        2        2        2        1        1        1        1        1        1        1        1        1        1        1        1        1        1        1        1        1        1        1        1        1        1        2        2        2        3        3        4        5        6        7        9       11       15       19       24       30       35       39       41       41      40
          15      16       19       22       26       32       42       58       84      127      183      201      152       94       57       36       25       17       13       10        8        6        5        4        4        3        3        2        2        2        2        2        2        1        1        1        1        1        1        1        1        1        1        1        2        2        2        2        2        2        2        3        3        3        4        4        4        5        5        6        6        7        8        8        9        9       10       10       11       12       12      13
          42      43       40       36       33       30       28       27       27       29       31       35       42       51       62       71       70       57       41       28       18       13        9        7        5        4        3        2        2        2        1        1        1        1        1        1        0        0        0        0        0        0        0        0        0        0        0        0        0        0        0        0        0        1        1        1        1        1        1        2        2        2        3        4        5        6        9       12       16       22       29      37
          63      60       54       47       41       37       34       33       32       33       35       38       42       46       51       54       53       46       37       28       20       15       11        8        7        5        4        3        3        2        2        2        1        1        1        1        1        1        1        1        1        1        1        1        1        1        1        1        1        1        1        1        1        1        1        1        2        2        2        3        3        4        5        6        8       10       14       19       27       37       48      59
          39      43       46       50       55       62       69       77       85       87       83       71       56       42       30       22       17       13       10        8        6        5        4        3        3        2        2        2        2        1        1        1        1        1        1        1        1        1        1        1        1        1        1        1        1        1        1        1        1        1        1        1        2        2        2        2        3        3        4        5        5        7        8       10       12       14       18       21       25       29       32      36
          24      26       29       33       38       46       56       72       93      118      135      127       97       66       44       30       21       15       11        9        7        5        4        4        3        3        2        2        2        1        1        1        1        1        1        1        1        1        1        1        1        1        1        1        1        1        1        1        1        1        1        2        2        2        2        3        3        3        4        5        6        6        8        9       10       12       13       15       17       18       20      22
          18      21       25       32       40       50       62       69       67       56       42       31       22       17       12       10        8        6        5        4        4        3        3        2        2        2        2        2        1        1        1        1        1        1        1        1        1        1        1        1        1        1        1        1        2        2        2        2        2        2        2        3        3        3        4        4        4        5        5        6        6        6        7        7        8        8        9       10       11       12       13      15
           7       8        9       10       12       15       19       25       34       47       65       81       80       63       44       30       21       15       11        8        7        5        4        4        3        3        2        2        2        2        2        2        1        1        1        1        1        1        1        1        1        1        2        2        2        2        2        2        2        2        2        3        3        3        3        3        4        4        4        4        4        4        4        4        5        5        5        5        5        6        6       6
