SWAN 1
LOCATIONS
     1
     -67.28  18.38
AFREQ
     56
     0.0300
     0.0400
     0.0500
     0.0600
     0.0700
     0.0800
     0.0900
     0.1000
     0.1100
     0.1200
     0.1300
     0.1400
     0.1500
     0.1600
     0.1700
     0.1800
     0.1900
     0.2000
     0.2100
     0.2200
     0.2300
     0.2400
     0.2500
     0.2600
     0.2700
     0.2800
     0.2900
     0.3000
     0.3100
     0.3200
     0.3300
     0.3400
     0.3500
     0.3600
     0.3700
     0.3800
     0.3900
     0.4000
     0.4100
     0.4200
     0.4300
     0.4400
     0.4500
     0.4600
     0.4700
     0.4800
     0.4900
     0.5000
     0.5100
     0.5200
     0.5300
     0.5400
     0.5500
     0.5600
     0.5700
     0.5800
NDIR
     72
     5.0000
     10.0000
     15.0000
     20.0000
     25.0000
     30.0000
     35.0000
     40.0000
     45.0000
     50.0000
     55.0000
     60.0000
     65.0000
     70.0000
     75.0000
     80.0000
     85.0000
     90.0000
     95.0000
     100.0000
     105.0000
     110.0000
     115.0000
     120.0000
     125.0000
     130.0000
     135.0000
     140.0000
     145.0000
     150.0000
     155.0000
     160.0000
     165.0000
     170.0000
     175.0000
     180.0000
     185.0000
     190.0000
     195.0000
     200.0000
     205.0000
     210.0000
     215.0000
     220.0000
     225.0000
     230.0000
     235.0000
     240.0000
     245.0000
     250.0000
     255.0000
     260.0000
     265.0000
     270.0000
     275.0000
     280.0000
     285.0000
     290.0000
     295.0000
     300.0000
     305.0000
     310.0000
     315.0000
     320.0000
     325.0000
     330.0000
     335.0000
     340.0000
     345.0000
     350.0000
     355.0000
     360.0000
QUANT
     1
VaDens
m2/Hz/degr
     -999.000000
FACTOR
     1.00000E-06
          15      13       11       10        9        8        8        7        7        7        7        7        7        7        8        8        9       10       12       14       16       20       24       30       38       45       50       49       44       36       28       22       18       14       12       10        8        7        6        6        5        5        4        4        4        4        4        4        4        4        4        5        5        5        6        7        8        9       10       12       15       18       22       27       31       34       34       32       28       24       20      17
         114     107      100       93       87       81       76       72       68       65       62       59       57       55       52       50       48       45       43       40       38       36       33       31       29       27       25       23       22       21       19       18       17       17       16       15       15       14       14       14       14       14       14       14       14       15       15       16       16       17       18       20       21       23       25       28       31       35       40       46       52       60       69       80       91      102      112      121      126      127      125     121
        5066   10173     7250     2948     1401      798      513      359      266      207      167      139      118      103       92       83       76       71       67       64       62       60       60       60       61       62       64       67       71       75       81       88       96      107      119      133      149      166      184      202      217      227      230      228      219      207      193      179      166      154      143      135      128      123      119      118      117      118      121      126      134      144      158      177      204      241      295      377      508      736     1182    2212
       46483  427440    33285     7391     3177     1753     1108      764      560      430      343      281      236      203      178      158      143      131      122      115      109      105      103      101      100      101      103      105      109      115      121      130      141      156      173      196      225      262      311      375      461      577      731      932     1178     1437     1641     1713     1631     1452     1246     1059      906      788      698      632      585      553      535      528      533      551      583      633      708      819      985     1246     1683     2493     4268    9584
       87959  649197   134255    25056     9987     5260     3211     2152     1539     1155      900      724      597      504      433      379      337      303      277      256      239      226      216      208      203      200      199      199      202      206      213      222      234      248      267      291      320      356      402      460      535      631      759      929     1160     1478     1915     2513     3296     4219     5092     5607     5570     5095     4449     3832     3324     2937     2656     2465     2350     2302     2320     2409     2582     2868     3319     4038     5236     7410    11973   24468
       19291  139390   613810    35314     9793     4524     2593     1680     1180      877      682      548      454      385      333      294      264      240      222      207      196      188      182      179      177      177      180      184      190      199      210      225      243      267      296      334      382      444      524      630      770      955     1199     1508     1869     2229     2488     2548     2404     2136     1840     1571     1350     1177     1045      946      875      825      794      780      782      801      839      900      990     1123     1317     1609     2072     2859     4359    7814
       10770   32228   318980   153991    19139     6877     3471     2073     1372      973      727      565      453      373      314      270      236      210      189      172      159      149      140      134      129      125      123      122      122      123      125      128      132      138      146      155      166      179      196      215      239      267      301      342      390      446      510      580      655      730      800      857      898      921      928      923      910      897      885      880      884      900      931      981     1057     1167     1327     1563     1923     2504     3526    5578
       11351   32675   267452   132054    17649     6250     3093     1811     1176      819      601      459      362      294      244      206      178      156      138      124      113      105       98       92       87       84       81       80       79       79       79       80       82       85       89       93       99      107      116      127      141      159      182      210      247      295      358      444      563      728      963     1294     1751     2329     2939     3374     3458     3222     2844     2474     2172     1951     1804     1722     1700     1738     1847     2049     2391     2970     4006    6095
       12418   30400   143860   128184    22162     7459     3542     2006     1265      859      616      461      356      283      231      192      163      140      122      108       97       88       81       75       70       66       63       61       59       58       57       57       57       58       59       61       63       66       70       75       81       88       97      108      121      138      159      186      220      266      325      405      514      664      872     1156     1534     2001     2503     2928     3168     3201     3097     2951     2832     2780     2820     2980     3312     3916     5018    7208
       20674   82323   168894    35656    10529     4764     2649     1663     1131      815      613      478      383      315      264      226      196      173      155      140      128      118      111      105      100       96       93       91       90       89       90       91       93       95       99      104      109      116      125      135      148      163      182      204      232      265      306      355      416      488      574      672      782      897     1011     1114     1199     1263     1308     1340     1366     1397     1441     1508     1609     1761     1989     2336     2885     3809     5532    9329
        9228   20869    73353    89416    22158     7574     3604     2049     1300      889      642      483      377      302      247      207      177      153      135      120      108       99       91       85       80       76       73       70       69       68       67       67       68       69       71       73       76       80       85       91       98      107      118      131      147      167      191      221      258      305      363      435      523      628      750      885     1023     1151     1259     1339     1393     1429     1458     1494     1547     1633     1767     1975     2299     2822     3716    5412
        5795   14503    73427    82236    13964     4688     2266     1313      848      591      434      332      263      214      178      152      131      116      103       93       86       79       74       70       67       65       63       62       62       62       63       64       66       69       72       77       82       89       97      107      120      136      156      181      213      253      305      372      457      563      689      826      957     1058     1107     1103     1058      993      926      866      820      790      776      780      805      854      935     1063     1264     1588     2150    3238
       12656   38360    58244    19185     6653     3160     1800     1147      788      573      434      340      274      226      190      163      142      125      112      102       93       86       80       76       72       69       67       66       65       64       64       64       65       67       69       71       75       79       83       89       96      103      113      124      136      151      168      188      210      236      264      295      328      362      398      434      469      504      539      575      614      658      712      778      865      982     1147     1386     1755     2365     3488    5905
       14804   30863    55796    37922    14814     6609     3504     2093     1359      937      677      508      392      311      252      208      175      149      129      113      100       90       81       74       69       64       60       57       55       53       51       50       49       49       49       49       50       51       53       54       57       60       64       68       73       80       87       96      107      120      136      155      178      207      242      286      339      405      485      584      702      844     1013     1211     1447     1729     2079     2533     3161     4099     5644    8519
        9293   13081    18729    21108    14655     7635     3961     2227     1357      883      606      434      322      246      193      155      127      106       89       77       67       59       52       47       43       40       37       34       32       31       30       29       28       28       27       27       28       28       29       30       31       32       34       36       39       43       47       52       58       65       75       87      101      121      145      178      221      280      361      473      632      856     1168     1591     2130     2754     3394     3988     4537     5125     5912    7153
       14007    9669     6877     5113     3887     2951     2206     1619     1173      847      614      450      335      254      196      154      123       99       82       68       58       49       43       38       33       30       27       25       23       21       20       19       18       17       17       16       16       16       16       16       16       17       17       18       19       20       21       22       24       27       29       33       37       42       49       57       68       81      100      125      159      208      280      388      560      847     1358     2333     4341     8535    15118   17897
       14164   12121     8374     5747     4162     3176     2516     2041     1673     1375     1125      915      740      595      479      386      312      255      209      174      145      123      105       91       79       70       62       56       50       46       42       39       37       35       33       32       31       30       29       29       29       29       29       30       30       31       33       34       36       39       42       45       50       55       62       70       80       93      110      131      160      198      250      324      432      594      852     1282     2046     3491     6298   10897
        5929    5736     5216     4632     4087     3584     3098     2612     2135     1692     1308      997      757      576      442      343      270      216      175      144      120      101       87       75       66       58       52       47       43       39       36       34       32       30       29       28       27       27       27       26       27       27       27       28       29       30       32       34       36       39       43       47       52       58       66       76       88      104      124      151      186      234      300      394      530      732     1039     1509     2220     3229     4442    5487
       10225   10393     6929     4400     3042     2293     1848     1561     1361     1204     1068      938      809      682      563      456      366      292      234      188      152      125      103       87       73       63       54       48       42       38       34       31       28       26       25       23       22       21       21       20       20       19       19       19       20       20       21       22       23       24       25       27       30       32       36       40       45       52       60       71       85      104      130      165      217      293      412      608      953     1614     3002    5972
        6220    8120     7243     5092     3447     2428     1796     1383     1097      888      729      602      500      417      347      290      243      204      172      146      124      107       92       80       71       62       56       50       45       41       38       35       33       31       29       28       27       26       25       25       24       24       24       25       25       26       26       27       29       30       32       35       38       41       45       50       57       65       74       87      103      124      152      189      242      317      428      599      875     1348     2200    3762
        3587    4547     4999     4413     3212     2131     1394      932      643      459      337      255      197      156      125      103       85       72       62       53       47       41       37       33       30       28       26       24       23       22       21       20       20       19       19       19       19       19       19       20       20       21       22       23       24       26       28       30       33       36       40       45       51       58       67       78       91      108      129      156      189      232      287      356      446      562      712      908     1169     1521     2009    2688
        4039    4082     3672     3028     2374     1819     1384     1056      812      630      494      392      315      255      210      174      146      124      106       92       80       71       63       57       51       47       43       40       37       35       33       32       30       30       29       28       28       28       28       28       29       29       30       31       33       34       36       39       42       45       50       55       61       69       78       89      103      120      142      170      206      254      316      399      513      668      884     1185     1600     2156     2841    3547
        2211    2171     2041     1855     1640     1414     1190      981      794      635      504      400      318      254      205      167      137      114       96       82       70       61       53       47       42       38       35       32       29       27       26       24       23       22       22       21       21       21       21       21       21       21       22       23       24       25       27       28       31       33       36       40       45       51       58       67       78       92      110      133      164      204      259      332      433      570      756      997     1293     1617     1917    2128
        1407    1341     1366     1476     1672     1917     2073     1922     1469      983      631      410      275      192      138      103       79       62       50       41       34       29       25       22       19       17       15       14       13       12       11       11       10       10        9        9        9        9        9        9       10       10       10       11       11       12       13       14       16       18       20       23       26       31       36       44       54       68       88      117      161      229      343      540      901     1557     2545     3290     3097     2447     1913    1583
        1527    1368     1241     1141     1058      977      889      788      675      559      450      355      278      218      171      136      109       89       73       61       52       44       38       33       30       26       24       22       20       19       17       16       16       15       14       14       14       14       14       14       14       14       15       15       16       17       18       19       21       23       26       29       32       37       43       50       60       72       89      111      143      187      250      344      484      690      982     1344     1687     1874     1855    1707
         865     683      570      501      460      438      431      435      445      457      463      452      418      364      301      239      186      144      113       89       71       57       47       39       33       29       25       22       19       18       16       15       14       13       12       11       11       11       10       10       10       10       10       11       11       11       12       13       14       15       16       18       20       22       26       30       35       42       51       64       82      108      148      210      313      492      809     1328     1890     1981     1585    1158
        1096     898      767      684      631      598      574      549      516      466      403      332      264      206      159      123       96       75       60       49       40       33       28       24       21       18       16       15       13       12       11       10       10        9        9        9        8        8        8        8        8        8        8        9        9        9       10       11       11       12       14       15       17       19       22       26       31       37       45       56       72       95      128      179      260      394      618      977     1433     1734     1658    1371
         390     365      351      345      348      359      376      397      417      428      421      391      340      280      223      175      137      107       85       69       56       47       39       34       29       25       22       20       18       17       15       14       14       13       12       12       12       11       11       11       12       12       12       13       13       14       15       16       17       19       21       23       27       31       36       42       51       62       77       98      127      167      223      299      392      492      568      596      575      527      473     426
         287     319      364      425      497      567      600      564      466      353      256      186      136      102       79       62       50       41       34       29       25       22       19       17       15       14       13       12       11       11       10       10       10       10       10       10       10       10       10       11       11       12       13       14       15       16       18       20       23       27       31       36       43       52       63       78       97      120      148      180      212      240      259      267      266      260      253      246      243      245      251     265
         691     623      571      534      510      495      484      471      449      415      367      311      254      202      159      125       99       79       63       52       43       36       30       26       23       20       18       16       14       13       12       11       11       10       10        9        9        9        9        9        9        9        9        9       10       10       11       12       13       14       15       17       19       21       24       28       33       40       49       60       76       99      130      176      242      336      465      619      761      837      829     767
         317     255      215      190      176      172      175      186      206      237      279      325      354      334      269      193      132       91       64       47       35       27       21       17       14       11       10        8        7        6        6        5        5        4        4        4        4        3        3        3        3        3        3        3        3        3        4        4        4        4        5        5        6        7        8        9       10       12       15       18       23       30       40       55       78      116      178      278      409      503      488     402
          45      40       38       36       37       38       41       47       56       71       97      147      253      469      615      385      181       93       54       35       24       17       13       10        8        7        5        5        4        3        3        3        3        2        2        2        2        2        2        2        2        2        2        2        2        2        2        3        3        3        4        4        5        6        7        8       10       13       17       24       35       54       90      162      289      379      304      192      124       87       66      53
          64      64       65       68       74       83       98      120      155      214      314      473      626      578      379      224      137       89       62       45       34       26       21       17       15       13       11       10        9        8        7        7        6        6        6        6        6        6        6        6        6        6        6        7        7        8        8        9       11       12       14       16       20       24       30       39       51       70       98      140      196      251      274      252      206      163      130      106       90       79       71      67
          48      44       42       41       42       44       48       55       65       83      113      171      290      537      743      498      239      123       71       45       31       22       17       13       11        9        7        6        5        5        4        4        4        3        3        3        3        3        3        3        3        3        3        3        3        3        3        4        4        5        5        6        7        8       10       12       16       20       28       39       58       91      152      252      343      319      226      152      107       81       65      54
         214     186      164      149      139      132      130      131      134      141      151      162      174      183      185      176      157      132      107       85       67       53       42       34       28       23       20       17       15       13       11       10        9        9        8        7        7        7        7        6        6        6        6        6        6        7        7        7        8        8        9        9       10       12       13       15       17       20       24       30       37       47       60       79      106      144      192      244      284      296      279     247
         513     417      306      225      172      138      116      102       92       86       82       81       82       84       88       93       98      104      107      107      102       92       80       67       55       44       36       29       24       20       17       15       13       11       10        9        8        7        7        6        6        6        6        5        5        5        5        5        6        6        6        6        7        7        8        8        9       11       12       14       16       20       24       30       39       52       71      102      154      239      367     495
         140     124      110       98       88       81       76       72       69       67       66       66       66       67       68       69       70       69       68       65       61       56       51       45       40       35       31       27       24       21       19       17       15       14       13       12       11       10       10        9        9        9        9        9        9        9        9        9        9       10       11       11       12       13       15       16       18       21       24       28       34       41       50       61       77       95      117      140      159      168      166     155
         239     213      189      170      154      142      133      126      121      116      112      109      104       99       93       85       77       69       61       53       46       40       34       30       26       23       20       18       16       14       13       12       11       10       10        9        9        9        8        8        8        8        8        8        8        8        9        9       10       10       11       12       13       15       16       18       21       25       29       35       42       51       64       82      105      135      173      214      252      276      279     263
         179     164      147      132      119      108      100       93       89       85       82       80       78       75       73       69       65       60       54       48       43       37       33       28       24       21       19       16       15       13       12       11       10        9        8        8        7        7        7        6        6        6        6        6        6        6        6        7        7        7        8        8        9       10       11       12       14       16       18       21       25       30       37       46       57       73       93      117      144      168      184     188
          52      51       51       52       53       56       60       65       72       81       93      105      117      125      126      118      102       84       67       53       42       34       28       23       19       16       14       12       11       10        9        8        8        7        7        7        6        6        6        6        6        6        6        6        7        7        8        8        9       10       11       12       13       15       18       21       24       28       34       40       47       54       60       66       69       70       68       66       62       59       56      54
          55      51       48       46       45       45       45       47       49       53       58       66       76       89      105      121      134      136      123      102       80       61       46       36       28       22       18       15       13       11        9        8        7        7        6        6        5        5        5        5        5        4        4        4        4        5        5        5        5        6        6        6        7        8        9       10       12       13       16       19       23       27       33       40       47       55       62       66       67       66       63      59
          51      48       45       42       39       36       34       33       33       33       33       35       37       40       43       47       51       55       57       55       51       45       37       30       25       20       16       13       11        9        8        7        6        5        5        4        4        3        3        3        3        3        3        3        3        3        3        3        3        3        3        3        3        4        4        4        5        6        6        7        9       10       12       15       18       23       28       34       40       46       50      52
          57      58       58       59       59       59       60       61       62       63       65       66       66       64       60       55       48       42       35       29       24       20       17       14       12       10        9        8        7        6        5        5        4        4        4        4        3        3        3        3        3        3        3        3        3        3        3        3        3        4        4        4        4        5        5        6        7        8        9       10       12       14       16       19       23       27       32       37       43       48       52      55
          94     105      104       94       81       69       59       51       45       41       38       37       36       35       36       36       38       39       41       42       43       42       40       36       32       27       23       19       16       13       11       10        8        7        6        5        5        4        4        4        3        3        3        3        3        3        3        3        3        3        3        3        3        3        3        4        4        4        5        6        6        7        9       10       13       16       20       26       34       45       60      77
          56      62       64       63       59       54       49       45       41       39       36       35       34       34       34       34       34       34       34       33       32       30       27       24       21       19       16       14       12       10        9        7        6        6        5        5        4        4        3        3        3        3        3        3        3        2        2        2        2        2        3        3        3        3        3        3        4        4        5        5        6        7        8        9       11       13       16       20       25       32       39      48
          31      25       21       18       17       15       15       15       15       16       17       19       22       27       33       43       55       67       71       61       45       31       21       15       11        8        6        5        4        3        3        2        2        2        2        1        1        1        1        1        1        1        1        1        1        1        1        1        1        1        1        1        2        2        2        3        3        4        4        5        7        9       12       17       25       36       52       67       72       64       51      39
          18      17       16       15       15       15       15       16       17       18       20       23       27       31       38       46       54       61       62       56       46       35       27       20       16       12       10        8        7        6        5        4        4        3        3        3        3        3        2        2        2        2        2        2        2        2        3        3        3        3        3        4        4        5        5        6        7        8       10       12       15       17       20       24       26       27       27       27       25       23       21      19
          14      14       14       14       15       16       17       19       21       24       28       32       36       38       39       37       32       27       22       18       14       11        9        8        7        6        5        4        4        3        3        3        3        2        2        2        2        2        2        2        2        2        2        2        2        3        3        3        3        4        4        5        5        6        7        8       10       11       13       14       16       17       18       18       18       17       17       16       15       15       14      14
           7       6        6        5        5        5        5        5        5        6        7        8       10       13       18       26       42       72      101       83       46       25       15       10        7        5        4        3        2        2        1        1        1        1        1        1        1        1        0        0        0        0        0        0        0        0        1        1        1        1        1        1        1        1        2        2        3        4        5        7       10       14       22       33       45       46       37       26       19       14       11       9
          14      14       15       15       16       18       20       22       25       29       35       42       51       60       67       68       62       51       40       31       24       18       15       12       10        8        7        6        5        5        4        4        3        3        3        3        3        3        3        3        3        3        3        3        3        3        3        3        4        4        4        5        5        6        6        7        8        9       10       11       11       12       13       14       14       14       14       14       14       14       14      14
          22      20       19       18       18       18       18       19       21       22       25       28       31       35       38       40       39       36       31       25       20       16       13       10        8        7        6        5        4        4        3        3        3        2        2        2        2        2        2        2        2        2        2        2        2        2        2        2        3        3        3        4        4        5        6        7        8       10       12       16       20       25       31       38       42       44       43       39       35       30       27      24
          28      28       28       28       28       28       28       28       29       29       28       28       27       26       25       23       21       19       17       15       13       12       11        9        8        7        7        6        6        5        5        4        4        4        4        3        3        3        3        3        3        3        3        3        3        3        4        4        4        4        5        5        5        6        7        7        8        9       10       12       13       15       16       18       20       22       24       25       26       27       28      28
          40      41       40       37       33       29       26       23       22       20       19       18       18       18       17       18       18       18       18       17       17       16       14       13       11       10        9        7        6        5        5        4        4        3        3        2        2        2        2        2        2        2        1        1        1        1        1        1        1        1        1        2        2        2        2        2        2        3        3        3        4        4        5        6        8       10       12       15       19       24       30      36
          14      13       13       13       13       13       14       14       15       16       18       20       23       26       29       32       33       32       29       25       20       16       13       10        8        7        6        5        4        3        3        3        2        2        2        2        2        2        1        1        1        1        1        1        1        1        1        2        2        2        2        2        2        3        3        3        4        4        5        6        7        8        9       10       12       13       14       14       15       15       14      14
           6       6        6        6        6        6        7        7        8        9       10       12       15       18       23       29       35       38       36       30       23       17       12        9        7        6        5        4        3        3        2        2        2        2        1        1        1        1        1        1        1        1        1        1        1        1        1        1        2        2        2        2        3        3        4        4        5        6        7        8        9       10       11       11       11       10       10        9        8        8        7       7
           8       9        9        9       10       11       12       13       14       16       18       20       22       23       24       24       23       21       19       16       13       11        9        8        7        6        5        4        4        3        3        3        3        2        2        2        2        2        2        2        2        2        2        2        2        2        2        2        2        3        3        3        3        3        4        4        4        5        5        5        6        6        6        7        7        7        7        8        8        8        8       8
