SWAN 1
LOCATIONS
     1
     681726.07 2033118.57
AFREQ
     56
     0.0300
     0.0400
     0.0500
     0.0600
     0.0700
     0.0800
     0.0900
     0.1000
     0.1100
     0.1200
     0.1300
     0.1400
     0.1500
     0.1600
     0.1700
     0.1800
     0.1900
     0.2000
     0.2100
     0.2200
     0.2300
     0.2400
     0.2500
     0.2600
     0.2700
     0.2800
     0.2900
     0.3000
     0.3100
     0.3200
     0.3300
     0.3400
     0.3500
     0.3600
     0.3700
     0.3800
     0.3900
     0.4000
     0.4100
     0.4200
     0.4300
     0.4400
     0.4500
     0.4600
     0.4700
     0.4800
     0.4900
     0.5000
     0.5100
     0.5200
     0.5300
     0.5400
     0.5500
     0.5600
     0.5700
     0.5800
NDIR
     72
     5.0000
     10.0000
     15.0000
     20.0000
     25.0000
     30.0000
     35.0000
     40.0000
     45.0000
     50.0000
     55.0000
     60.0000
     65.0000
     70.0000
     75.0000
     80.0000
     85.0000
     90.0000
     95.0000
     100.0000
     105.0000
     110.0000
     115.0000
     120.0000
     125.0000
     130.0000
     135.0000
     140.0000
     145.0000
     150.0000
     155.0000
     160.0000
     165.0000
     170.0000
     175.0000
     180.0000
     185.0000
     190.0000
     195.0000
     200.0000
     205.0000
     210.0000
     215.0000
     220.0000
     225.0000
     230.0000
     235.0000
     240.0000
     245.0000
     250.0000
     255.0000
     260.0000
     265.0000
     270.0000
     275.0000
     280.0000
     285.0000
     290.0000
     295.0000
     300.0000
     305.0000
     310.0000
     315.0000
     320.0000
     325.0000
     330.0000
     335.0000
     340.0000
     345.0000
     350.0000
     355.0000
     360.0000
QUANT
     1
VaDens
m2/Hz/degr
     -999.000000
FACTOR
     1.00000E-06
          64      58       52       48       44       41       39       38       37       37       37       38       40       42       45       49       53       58       62       64       65       62       57       51       44       37       31       26       22       19       16       14       12       11       10        9        8        7        7        6        6        6        6        6        6        6        6        6        6        6        7        7        7        8        9       10       11       13       14       17       20       23       28       34       41       49       58       67       72       75       73      69
         221     237      246      246      238      223      204      183      163      144      128      114      102       92       84       77       71       66       62       59       56       54       52       50       49       48       48       47       47       47       47       47       47       47       48       48       48       48       49       49       49       49       49       49       49       49       49       49       49       49       49       50       50       51       52       54       56       58       60       64       68       72       78       85       93      102      114      127      143      161      181     202
        8737   15802     6999     2422     1117      622      391      266      192      145      113       91       75       63       55       48       42       38       35       32       30       28       27       26       25       24       24       24       24       25       25       26       28       29       31       34       37       41       46       52       59       69       82       98      120      149      187      239      306      390      482      565      615      618      583      529      474      426      389      362      345      337      339      351      375      416      481      584      756     1067     1710    3346
       28300  870901    55579     8488     3336     1761     1082      731      528      400      315      256      213      182      158      139      125      114      105       99       93       89       86       84       84       83       84       86       89       92       97      104      112      123      136      153      175      204      243      295      369      475      635      886     1301     2019     3249     4959     5948     5068     3543     2418     1727     1305     1039      866      750      672      621      591      578      580      599      635      695      788      929     1149     1514     2176     3569    7422
       43495  440201  1264100    52889    15511     7192     4083     2607     1799     1314     1001      790      641      533      452      391      344      306      277      254      235      220      209      200      193      188      186      185      186      188      193      199      208      219      234      252      274      303      338      384      441      516      615      747      930     1187     1560     2118     2978     4318     6339     8941    11059    11171     9485     7442     5808     4661     3887     3370     3033     2828     2729     2724     2815     3017     3367     3938     4879     6519     9699   17190
       41383  177981   447520    80069    22318     9965     5522     3465     2360     1705     1288     1008      812      670      565      486      424      376      338      308      283      264      248      236      227      220      215      213      212      213      217      222      229      239      252      268      287      312      342      379      426      484      557      650      769      924     1126     1391     1738     2185     2740     3382     4034     4566     4850     4848     4629     4307     3976     3690     3473     3333     3275     3303     3429     3677     4090     4751     5821     7643    11058   18611
       19058   63787   805283   190026    26510    10001     5155     3113     2072     1475     1103      856      686      564      474      406      353      312      280      254      233      216      202      191      183      176      171      168      166      165      166      168      171      175      181      189      198      209      223      239      257      279      304      333      366      404      446      493      545      600      657      716      774      830      882      932      978     1022     1068     1117     1173     1241     1327     1439     1588     1790     2072     2479     3097     4094     5862    9488
        7190   17871   145797   769782    30170     8365     3848     2191     1409      981      724      557      444      364      305      262      228      202      182      166      153      143      135      129      124      121      119      118      118      119      121      125      130      136      143      152      164      178      194      215      239      268      302      343      390      445      505      569      633      692      740      774      792      795      786      770      751      734      721      714      716      727      751      790      848      933     1056     1234     1502     1925     2645    4018
       18496   28426    53773   119448   127298    47926    18141     8612     4774     2936     1942     1358      991      749      582      464      378      314      265      227      198      174      155      140      127      117      109      102       97       92       89       86       84       83       82       82       83       85       87       90       93       98      104      111      120      130      143      159      178      201      231      268      314      374      452      553      688      870     1115     1448     1899     2498     3266     4190     5205     6207     7110     7914     8725     9738    11253   13794
       23689   38716    69897    94368    58520    25588    12230     6675     4034     2627     1811     1306      976      751      594      480      395      331      282      243      213      188      169      153      139      129      120      113      107      102       98       96       94       92       92       92       93       94       97      100      104      109      115      123      132      144      157      174      194      218      248      286      332      391      465      561      684      843     1051     1321     1672     2120     2680     3357     4144     5026     5994     7074     8353    10023    12457   16424
       14494   21317    34166    49217    42126    22263    10992     5951     3547     2282     1558     1115      828      635      500      403      331      277      236      204      178      158      142      128      117      108      101       95       90       87       84       81       80       79       79       79       80       82       84       87       91       96      102      110      119      130      143      159      179      203      233      272      320      381      461      564      700      880     1117     1429     1831     2335     2931     3590     4257     4884     5458     6019     6655     7506     8783   10861
       10345   17890    29871    30184    16753     8232     4461     2686     1754     1218      888      672      525      421      345      289      246      212      186      165      148      135      124      115      108      102       97       93       90       88       87       86       86       87       88       91       93       97      102      107      114      122      132      144      158      175      195      220      249      284      326      376      435      506      587      680      782      893     1010     1128     1246     1364     1484     1613     1759     1938     2170     2487     2942     3631     4737    6662
        6232    9095    13526    17809    16805    11376     6830     4184     2712     1859     1336      999      771      612      498      413      349      300      261      230      206      186      170      157      146      137      130      124      119      116      113      112      111      111      112      113      116      119      123      128      135      142      151      162      175      189      206      226      249      276      307      342      383      428      480      537      600      668      741      820      904      995     1095     1207     1337     1493     1687     1939     2278     2751     3445    4511
        4873    7664    13989    26990    30201    15249     6760     3467     2024     1297      890      642      483      375      299      245      204      173      149      131      116      104       94       87       80       75       71       68       65       63       62       61       60       61       61       62       64       66       69       72       76       81       88       95      104      115      128      144      163      187      216      250      293      345      406      479      563      657      757      860      961     1055     1141     1223     1307     1400     1514     1667     1882     2196     2680    3470
        1795    2182     2785     3723     5064     6368     6338     4742     3031     1895     1228      834      593      438      335      263      212      174      146      125      108       95       84       76       69       64       59       56       53       50       49       47       46       46       46       46       47       48       49       51       54       57       61       65       71       78       86       97      109      125      144      168      198      236      284      343      416      503      604      714      825      924     1003     1057     1091     1112     1130     1156     1198     1268     1376    1542
        2123    2664     3599     5283     8159    10959     9398     5448     2929     1680     1044      695      488      357      272      212      171      140      117      100       86       75       67       60       55       50       47       44       41       39       38       37       36       36       35       36       36       37       38       39       41       43       46       50       54       59       65       73       82       94      108      127      150      180      219      269      334      418      523      652      799      952     1092     1203     1275     1315     1338     1360     1400     1472     1595    1796
        4129    5087     6325     7565     7969     6862     4942     3267     2137     1432      993      713      529      403      315      252      205      170      143      123      106       93       83       74       67       62       57       53       50       48       46       44       43       42       41       41       41       42       43       44       45       47       49       52       56       60       65       71       78       87       98      111      128      148      173      205      245      295      359      439      541      666      819      999     1205     1432     1676     1934     2215     2534     2925    3434
        4549    6344     7142     5970     4108     2693     1805     1260      915      688      532      422      342      282      237      201      173      151      132      118      105       95       87       80       74       69       64       61       58       55       53       51       50       49       48       47       47       47       47       48       49       50       51       53       55       57       60       64       67       72       77       84       91       99      109      121      134      151      171      194      223      259      303      360      433      529      659      839     1099     1488     2094    3061
        3159    4855     6531     6362     4541     2883     1853     1250      885      654      501      394      318      262      219      187      161      140      124      110       99       90       82       76       70       65       61       58       55       53       51       49       48       47       46       46       45       45       45       46       46       47       48       50       51       53       56       58       61       65       69       74       79       86       93      102      112      124      138      155      176      201      232      271      321      386      473      593      764     1019     1416    2067
        1207    1448     1853     2557     3761     5266     5329     3489     1902     1062      638      411      281      201      149      114       90       72       60       50       42       37       32       28       25       23       21       20       18       17       16       16       15       15       15       15       15       15       15       15       16       16       17       18       20       21       23       25       28       31       36       41       47       56       66       80       97      120      150      190      241      307      388      480      577      668      745      804      852      901      964    1058
         413     431      465      519      601      722      892     1112     1322     1381     1198      890      615      421      295      213      159      122       96       78       64       54       46       40       35       31       28       26       24       22       21       20       19       18       18       18       18       18       18       18       19       20       21       22       23       25       27       30       34       38       44       50       59       70       85      105      130      165      211      271      346      429      507      562      580      564      530      491      456      430      413     407
         753     887     1070     1325     1670     2091     2454     2496     2110     1549     1070      736      518      375      279      214      168      135      111       92       78       67       59       52       46       42       38       35       32       30       29       27       26       26       25       25       24       24       24       25       25       26       27       28       30       31       33       36       39       42       47       52       57       64       73       83       95      109      125      145      167      193      222      254      289      326      366      409      457      510      574     652
         716     916     1239     1771     2565     3247     2941     1950     1165      713      461      316      226      169      130      103       84       69       58       50       44       39       34       31       28       26       24       23       22       21       20       20       19       19       19       19       20       20       21       22       23       24       25       27       29       32       35       39       44       49       56       64       74       85       99      115      133      153      176      199      222      244      265      284      302      321      341      366      398      441      501     587
        1383    1474     1466     1362     1201     1022      855      711      592      496      419      357      307      267      233      206      182      163      147      133      121      111      102       95       88       83       78       74       70       67       64       62       60       58       57       56       55       54       54       54       55       55       56       57       59       60       62       65       68       72       76       81       86       93      101      110      120      133      148      167      189      215      248      289      339      402      482      583      708      861     1038    1223
         926    1058     1120     1088      983      843      703      580      478      396      330      278      236      202      174      151      132      116      102       91       81       73       66       60       55       50       47       43       40       38       36       34       32       31       30       29       28       27       27       27       27       27       27       27       28       28       29       30       32       33       35       37       40       43       47       51       56       63       70       79       91      104      122      143      171      206      251      311      388      489      616     767
         697     673      617      550      487      432      385      347      315      287      261      238      216      194      173      153      134      117      101       88       76       66       57       50       44       39       34       31       28       25       23       21       20       18       17       16       16       15       15       14       14       14       14       14       14       15       15       16       17       17       19       20       22       24       26       29       33       37       43       50       60       72       87      108      136      174      226      294      383      487      592     670
         240     247      253      257      261      265      268      269      267      261      249      232      209      183      157      132      111       92       77       64       54       46       39       34       29       26       23       21       19       17       16       15       14       13       12       12       11       11       11       11       11       11       11       11       11       12       12       13       13       14       15       17       18       20       22       25       28       32       37       43       50       59       70       83       98      116      136      157      178      198      215     229
         994    1363     1542     1409     1128      868      675      538      439      366      309      263      224      191      162      138      116       98       83       70       59       50       43       37       32       28       24       22       19       17       16       14       13       12       11       11       10       10        9        9        9        9        9        9        9        9        9        9       10       10       11       11       12       13       14       16       18       20       23       26       31       36       44       53       67       85      111      148      205      294      436     662
         783     950     1065     1068      953      779      607      465      357      277      218      175      142      117       98       83       71       61       53       47       42       37       34       31       28       26       24       23       21       20       19       18       18       17       17       17       16       16       16       16       17       17       17       18       19       19       20       21       23       24       26       28       30       33       36       40       45       50       57       64       74       85       99      116      137      165      199      245      304      383      486     621
         184     164      152      145      144      148      156      171      191      218      247      272      276      251      206      157      115       85       63       48       37       30       24       20       16       14       12       11        9        8        8        7        6        6        6        5        5        5        5        5        5        5        5        5        6        6        6        7        7        8        9       10       11       13       15       17       21       26       32       41       54       74      103      147      213      298      379      408      375      314      258     215
         191     174      162      154      150      151      155      163      176      193      213      233      247      247      228      195      157      122       94       73       57       45       36       30       25       21       18       16       14       12       11       10        9        9        8        8        7        7        7        7        7        7        7        7        7        8        8        8        9       10       11       12       13       15       17       20       23       28       33       41       52       67       87      114      149      192      235      265      274      261      238     213
         231     225      225      230      241      260      288      326      373      423      457      453      401      321      241      177      131       98       75       58       46       38       31       26       22       19       17       15       14       12       11       10       10        9        9        9        8        8        8        8        8        8        8        9        9       10       10       11       12       13       14       16       18       21       24       28       34       41       50       62       77       98      125      158      195      231      260      275      276      267      254     241
         548     638      652      601      523      448      387      339      303      276      254      235      217      199      181      161      141      121      103       86       72       60       50       42       36       31       26       23       20       18       16       14       13       12       11       10        9        9        8        8        8        8        8        7        7        8        8        8        8        8        9        9       10       11       12       13       14       16       19       21       25       29       35       43       54       68       89      118      160      221      309     424
         610     408      272      194      147      119      100       88       80       75       72       70       70       70       71       72       72       71       68       63       57       50       43       36       30       25       21       18       15       13       11       10        9        8        7        7        6        6        5        5        5        5        4        4        4        4        4        5        5        5        5        5        6        6        7        8        9       10       11       13       16       20       24       31       42       57       82      126      205      354      587     737
         200     223      245      267      291      316      340      359      367      356      322      272      218      169      129       99       76       59       47       37       30       25       21       18       15       13       12       10        9        8        8        7        7        6        6        6        5        5        5        5        5        5        5        5        5        5        6        6        6        7        7        8        9       10       11       12       14       16       18       21       25       29       35       42       51       62       76       92      111      132      154     177
         141     141      147      161      186      228      299      414      563      623      484      295      172      105       68       46       33       25       19       15       12       10        8        7        6        5        5        4        4        3        3        3        3        3        2        2        2        2        2        2        2        2        3        3        3        3        3        4        4        5        5        6        7        8        9       11       14       18       22       29       39       52       72       98      132      166      189      195      186      171      157     146
          73      70       69       71       75       83       96      117      152      211      313      459      537      415      247      143       87       57       39       29       22       17       13       11        9        8        7        6        5        5        4        4        4        3        3        3        3        3        3        3        3        3        3        3        3        4        4        4        5        5        6        7        8        9       11       13       16       20       25       33       44       60       82      109      134      149      147      133      115      100       87      79
         286     255      224      199      180      168      161      158      157      158      159      156      148      135      116       96       77       60       47       37       30       24       19       16       13       11       10        8        7        7        6        5        5        4        4        4        4        4        3        3        3        3        3        3        3        3        4        4        4        4        5        5        6        6        7        8        9       11       13       15       19       23       29       38       50       68       95      133      184      241      287     302
         270     296      291      265      234      205      182      165      152      141      133      125      117      108       97       86       74       62       52       43       35       29       24       20       17       14       12       10        9        8        7        6        6        5        5        4        4        4        4        4        4        3        3        3        3        3        4        4        4        4        4        4        5        5        6        6        7        8        9       11       13       15       19       23       29       37       49       65       89      122      168     221
         163     142      129      123      124      131      148      176      218      272      306      273      192      120       75       48       32       23       17       12       10        8        6        5        4        3        3        3        2        2        2        2        1        1        1        1        1        1        1        1        1        1        1        1        1        1        1        1        2        2        2        2        2        3        3        4        5        5        7        8       11       14       19       26       38       55       83      124      172      207      210     189
         125     113      101       92       86       82       80       80       82       84       86       88       86       81       72       61       50       39       31       24       19       15       13       10        9        7        6        5        5        4        4        3        3        3        3        2        2        2        2        2        2        2        2        2        2        2        2        2        2        3        3        3        4        4        5        5        6        7        8       10       12       16       20       26       34       46       62       82      106      126      136     135
          46      43       41       40       41       43       47       53       62       76       95      121      146      153      132       96       66       45       31       23       17       13       10        8        7        6        5        4        4        3        3        3        2        2        2        2        2        2        2        2        2        2        2        2        2        2        2        2        3        3        3        4        4        5        6        7        8       10       13       17       23       30       41       56       73       88       94       89       79       68       59      51
          82      63       52       45       42       40       40       43       47       54       66       84      111      141      152      127       86       55       35       24       17       12        9        7        5        4        4        3        3        2        2        2        1        1        1        1        1        1        1        1        1        1        1        1        1        1        1        1        1        1        1        2        2        2        2        3        3        4        5        7        9       12       16       23       36       59      105      188      273      253      173     115
         129     116      102       91       83       77       74       74       76       79       85       92       99      104      103       95       80       63       48       36       28       21       16       13       10        9        7        6        5        4        4        3        3        3        3        2        2        2        2        2        2        2        2        2        2        2        2        2        2        2        2        3        3        3        4        4        5        5        6        8        9       12       15       19       25       33       45       62       85      109      128     135
          27      21       17       14       12       11       11       10       10       11       11       12       14       16       20       25       33       46       61       72       67       49       32       21       15       10        8        6        4        4        3        2        2        2        2        1        1        1        1        1        1        1        1        1        1        1        1        1        1        1        1        1        1        2        2        2        3        3        4        5        6        9       12       18       29       50       89      138      138       93       57      38
          83      53       37       29       23       20       19       18       18       18       20       23       27       34       46       67       97      118       99       62       36       22       14       10        7        5        4        3        2        2        2        1        1        1        1        1        1        1        0        0        0        0        0        0        0        0        0        0        0        0        1        1        1        1        1        1        1        2        2        2        3        4        5        7       10       14       23       39       74      137      179     136
         102      73       55       44       37       33       31       31       31       33       37       43       52       67       87      109      115       94       65       42       27       18       13        9        7        5        4        3        3        2        2        2        1        1        1        1        1        1        1        1        1        1        1        1        1        1        1        1        1        1        1        1        1        1        1        2        2        2        3        4        5        6        8       10       14       21       32       52       86      135      162     140
          71      61       54       49       47       46       48       51       57       66       80      100      124      144      139      110       76       50       34       23       17       12        9        7        6        5        4        3        3        2        2        2        2        2        1        1        1        1        1        1        1        1        1        1        1        1        1        1        1        1        2        2        2        2        3        3        4        5        6        7        9       11       15       20       28       39       56       76       94      101       95      83
          63      66       66       64       61       57       55       54       54       55       57       60       64       67       69       68       62       53       43       33       26       20       15       12       10        8        6        5        4        4        3        3        2        2        2        2        2        1        1        1        1        1        1        1        1        1        1        1        1        1        1        2        2        2        2        2        3        3        3        4        5        6        7        8       11       13       17       22       29       37       46      56
          36      38       40       41       41       42       43       44       46       49       53       58       64       69       72       72       66       56       45       35       27       20       16       12       10        8        7        5        5        4        3        3        3        2        2        2        2        2        2        1        1        1        1        1        1        1        1        1        1        1        2        2        2        2        2        2        3        3        4        4        5        6        7        8       10       12       14       17       21       24       28      32
          46      55       64       73       82       91       99      105      110      113      112      106       96       82       68       55       43       34       26       21       17       13       11        9        7        6        5        5        4        4        3        3        3        2        2        2        2        2        2        2        1        1        1        1        1        1        1        2        2        2        2        2        2        2        2        3        3        3        4        4        5        6        7        8       10       12       14       17       21       26       31      38
          61      50       41       34       29       26       23       22       22       22       23       25       29       34       41       52       67       81       85       72       52       35       23       16       12        9        7        5        4        3        3        2        2        2        1        1        1        1        1        1        1        1        1        1        1        1        1        1        1        1        1        1        1        1        1        2        2        2        2        3        4        5        6        7       10       14       19       27       39       53       65      68
          85      76       64       53       45       40       37       35       35       36       38       43       50       60       73       85       90       79       60       42       29       20       14       10        8        6        5        4        3        3        2        2        2        1        1        1        1        1        1        1        1        1        1        1        1        1        1        1        1        1        1        1        1        1        1        1        2        2        2        3        3        4        5        7        9       12       17       24       34       50       68      83
          22      24       26       29       31       35       40       46       54       66       81      101      121      129      117       91       65       45       32       23       17       13       10        8        6        5        4        4        3        3        2        2        2        2        2        1        1        1        1        1        1        1        1        1        1        1        1        1        1        1        1        2        2        2        2        2        3        3        3        4        5        5        6        7        8       10       11       13       14       16       18      20
          52      63       64       56       46       38       31       27       25       23       22       23       24       26       28       32       37       42       44       41       34       26       19       14       10        7        6        4        3        3        2        2        1        1        1        1        1        1        1        1        0        0        0        0        0        0        0        0        0        0        0        0        0        1        1        1        1        1        1        1        2        2        2        3        4        5        6        9       12       17       25      37
          52      45       35       28       23       19       17       15       14       14       14       15       17       19       23       28       37       49       62       65       54       37       24       16       11        8        5        4        3        2        2        2        1        1        1        1        1        1        1        0        0        0        0        0        0        0        0        0        0        0        0        0        0        1        1        1        1        1        1        2        2        2        3        4        5        7       10       14       20       30       42      52
