SWAN 1
LOCATIONS
     1
     681726.07 2033118.57
AFREQ
     56
     0.0300
     0.0400
     0.0500
     0.0600
     0.0700
     0.0800
     0.0900
     0.1000
     0.1100
     0.1200
     0.1300
     0.1400
     0.1500
     0.1600
     0.1700
     0.1800
     0.1900
     0.2000
     0.2100
     0.2200
     0.2300
     0.2400
     0.2500
     0.2600
     0.2700
     0.2800
     0.2900
     0.3000
     0.3100
     0.3200
     0.3300
     0.3400
     0.3500
     0.3600
     0.3700
     0.3800
     0.3900
     0.4000
     0.4100
     0.4200
     0.4300
     0.4400
     0.4500
     0.4600
     0.4700
     0.4800
     0.4900
     0.5000
     0.5100
     0.5200
     0.5300
     0.5400
     0.5500
     0.5600
     0.5700
     0.5800
NDIR
     72
     5.0000
     10.0000
     15.0000
     20.0000
     25.0000
     30.0000
     35.0000
     40.0000
     45.0000
     50.0000
     55.0000
     60.0000
     65.0000
     70.0000
     75.0000
     80.0000
     85.0000
     90.0000
     95.0000
     100.0000
     105.0000
     110.0000
     115.0000
     120.0000
     125.0000
     130.0000
     135.0000
     140.0000
     145.0000
     150.0000
     155.0000
     160.0000
     165.0000
     170.0000
     175.0000
     180.0000
     185.0000
     190.0000
     195.0000
     200.0000
     205.0000
     210.0000
     215.0000
     220.0000
     225.0000
     230.0000
     235.0000
     240.0000
     245.0000
     250.0000
     255.0000
     260.0000
     265.0000
     270.0000
     275.0000
     280.0000
     285.0000
     290.0000
     295.0000
     300.0000
     305.0000
     310.0000
     315.0000
     320.0000
     325.0000
     330.0000
     335.0000
     340.0000
     345.0000
     350.0000
     355.0000
     360.0000
QUANT
     1
VaDens
m2/Hz/degr
     -999.000000
FACTOR
     1.00000E-06
          15      14       14       13       13       13       13       13       13       13       14       14       15       16       17       18       19       21       22       24       25       26       27       27       27       26       24       22       21       19       17       16       14       13       12       11       11       10       10        9        9        9        9        8        9        9        9        9        9       10       10       11       11       12       13       14       15       16       17       18       19       20       20       20       20       20       19       18       18       17       16      15
          58      57       57       58       59       61       63       66       70       75       81       86       93       98      103      106      106      103       97       90       81       72       64       57       51       45       40       37       33       31       28       27       25       24       23       22       22       22       22       22       22       23       24       25       26       28       30       33       36       40       45       50       57       64       73       82       92      100      107      111      112      110      105       99       92       85       79       73       69       65       62      60
        1937    1560     1227      968      776      634      528      449      388      342      305      276      252      234      218      206      196      187      180      175      170      166      163      160      158      155      153      151      150      147      145      143      141      138      136      134      131      129      127      125      123      122      121      121      121      121      123      125      127      131      136      141      149      158      169      182      199      220      246      278      320      374      446      541      670      847     1089     1409     1793     2161     2353    2255
       14107    6161     3406     2160     1497     1105      855      686      567      481      416      367      330      300      277      259      245      234      226      220      216      215      215      217      221      226      233      241      252      264      278      293      310      328      346      365      383      399      413      424      432      436      437      435      432      427      421      416      412      410      410      413      419      428      443      463      491      528      576      640      725      842     1005     1242     1601     2184     3218     5324    10652    29939    86513   47372
       11095    5335     3099     2012     1408     1041      802      639      523      439      376      327      290      260      237      219      204      193      184      177      173      170      169      169      171      175      181      188      198      211      227      247      272      304      343      393      458      541      651      797      993     1260     1619     2091     2669     3283     3771     3958     3805     3434     3002     2608     2287     2042     1863     1741     1668     1639     1653     1714     1831     2022     2317     2779     3526     4825     7369    13491    36010   358810   441345   34628
       12218    5799     3391     2234     1593     1201      945      770      645      553      484      432      391      360      336      317      303      293      286      283      282      285      290      298      309      324      343      366      393      427      466      512      565      624      690      758      826      888      938      970      982      974      949      911      867      821      778      738      705      678      658      646      641      644      655      677      710      757      822      912     1035     1208     1455     1824     2407     3404     5326     9834    25411   227556   966520   41897
       25023    8922     4499     2694     1790     1277      960      750      606      502      426      369      325      290      263      242      225      212      201      194      188      184      182      182      184      187      192      198      207      218      232      248      269      293      322      356      397      445      500      563      633      708      783      855      916      962      990     1000      994      977      954      930      908      892      884      885      898      925      969     1034     1127     1259     1448     1724     2141     2810     3978     6298    12040    34211   250695  178170
       66968   17421     7782     4372     2792     1938     1427     1098      875      717      602      516      450      399      359      327      301      281      265      252      242      235      230      226      225      225      228      231      237      244      254      265      278      294      312      333      356      382      411      442      475      510      544      579      612      643      670      695      716      735      751      768      785      804      828      859      898      948     1014     1101     1216     1371     1583     1884     2325     3007     4145     6259    10924    25018   115945  439693
       28766   14975     8149     4788     3015     2010     1404     1018      763      588      464      374      307      256      217      187      163      143      128      115      105       96       89       84       79       75       72       70       68       67       66       66       66       67       68       70       73       76       80       85       91       98      107      117      130      146      165      189      220      258      306      368      450      558      703      900     1169     1540     2053     2755     3699     4924     6443     8246    10349    12886    16240    21213    29289    42112    54762   48661
       34700   32650    24298    15135     8913     5351     3358     2210     1518     1083      799      606      472      375      305      252      211      180      155      136      120      108       97       89       82       76       72       68       65       62       61       59       58       58       58       59       60       61       63       66       69       73       78       84       92      101      112      125      142      162      189      222      265      322      398      501      643      846     1142     1583     2260     3321     4995     7574    11228    15570    19496    22139    23817    25531    28127   31755
       44613   44171    31866    19128    11180     6798     4356     2931     2058     1499     1125      868      685      552      453      378      320      275      240      211      188      169      154      141      131      122      115      109      105      101       98       96       95       95       95       96       98      100      103      108      113      119      127      137      148      162      179      199      224      255      293      340      399      474      571      696      859     1073     1357     1734     2233     2890     3742     4823     6162     7786     9749    12182    15364    19813    26341   35518
       29104   25322    18870    12890     8561     5717     3895     2722     1953     1437     1082      832      653      522      425      350      294      249      214      186      164      146      131      118      108      100       93       87       83       79       76       73       71       70       69       69       69       70       71       73       76       79       83       88       93      100      109      119      131      146      164      186      213      248      291      346      417      509      631      794     1016     1322     1749     2354     3220     4467     6269     8850    12467    17276    22933   27839
       10031   10843    12577    14903    15905    13113     8394     4856     2843     1749     1136      774      550      405      307      239      191      155      128      108       92       80       70       62       56       51       47       43       40       38       36       35       34       33       32       32       32       32       33       33       34       36       38       40       43       46       50       55       61       68       78       89      104      123      148      181      227      289      379      510      711     1031     1565     2499     4191     7174    11448    14747    14652    12694    10972   10079
       43874   31474    15630     7886     4405     2692     1763     1218      878      656      504      397      320      262      219      185      159      139      122      109       98       89       82       75       71       66       63       60       58       57       55       55       54       54       55       56       57       59       61       64       67       71       76       82       89       98      108      121      136      155      177      205      240      283      338      406      493      603      742      919     1142     1422     1772     2211     2767     3488     4467     5881     8102    11952    19299   32849
        5865    6416     7318     8410     9032     8223     6145     4044     2569     1659     1111      772      557      414      317      249      199      163      136      115       99       86       76       67       61       55       51       47       44       42       40       39       37       37       36       36       36       36       37       38       39       41       43       46       49       53       58       64       72       81       93      107      126      150      181      223      281      361      476      644      898     1290     1902     2841     4156     5628     6675     6896     6535     6054     5725    5648
        6868    7470     6587     4765     3127     2029     1353      936      672      499      382      300      240      197      164      139      120      105       93       83       75       68       63       59       55       52       50       48       47       46       46       46       46       46       47       49       50       53       56       59       64       69       75       83       92      104      118      136      158      187      222      269      328      405      505      632      793      987     1208     1441     1663     1853     2002     2119     2224     2346     2512     2757     3124     3676     4490    5617
       12333   17825    20393    14956     8351     4581     2690     1698     1140      805      591      449      351      281      230      192      163      140      122      108       97       88       80       74       69       65       62       59       57       56       55       54       54       54       55       56       58       60       63       67       71       77       84       92      102      114      129      147      171      200      238      287      352      437      551      703      906     1172     1509     1910     2339     2741     3059     3274     3415     3536     3696     3960     4403     5143     6393    8560
       14200   16551    12076     6558     3503     2015     1253      831      580      423      319      247      197      160      133      112       96       83       73       65       59       54       49       46       43       41       39       37       36       36       35       35       35       36       36       37       39       40       43       45       49       53       57       63       71       80       91      106      124      147      178      218      272      345      446      587      785     1059     1424     1876     2366     2800     3094     3239     3298     3353     3483     3757     4269     5183     6818    9743
        6644    4530     2869     1821     1195      815      578      424      320      248      197      160      132      111       94       82       71       63       57       51       47       43       40       38       36       35       33       32       32       31       31       31       32       32       33       34       36       38       40       43       47       51       56       62       70       80       92      107      126      151      183      226      283      360      466      611      810     1078     1425     1841     2289     2710     3058     3332     3576     3858     4256     4854     5736     6911     8034    8142
        8334   13897    11685     5533     2614     1414      855      561      392      287      218      171      137      113       95       81       70       62       55       50       45       42       39       37       35       33       32       31       31       31       31       31       31       32       33       35       37       39       42       45       49       55       61       69       78       90      105      124      148      179      219      271      336      416      510      614      717      804      866      899      911      912      914      927      958     1018     1120     1284     1554     2012     2852    4564
        3924    4895     5457     4928     3624     2405     1574     1059      739      536      402      310      246      200      165      139      119      104       91       81       74       67       62       58       54       52       50       48       47       46       46       46       46       47       48       50       52       55       59       63       69       75       83       93      106      122      141      167      200      244      302      380      487      633      829     1084     1388     1701     1949     2070     2058     1962     1840     1732     1658     1628     1646     1723     1873     2121     2508    3093
        2629    3153     3412     3098     2367     1642     1113      766      544      399      301      234      186      151      126      106       91       79       70       62       56       52       48       44       42       40       38       37       36       35       35       35       36       36       37       38       40       42       45       48       52       57       63       71       80       92      107      125      149      181      222      277      349      446      572      728      909     1091     1237     1320     1334     1301     1247     1197     1164     1155     1177     1236     1343     1513     1768    2138
         867    1202     1844     3139     5131     5169     2936     1473      809      493      325      228      168      128      101       82       68       57       49       43       38       34       31       29       27       25       24       23       22       22       22       22       22       22       23       23       24       26       27       30       32       35       39       44       51       59       69       83      101      126      160      207      274      369      497      654      808      901      898      819      715      619      542      487      449      428      420      427      450      492      562     676
        1204    1843     3163     5386     5752     3287     1613      870      524      342      239      175      133      105       85       70       59       51       44       39       35       32       29       27       26       24       23       23       22       22       22       22       22       23       23       24       26       27       29       32       35       39       44       50       57       67       80       97      120      151      194      254      337      449      586      726      824      844      793      708      622      550      496      459      437      429      435      457      499      569      683     871
         491     552      632      728      821      873      842      728      577      436      324      243      185      144      115       93       77       65       55       48       42       37       34       31       28       27       25       24       23       22       22       21       21       21       22       22       23       24       25       27       29       32       35       39       44       50       59       69       84      103      131      170      229      319      465      708     1102     1642     2054     1968     1550     1151      872      690      573      497      449      421      408      408      421     448
         782     897     1043     1199     1309     1292     1125      883      653      475      348      260      199      155      124      101       84       71       61       53       47       42       38       35       32       30       28       27       26       25       25       24       24       24       25       25       26       27       29       30       32       35       38       43       48       54       62       72       85      103      126      157      201      262      347      468      631      831     1028     1153     1161     1074      951      834      740      672      627      602      597      609      642     698
        1068    1748     2944     3624     2457     1267      682      405      262      181      132       99       78       63       51       43       37       32       28       25       23       21       19       18       17       16       16       15       15       15       15       15       15       16       16       17       18       19       21       22       24       27       30       34       39       45       53       62       75       90      109      131      158      187      216      242      260      269      269      265      258      251      247      246      250      260      278      307      351      421      532     721
        2400    3622     3703     2419     1367      809      517      354      256      194      152      123      102       86       74       65       58       52       48       45       42       40       38       37       36       35       35       35       36       37       38       40       42       44       47       51       56       62       68       77       86       98      112      127      145      164      184      202      217      228      234      234      231      225      218      210      204      200      198      198      201      207      218      234      257      290      337      406      510      677      960    1471
        1419    2420     3614     3209     1821      972      565      360      246      177      134      105       84       69       59       50       44       39       35       32       30       28       26       25       24       23       23       23       23       23       23       24       25       26       28       29       32       35       38       43       48       54       63       73       85      101      120      143      169      197      224      247      261      267      263      254      241      229      218      210      204      202      204      210      221      239      267      307      368      463      619     894
         601     734      903     1063     1109      971      731      510      352      247      178      133      102       80       64       53       44       38       32       28       25       23       21       19       18       16       16       15       14       14       14       14       13       14       14       14       15       15       16       17       18       20       21       24       26       30       34       39       46       54       64       78       96      118      147      183      225      270      313      347      367      372      368      358      349      343      343      350      366      395      439     505
         703     903     1027      948      721      499      341      239      173      130      101       80       65       54       46       40       35       31       28       26       24       22       21       20       19       19       19       19       19       19       19       20       21       22       23       25       27       29       32       36       41       46       54       63       74       88      106      127      151      177      202      222      233      235      229      218      204      192      181      172      166      163      164      167      175      187      205      232      270      326      409     531
        1158    1624     1568     1024      590      353      227      155      112       84       65       52       43       36       31       27       24       21       19       18       16       15       15       14       14       13       13       13       13       13       14       14       15       16       17       18       20       22       24       27       31       35       41       49       58       70       84      102      122      144      165      181      190      191      186      176      165      155      147      141      138      137      139      144      154      169      191      225      277      360      499     744
         203     265      362      514      714      847      752      527      340      223      153      109       82       63       50       41       35       30       26       23       20       18       17       16       15       14       14       13       13       13       13       13       13       14       14       15       16       17       19       21       23       26       30       34       40       47       56       67       80       95      112      128      140      146      146      140      131      121      112      103       96       91       88       86       86       87       91       96      105      118      136     163
         249     296      355      420      473      486      445      368      285      215      163      125       97       78       63       53       45       38       33       30       26       24       22       20       19       18       17       17       16       16       16       16       16       17       17       18       18       20       21       22       24       27       30       33       38       43       49       57       66       77       90      104      118      132      143      151      155      155      152      148      143      138      135      133      132      134      137      144      154      168      187     213
          83      89       97      110      127      151      182      218      251      265      247      204      156      116       86       65       50       40       32       26       22       19       16       14       13       12       11       10        9        9        8        8        8        8        8        8        8        8        8        9        9       10       10       11       12       14       16       18       21       25       30       36       45       57       73       94      120      148      173      186      183      169      149      130      114      101       92       85       81       78       78      79
         193     236      295      372      457      514      499      414      309      222      160      117       89       69       54       44       37       31       26       23       20       18       16       15       14       13       12       12       11       11       10       10       10       10       10       10       11       11       12       12       13       14       15       16       17       19       20       23       25       28       31       35       39       43       47       52       56       61       65       68       72       75       78       81       84       89       94      101      111      123      139     162
         140     161      188      224      269      322      373      404      397      351      286      224      172      134      105       84       69       57       48       41       36       32       29       26       24       22       21       20       19       18       18       17       17       17       17       17       18       18       19       20       21       23       24       26       28       31       34       37       41       45       50       55       59       64       69       73       76       79       80       81       82       82       83       83       84       86       88       92       97      104      113     125
         121     143      172      210      256      299      321      305      258      202      153      115       88       69       55       45       37       31       27       24       21       19       17       16       15       14       13       13       12       12       12       12       12       12       13       13       14       14       15       17       18       20       22       25       28       31       36       41       47       54       62       70       77       83       87       89       88       86       83       80       76       73       71       70       69       70       71       74       78       85       93     105
          49      53       59       66       77       92      113      142      181      227      265      269      232      178      131       95       71       54       43       34       28       24       20       18       16       14       13       12       11       10       10       10        9        9        9        9       10       10       10       11       12       13       14       15       17       19       22       26       31       37       45       55       69       85      102      117      126      126      118      106       93       81       71       63       57       52       49       47       45       45       46      47
          48      52       58       66       79       97      124      165      223      287      315      274      198      134       91       64       47       35       28       22       18       15       13       11       10        9        8        7        7        6        6        6        6        6        5        5        6        6        6        6        6        7        7        8        9       10       11       12       14       17       20       23       28       34       41       49       58       66       71       74       72       69       64       59       54       50       47       45       44       43       44      45
          55      65       80      105      144      208      305      393      372      260      163      103       69       48       36       27       21       17       14       12       11        9        8        7        7        6        6        6        5        5        5        5        5        5        6        6        6        6        7        8        8        9       11       12       14       17       21       27       34       45       61       84      116      154      181      182      159      128      101       81       66       56       49       44       41       39       38       37       38       40       43      48
          42      50       60       77      102      142      208      299      369      334      233      150       98       67       48       36       28       23       19       16       13       12       11        9        9        8        8        7        7        7        7        7        7        7        7        7        8        8        9       10       11       12       14       16       19       22       26       32       39       47       56       64       70       73       71       65       58       52       46       41       37       33       31       29       28       28       28       28       29       31       33      37
          55      67       82      101      122      141      149      139      116       92       70       54       42       33       27       22       18       16       14       12       11       10        9        8        8        7        7        7        6        6        6        6        6        6        6        6        7        7        7        8        8        9        9       10       11       12       13       14       15       16       17       17       18       19       19       20       20       21       21       21       21       22       22       23       24       25       27       29       32       36       41      47
          58      65       74       84       94      102      105      103       94       82       68       56       46       37       31       26       22       19       16       14       13       12       11       10        9        9        8        8        8        7        7        7        7        8        8        8        8        9        9       10       11       12       13       15       16       19       21       24       27       31       35       39       42       45       47       48       48       47       45       44       42       41       40       39       38       39       39       40       42       45       48      53
          27      29       33       37       42       49       57       67       78       89       97       98       93       83       71       58       48       40       33       28       24       21       18       16       15       13       12       11       11       10       10       10       10        9        9       10       10       10       10       11       11       12       13       14       15       16       17       18       19       21       22       23       24       24       24       24       24       24       23       22       22       21       21       20       20       20       20       21       21       22       23      25
          18      21       25       31       39       50       68       92      121      141      133      105       75       53       38       28       22       17       14       12       10        9        8        7        6        6        5        5        5        5        4        4        4        4        4        5        5        5        5        5        6        6        7        7        8        9       10       11       11       12       13       14       14       14       14       14       13       13       13       12       12       12       11       11       11       11       12       12       13       14       15      16
          25      30       36       44       57       75      103      147      208      271      288      241      174      121       86       63       48       38       31       26       22       19       17       15       14       13       12       12       11       11       10       10       10       10       10       10       11       11       11       12       12       12       13       13       13       13       14       14       14       14       14       13       13       13       13       12       12       12       12       12       12       12       12       12       13       13       14       15       16       18       19      22
          26      28       31       36       42       50       61       77       99      129      162      185      180      149      112       82       60       46       35       28       23       19       16       14       12       11       10        9        8        8        7        7        7        7        7        7        7        7        7        7        8        8        8        9       10       11       12       13       14       15       17       18       20       21       22       23       24       24       24       24       23       23       22       22       21       21       21       21       21       22       23      24
          22      25       29       34       42       52       68       90      123      163      196      194      158      115       82       59       44       34       27       22       18       15       13       12       11       10        9        8        8        7        7        7        7        7        7        7        7        8        8        8        9       10       10       11       12       13       14       16       17       18       19       20       21       21       21       20       20       19       18       17       17       16       16       15       15       15       16       16       16       17       19      20
          14      16       19       23       29       37       50       69       97      133      160      157      125       91       65       48       36       28       23       19       16       14       13       11       10       10        9        9        9        9        9        9        9        9       10       10       11       12       13       14       15       16       18       19       20       20       20       20       19       18       17       15       14       13       12       11       10        9        9        8        8        8        8        8        8        8        8        9        9       10       11      12
           9      10       11       13       16       20       26       34       47       67       94      119      122      101       73       52       38       28       22       18       15       12       11        9        9        8        7        7        7        7        6        6        7        7        7        7        8        9        9       10       11       12       14       15       17       18       18       18       18       17       16       14       13       11       10        9        8        8        7        7        6        6        6        6        6        6        6        6        6        7        7       8
           7       8       10       12       15       19       26       37       55       82      112      122       99       68       46       32       24       18       14       12       10        9        8        7        6        6        6        6        6        6        6        6        6        6        7        8        9       10       11       13       15       17       20       22       24       25       24       22       19       16       14       12       10        8        7        7        6        5        5        5        4        4        4        4        4        4        4        4        5        5        6       6
          20      23       26       31       36       43       50       59       67       72       73       69       62       53       44       37       31       26       22       19       17       15       13       12       11       10       10        9        9        9        8        8        8        8        8        9        9        9        9       10       10       11       11       12       12       12       13       13       13       14       14       14       13       13       13       13       12       12       12       12       12       12       12       12       12       12       13       14       14       15       17      18
           9      10       12       14       18       23       32       48       77      131      198      190      119       68       42       27       19       14       11        9        7        6        5        5        4        4        4        3        3        3        3        3        3        3        3        4        4        4        5        5        6        7        8       10       12       15       19       24       29       34       37       36       32       26       22       18       15       12       11        9        8        8        7        7        6        6        6        6        6        7        7       8
           7       8        9       11       14       18       24       33       50       77      117      148      134       94       61       41       29       22       17       14       12       10        9        8        7        7        6        6        6        6        6        6        7        7        8        8        9       10       12       13       15       17       19       21       22       22       21       19       17       14       12       10        9        8        7        6        6        5        5        4        4        4        4        4        4        4        4        4        4        5        5       6
          11      12       13       14       16       18       22       26       33       42       54       70       87       95       89       72       54       40       30       23       18       14       12       10        9        8        7        6        5        5        5        5        4        4        4        4        4        4        4        5        5        5        5        6        7        7        8        9       10       11       13       14       15       16       17       18       18       17       17       16       15       14       13       12       11       11       10       10       10       10       10      11
