SWAN 1
LOCATIONS
     1
     681726.07 2033118.57
AFREQ
     56
     0.0300
     0.0400
     0.0500
     0.0600
     0.0700
     0.0800
     0.0900
     0.1000
     0.1100
     0.1200
     0.1300
     0.1400
     0.1500
     0.1600
     0.1700
     0.1800
     0.1900
     0.2000
     0.2100
     0.2200
     0.2300
     0.2400
     0.2500
     0.2600
     0.2700
     0.2800
     0.2900
     0.3000
     0.3100
     0.3200
     0.3300
     0.3400
     0.3500
     0.3600
     0.3700
     0.3800
     0.3900
     0.4000
     0.4100
     0.4200
     0.4300
     0.4400
     0.4500
     0.4600
     0.4700
     0.4800
     0.4900
     0.5000
     0.5100
     0.5200
     0.5300
     0.5400
     0.5500
     0.5600
     0.5700
     0.5800
NDIR
     72
     5.0000
     10.0000
     15.0000
     20.0000
     25.0000
     30.0000
     35.0000
     40.0000
     45.0000
     50.0000
     55.0000
     60.0000
     65.0000
     70.0000
     75.0000
     80.0000
     85.0000
     90.0000
     95.0000
     100.0000
     105.0000
     110.0000
     115.0000
     120.0000
     125.0000
     130.0000
     135.0000
     140.0000
     145.0000
     150.0000
     155.0000
     160.0000
     165.0000
     170.0000
     175.0000
     180.0000
     185.0000
     190.0000
     195.0000
     200.0000
     205.0000
     210.0000
     215.0000
     220.0000
     225.0000
     230.0000
     235.0000
     240.0000
     245.0000
     250.0000
     255.0000
     260.0000
     265.0000
     270.0000
     275.0000
     280.0000
     285.0000
     290.0000
     295.0000
     300.0000
     305.0000
     310.0000
     315.0000
     320.0000
     325.0000
     330.0000
     335.0000
     340.0000
     345.0000
     350.0000
     355.0000
     360.0000
QUANT
     1
VaDens
m2/Hz/degr
     -999.000000
FACTOR
     1.00000E-06
          19      18       18       18       19       19       20       21       23       24       26       28       29       30       31       30       28       26       23       20       17       15       13       11        9        8        7        7        6        5        5        5        4        4        4        4        4        3        3        3        4        4        4        4        4        4        5        5        5        6        7        7        8        9       11       12       14       16       18       21       23       25       26       26       26       25       24       23       22       21       20      19
          60      57       55       54       55       56       58       61       66       72       81       92      106      125      148      175      201      220      221      204      175      143      115       92       74       61       51       43       37       32       29       26       24       22       21       19       19       18       18       18       18       18       18       19       20       21       23       25       27       31       35       40       47       56       69       85      106      134      168      203      231      240      227      200      169      141      119      101       87       77       70      64
         555     560      577      607      650      709      784      872      965     1045     1085     1061      970      835      690      557      447      360      293      241      202      171      147      128      114      102       92       84       78       73       69       66       64       62       61       61       61       61       63       64       67       70       75       80       87       96      106      120      137      159      188      226      277      348      448      591      796     1085     1462     1860     2117     2094     1844     1528     1247     1030      872      758      677      621      584     563
        9154    5474     3595     2532     1882     1458     1168      961      810      696      609      541      487      444      409      381      359      341      326      315      307      300      296      294      294      295      298      303      309      316      324      334      345      357      370      383      398      412      427      442      457      471      486      500      514      529      544      560      578      599      622      649      682      722      771      831      906     1001     1123     1283     1496     1790     2208     2829     3805     5454     8512    14800    27859    41990    32711   17100
       15455    7692     4614     3091     2229     1696     1345     1102      929      801      705      632      575      532      499      473      455      443      436      434      436      443      456      474      497      528      567      615      674      747      836      945     1075     1229     1405     1599     1795     1973     2106     2168     2153     2069     1938     1785     1632     1490     1365     1260     1175     1109     1059     1025     1007     1003     1014     1042     1088     1158     1256     1392     1582     1849     2236     2819     3751     5371     8577    16443    46517   631781   722426   46465
       37788   14682     7831     4903     3389     2506     1948     1574     1313     1124      984      879      798      737      690      655      630      613      604      601      604      613      629      652      681      718      762      815      877      947     1024     1107     1191     1272     1343     1396     1425     1428     1404     1359     1297     1227     1155     1085     1020      963      914      874      842      819      805      799      802      815      838      874      925      993     1084     1207     1371     1597     1913     2372     3072     4210     6244    10439    21497    71113   704065  252521
       19452    8050     4403     2788     1935     1432     1111      895      744      634      552      490      442      406      378      356      340      329      321      318      317      321      327      337      352      370      393      422      458      501      553      615      687      771      864      963     1063     1152     1221     1260     1262     1232     1176     1106     1030      956      888      829      780      740      710      689      677      674      681      698      726      768      828      910     1023     1180     1403     1729     2232     3062     4576     7808    16953    68283   819943  105719
       33014   14104     7686     4795     3262     2358     1783     1398     1127      932      786      674      588      520      466      422      387      358      334      315      299      287      277      270      264      261      259      259      261      264      269      276      284      294      307      321      338      357      378      403      430      461      494      531      572      615      663      713      767      825      887      953     1025     1104     1192     1292     1409     1548     1717     1930     2204     2568     3069     3787     4876     6649     9847    16583    35118   123058   453039  132768
       30607   12160     6265     3739     2451     1717     1263      966      762      617      511      431      370      323      286      256      232      213      197      184      174      166      160      155      152      150      149      149      151      154      158      164      171      180      191      204      220      240      263      292      326      368      419      480      555      646      756      886     1040     1215     1408     1611     1813     2001     2168     2309     2429     2539     2653     2789     2971     3224     3589     4130     4958     6298     8646    13317    24784    65613   211226  119866
       33907   14279     6697     3654     2227     1469     1027      752      571      447      359      294      246      209      181      158      140      126      115      105       97       91       86       82       79       77       75       74       73       73       74       75       77       80       83       87       93       99      107      116      128      142      159      180      206      238      278      328      392      474      577      707      870     1069     1302     1561     1830     2086     2313     2504     2671     2836     3030     3295     3685     4288     5265     6951    10154    17084    33302   51962
       72375   60241    20802     8300     4135     2380     1508     1024      732      545      419      332      269      222      187      160      139      123      109       99       90       83       77       72       69       66       63       62       61       60       60       60       61       62       64       67       70       74       79       85       93      102      113      127      144      166      193      228      273      333      412      519      665      867     1146     1525     2021     2620     3246     3773     4097     4214     4207     4184     4230     4415     4821     5582     6980     9700    15750   32299
       61174   66963    42824    21602    11309     6490     4040     2683     1875     1366     1029      798      634      515      426      358      306      265      233      207      186      169      155      144      134      127      120      115      112      109      107      106      106      106      108      110      113      117      123      130      138      148      160      175      192      214      241      274      315      367      432      515      623      764      950     1198     1528     1968     2548     3295     4217     5285     6435     7584     8693     9810    11082    12771    15310    19489    26901   40539
       10410   11611    13682    16226    17337    14701     9921     6038     3673     2324     1542     1069      771      574      440      347      279      229      191      162      139      122      107       96       87       79       73       68       64       61       58       56       54       53       53       53       53       54       55       56       58       61       65       69       74       80       88       98      110      124      143      166      196      236      289      360      460      603      814     1138     1655     2522     4034     6710    11051    16024    18081    16305    13537    11476    10339   10004
       12203   13568    14282    13255    10497     7376     4926     3289     2247     1583     1151      861      662      521      418      343      286      242      208      181      160      142      128      117      108      100       94       89       85       82       79       78       76       76       76       77       78       80       83       87       91       97      104      112      122      135      150      169      193      223      261      310      374      459      574      733      958     1283     1762     2478     3548     5091     7098     9206    10709    11176    10870    10334     9943     9875    10211   10994
       15544   17617    19740    19879    16438    11300     7114     4452     2872     1929     1348      976      729      560      441      354      290      242      205      176      154      136      121      109      100       92       85       80       76       72       69       67       66       65       65       65       65       67       68       71       74       78       82       88       95      104      114      127      144      164      189      221      263      317      389      488      626      821     1109     1544     2223     3312     5073     7820    11530    15103    16786    16366    15140    14153    13813   14253
        3230    3833     4841     6403     8267     8883     7004     4424     2648     1636     1066      730      523      388      298      235      189      156      131      112       97       85       76       68       62       57       53       50       47       45       43       42       41       41       41       41       42       43       44       46       48       51       55       60       65       72       80       91      104      121      144      173      212      265      340      449      612      866     1277     1964     3107     4802     6497     6946     6043     4838     3904     3295     2935     2764     2751    2895
        8061    9215    10325    10531     9116     6704     4494     2947     1966     1352      962      707      534      414      329      266      220      184      157      136      119      105       94       85       78       72       67       63       60       58       56       54       53       53       52       53       53       55       56       58       61       64       69       74       80       87       97      108      122      140      162      190      226      274      337      422      539      703      937     1274     1759     2445     3358     4430     5447     6146     6434     6446     6392     6436     6682    7205
        6459   10463    16792    17937    10710     5327     2850     1687     1085      743      535      401      310      247      201      167      141      122      106       94       84       76       70       65       61       57       55       53       51       50       49       49       49       50       51       52       54       57       60       64       69       75       82       91      103      116      134      156      184      220      267      330      413      525      675      872     1120     1410     1705     1951     2098     2139     2107     2047     1997     1983     2021     2132     2344     2710     3330    4419
        1764    2314     3340     5381     9070    11231     7432     3696     1935     1126      716      488      350      262      203      162      132      110       93       81       71       63       57       52       48       44       42       40       38       37       36       35       35       35       36       37       38       39       41       44       47       51       56       62       70       79       92      108      129      157      195      249      328      447      635      943     1469     2354     3614     4595     4388     3436     2561     1967     1592     1359     1221     1151     1135     1171     1269    1451
        6973    9191     9791     7484     4624     2754     1708     1120      773      558      417      322      255      207      172      145      124      108       95       85       77       70       65       60       57       54       52       50       49       48       48       48       48       49       51       52       55       58       62       66       72       79       87       98      111      128      149      176      212      259      323      411      535      712      966     1327     1819     2415     2989     3341     3370     3167     2890     2643     2471     2385     2392     2505     2750     3184     3910    5106
        4159    4702     5116     5088     4449     3447     2480     1739     1226      882      650      491      380      301      243      200      167      142      122      107       94       84       76       70       64       60       56       53       51       49       47       46       46       46       46       46       47       48       50       52       55       58       62       67       73       80       89      100      114      130      151      178      212      255      311      385      483      611      777      989     1247     1541     1845     2123     2345     2507     2625     2731     2859     3040     3304    3675
        4554    3733     2829     2035     1433     1010      722      527      393      300      234      186      151      124      104       88       76       66       58       52       46       42       39       36       34       32       30       29       28       27       27       26       26       26       27       27       28       29       31       32       34       37       40       44       48       54       61       69       80       93      111      133      163      204      260      338      451      617      868     1254     1849     2732     3913     5173     6075     6370     6229     5955     5723     5565     5409    5116
        7867    7632     5256     3068     1790     1102      720      496      356      266      204      161      130      107       90       77       66       58       52       46       42       39       36       34       32       30       29       28       27       27       27       27       27       28       28       30       31       32       35       37       40       44       48       54       61       70       81       95      113      136      167      209      266      345      455      608      820     1096     1423     1751     2002     2130     2151     2122     2098     2119     2216     2425     2801     3444     4518    6169
        3853    4364     4381     3745     2800     1957     1351      947      682      505      384      300      239      194      161      136      116      101       88       79       71       64       59       55       51       48       46       44       43       42       41       40       40       41       41       42       43       45       47       50       53       57       61       67       74       82       92      104      118      137      159      187      222      266      320      387      467      563      672      792      916     1038     1153     1261     1365     1476     1605     1768     1985     2282     2690    3227
        3722    3130     2478     1906     1459     1123      876      693      556      453      374      313      265      227      197      172      152      135      122      110      101       93       86       80       76       72       68       65       63       61       60       59       59       58       58       59       60       61       63       65       67       70       74       78       83       89       96      104      113      124      137      153      171      193      219      250      288      333      389      458      543      649      783      954     1174     1458     1826     2292     2852     3441     3903    4025
        2442    3487     4590     4456     3025     1763     1040      652      434      304      222      168      132      105       86       72       61       53       46       41       37       34       31       29       27       26       25       24       23       23       22       22       23       23       24       24       26       27       29       31       33       37       41       46       52       60       70       83      100      123      154      197      258      346      472      652      891     1164     1393     1486     1432     1299     1157     1041      961      918      910      941     1017     1155     1389    1781
        1049    1261     1548     1880     2117     2047     1660     1192      820      566      401      293      221      171      135      110       91       77       66       57       50       45       40       37       34       32       30       28       27       26       26       25       25       25       25       26       27       28       29       30       32       35       38       41       46       51       58       66       77       91      108      130      160      198      249      314      396      494      598      694      763      794      791      767      736      710      693      691      706      742      804     903
         317     397      513      674      854      947      851      638      440      301      212      154      116       90       72       58       49       41       36       32       28       25       23       21       20       19       18       18       17       17       17       17       17       17       18       19       20       21       23       25       27       30       34       39       45       53       63       76       93      116      145      182      225      270      306      325      323      303      276      247      222      202      187      176      170      168      169      175      185      202      227     264
         409     495      617      781      960     1065      995      786      563      393      278      202      152      117       93       76       63       53       46       40       35       32       29       27       25       23       22       21       21       20       20       20       20       20       21       22       22       24       25       27       30       33       37       42       48       56       66       79       97      121      153      198      259      339      433      523      581      585      543      480      417      364      323      293      273      260      255      256      265      282      309     349
         234     244      261      286      319      361      407      448      465      445      389      315      245      187      143      111       88       70       57       48       40       35       30       27       24       21       20       18       17       16       15       14       14       14       13       13       13       14       14       14       15       16       17       18       19       21       23       26       30       34       40       47       56       68       84      105      133      171      217      272      326      368      385      378      353      322      293      268      250      237      231     230
         209     242      291      363      469      611      751      790      670      484      329      225      158      115       87       68       54       44       37       31       27       24       21       19       17       16       15       14       14       13       13       13       12       12       13       13       13       14       15       15       17       18       20       22       25       28       33       38       46       56       69       88      113      148      195      255      320      372      391      373      333      289      249      218      195      179      168      162      161      164      173     187
         337     375      419      462      494      500      472      415      345      276      218      172      137      110       90       75       63       54       46       41       36       32       29       27       25       23       22       21       20       19       19       19       19       19       19       19       20       21       21       23       24       26       28       30       33       37       41       47       53       61       70       82       95      111      129      148      168      187      204      217      225      230      232      232      232      233      235      241      250      263      281     306
         320     332      353      383      425      478      541      601      639      628      562      463      361      275      209      160      125       99       80       66       55       47       40       35       31       28       25       23       22       20       19       18       17       17       17       16       16       16       17       17       17       18       19       20       22       23       25       28       31       35       40       46       53       63       75       91      111      137      170      210      256      303      346      375      388      385      372      355      339      326      318     316
         127     128      131      137      146      157      171      188      207      224      236      239      228      206      177      148      121       99       81       67       56       47       40       35       31       27       24       22       20       19       18       17       16       16       15       15       15       15       15       15       16       16       17       18       19       21       23       25       28       31       35       41       47       56       66       79       95      113      134      156      175      189      195      193      185      174      163      152      143      135      130     127
         241     292      359      444      535      600      598      523      413      311      232      175      134      105       85       69       58       49       42       37       33       30       27       25       23       22       20       19       19       18       18       18       18       18       18       18       19       19       20       21       22       23       25       27       29       31       34       37       40       44       48       53       57       62       66       71       75       79       82       85       89       92       95       99      104      110      117      127      139      155      176     204
         122     148      181      221      262      287      282      247      199      153      117       90       71       57       46       38       32       28       24       22       19       18       16       15       14       13       13       12       12       12       12       12       12       12       12       13       13       14       14       15       16       17       19       20       22       24       26       28       30       32       35       37       38       40       41       42       43       44       44       45       45       46       48       49       51       54       58       63       69       77       88     103
         337     433      501      484      390      284      201      144      106       81       63       51       42       35       30       26       23       20       19       17       16       15       14       13       13       12       12       12       12       12       12       12       13       13       14       15       15       16       17       19       20       22       23       25       27       30       32       34       36       38       40       42       43       44       45       46       47       48       49       51       53       56       60       64       71       79       90      104      125      154      195     255
          71      81       92      105      119      132      142      147      144      134      120      104       88       75       63       54       46       40       35       31       28       25       23       21       20       19       18       17       16       16       15       15       15       15       15       15       15       15       16       16       17       17       18       19       19       20       21       22       23       23       24       25       26       26       27       28       28       29       30       30       31       32       33       35       36       38       41       44       47       51       57      63
          30      35       42       52       66       84      102      112      105       84       62       45       32       24       18       14       12       10        8        7        6        5        5        4        4        4        3        3        3        3        3        3        3        3        3        3        3        4        4        4        4        5        6        6        7        9       10       12       14       18       21       26       30       35       38       39       38       36       33       30       27       25       23       22       21       20       20       20       21       22       24      26
          44      48       55       65       80      102      137      193      269      330      306      218      139       90       60       42       31       24       19       15       12       10        9        8        7        6        6        5        5        4        4        4        4        4        4        4        4        4        4        4        4        5        5        5        6        7        7        8        9       11       13       15       18       21       25       30       36       41       46       49       50       50       48       46       44       42       40       39       38       38       39      41
          88      99      110      120      126      126      122      113      101       88       77       66       58       50       44       39       35       31       28       26       24       23       21       20       19       18       18       17       17       17       17       16       16       16       17       17       17       17       17       18       18       18       19       19       19       20       20       20       21       21       21       22       22       22       23       23       24       25       26       27       28       30       31       34       36       39       43       48       53       60       68      77
          25      27       30       34       40       48       61       80      112      159      217      244      205      141       92       61       43       31       23       18       15       12       10        9        8        7        6        6        5        5        5        4        4        4        4        4        4        4        5        5        5        6        6        7        8        9       10       12       14       17       21       27       35       45       57       70       80       84       79       69       59       49       42       36       32       29       26       25       24       23       23      24
          48      51       56       63       72       85      102      124      148      169      175      161      132      102       77       58       44       35       28       23       19       16       14       12       11       10        9        8        8        7        7        6        6        6        6        6        6        6        7        7        7        8        8        9       10       11       12       14       16       19       22       27       32       38       46       55       63       70       75       76       74       69       64       59       54       51       48       46       44       44       44      45
          25      29       34       41       53       71      102      156      239      302      256      162       97       61       41       29       21       17       13       11        9        8        7        6        5        5        4        4        4        4        4        4        4        4        4        4        4        4        4        5        5        6        7        8        9       11       13       16       20       26       34       46       62       80       95       99       90       74       60       48       39       33       29       25       23       21       20       20       20       20       21      23
          38      41       47       56       68       88      120      172      246      306      281      196      123       79       53       37       27       21       16       13       11        9        8        7        6        6        5        5        4        4        4        4        4        4        4        4        4        4        4        4        5        5        6        6        7        8        9       11       13       16       20       26       34       45       62       85      111      133      137      123      102       82       67       56       48       42       38       36       34       34       34      35
          22      22       24       25       28       31       36       42       50       61       77       95      115      129      127      111       88       67       51       39       31       25       20       17       14       12       11       10        9        8        8        7        7        7        6        6        6        6        6        7        7        7        8        8        9       10       11       12       13       15       17       20       23       27       30       34       37       38       39       38       37       34       32       29       27       25       24       23       22       21       21      21
           8       9        9       10       11       12       14       16       20       25       33       44       61       84      105      107       88       64       44       32       23       18       14       11        9        8        7        6        6        5        5        4        4        4        4        4        4        4        4        5        5        5        6        6        7        8       10       12       14       17       22       27       34       41       46       47       43       37       31       25       21       17       15       13       11       10       10        9        8        8        8       8
          15      15       17       19       21       24       29       36       46       61       85      120      159      174      147      103       69       47       34       25       19       15       12       10        9        7        6        6        5        5        4        4        4        4        4        4        4        4        4        4        4        4        4        5        5        5        6        7        7        8        9       10       11       13       14       15       16       17       18       18       17       17       16       16       15       14       14       14       13       13       14      14
           9       9        9        9       10       11       12       13       15       17       21       26       33       44       59       77       90       85       67       48       33       24       18       13       10        8        7        6        5        4        4        3        3        3        3        3        2        2        2        2        2        2        2        2        3        3        3        3        3        4        4        5        5        6        7        8        9       10       11       13       13       14       14       13       13       12       12       11       10       10        9       9
           7       7        8        9       10       12       14       18       23       31       43       61       86      106      104       80       56       39       28       21       16       13       10        9        8        7        6        5        5        5        4        4        4        4        4        4        5        5        5        6        6        7        8        9       11       13       15       18       21       25       28       29       28       26       23       20       17       14       12       10        9        8        7        7        6        6        6        6        6        6        6       6
          12      13       16       20       25       34       47       69      102      137      143      112       76       50       35       25       19       15       12       10        8        7        6        6        5        5        5        4        4        4        4        4        4        5        5        5        5        6        6        7        8        9       10       12       14       16       18       19       21       21       20       19       17       16       14       12       11       10        9        9        8        8        7        7        7        7        7        7        8        8        9      10
          15      17       19       22       25       30       36       44       55       67       80       88       89       80       67       54       43       34       27       22       19       16       14       12       11       10        9        8        8        7        7        7        7        7        7        7        7        7        7        7        8        8        9        9       10       10       11       11       12       12       13       13       13       13       13       13       13       12       12       12       11       11       11       11       11       11       11       11       12       12       13      14
          10      11       13       15       18       22       28       36       50       69       93      112      108       84       60       42       30       22       17       14       11        9        8        7        6        5        5        5        4        4        4        4        4        4        4        4        4        4        4        4        5        5        6        6        7        7        8        9        9       10       11       11       11       12       11       11       10       10        9        9        8        8        8        8        7        7        7        7        8        8        8       9
           9       9        9       10       11       12       13       15       18       22       27       34       42       51       57       56       48       38       29       21       16       13       10        8        7        6        5        4        4        3        3        3        3        2        2        2        2        2        2        2        2        2        2        3        3        3        3        3        4        4        5        5        6        7        7        8        9       10       10       11       11       11       11       10       10       10        9        9        9        8        8       8
           7       7        8        9       10       11       13       16       21       27       36       49       66       80       81       68       51       36       27       20       15       12       10        8        7        6        6        5        5        4        4        4        4        4        4        4        4        4        4        5        5        6        6        7        8        9       10       12       13       15       17       18       18       18       17       16       14       13       11       10        9        8        7        7        6        6        6        6        6        6        6       6
           5       6        7        8        9       11       14       18       24       33       46       63       78       80       67       50       37       27       21       16       13       11        9        8        7        7        6        6        6        5        5        5        5        6        6        6        6        7        8        8        9       10       10       11       12       12       12       12       11       10        9        8        7        7        6        5        5        5        4        4        4        4        3        3        3        3        3        4        4        4        4       5
