SWAN 1
LOCATIONS
     1
     681726.07 2033118.57
AFREQ
     56
     0.0300
     0.0400
     0.0500
     0.0600
     0.0700
     0.0800
     0.0900
     0.1000
     0.1100
     0.1200
     0.1300
     0.1400
     0.1500
     0.1600
     0.1700
     0.1800
     0.1900
     0.2000
     0.2100
     0.2200
     0.2300
     0.2400
     0.2500
     0.2600
     0.2700
     0.2800
     0.2900
     0.3000
     0.3100
     0.3200
     0.3300
     0.3400
     0.3500
     0.3600
     0.3700
     0.3800
     0.3900
     0.4000
     0.4100
     0.4200
     0.4300
     0.4400
     0.4500
     0.4600
     0.4700
     0.4800
     0.4900
     0.5000
     0.5100
     0.5200
     0.5300
     0.5400
     0.5500
     0.5600
     0.5700
     0.5800
NDIR
     72
     5.0000
     10.0000
     15.0000
     20.0000
     25.0000
     30.0000
     35.0000
     40.0000
     45.0000
     50.0000
     55.0000
     60.0000
     65.0000
     70.0000
     75.0000
     80.0000
     85.0000
     90.0000
     95.0000
     100.0000
     105.0000
     110.0000
     115.0000
     120.0000
     125.0000
     130.0000
     135.0000
     140.0000
     145.0000
     150.0000
     155.0000
     160.0000
     165.0000
     170.0000
     175.0000
     180.0000
     185.0000
     190.0000
     195.0000
     200.0000
     205.0000
     210.0000
     215.0000
     220.0000
     225.0000
     230.0000
     235.0000
     240.0000
     245.0000
     250.0000
     255.0000
     260.0000
     265.0000
     270.0000
     275.0000
     280.0000
     285.0000
     290.0000
     295.0000
     300.0000
     305.0000
     310.0000
     315.0000
     320.0000
     325.0000
     330.0000
     335.0000
     340.0000
     345.0000
     350.0000
     355.0000
     360.0000
QUANT
     1
VaDens
m2/Hz/degr
     -999.000000
FACTOR
     1.00000E-06
         112      84       66       54       45       39       34       31       28       26       25       24       23       23       22       22       22       22       22       22       22       21       21       21       20       19       18       17       16       15       14       13       12       11       10       10        9        9        8        8        8        7        7        7        7        7        7        8        8        8        9        9       10       11       12       14       16       19       22       27       33       42       56       76      108      159      236      321      351      298      217     154
        1690    1160      805      582      439      345      281      235      201      177      158      143      132      124      117      112      109      106      105      104      104      104      105      106      108      109      111      112      112      112      111      110      107      104      101       97       93       89       85       82       78       75       73       71       69       67       67       66       66       67       68       70       73       77       81       87       94      104      116      132      152      179      216      268      343      455      630      911     1358     1968     2431    2272
        3834    2858     2194     1728     1388     1131      932      774      646      542      457      387      330      282      242      209      182      159      140      125      111      100       91       83       76       70       66       62       58       55       53       51       50       48       48       47       47       47       48       49       50       51       53       56       59       63       67       73       79       87       97      108      123      141      163      192      229      278      343      432      556      735     1001     1411     2067     3141     4875     7278     9275     9124     7247    5279
       32432   10537     4998     2842     1802     1230      887      666      518      414      339      283      241      209      183      163      147      134      123      115      108      103       99       95       93       92       91       91       92       94       97      101      105      112      119      128      140      154      172      194      222      258      304      365      447      559      715      942     1278     1793     2602     3872     5740     7946     9417     9226     7926     6519     5431     4696     4246     4025     4006     4197     4654     5520     7132    10402    18496    50204   706244  427947
      262131   65378    29184    16410    10487     7278     5355     4118     3277     2684     2250     1925     1677     1484     1332     1211     1114     1036      974      925      886      856      835      820      813      811      816      826      843      865      894      930      973     1024     1082     1150     1226     1312     1407     1511     1623     1741     1865     1991     2117     2239     2356     2465     2566     2659     2748     2834     2924     3021     3134     3269     3436     3646     3915     4264     4722     5336     6177     7365     9110    11820    16360    24878    44028   104770   642535 5788280
      424164   69599    26898    14031     8542     5721     4093     3073     2396     1925     1587     1336     1145      999      883      792      718      659      611      572      541      516      496      481      470      462      458      458      460      466      475      487      503      522      546      573      605      642      684      732      787      847      914      988     1068     1154     1246     1342     1441     1544     1648     1755     1865     1980     2101     2234     2384     2557     2765     3021     3344     3762     4320     5089     6189     7847    10518    15256    24984    50689   168884 1409000
      854974   43750    12470     5747     3262     2086     1444     1057      809      640      521      434      370      320      282      252      228      210      194      182      173      166      160      157      154      153      154      156      159      164      171      180      190      204      220      240      265      295      332      377      434      503      589      694      822      972     1142     1322     1495     1640     1737     1778     1768     1723     1660     1596     1541     1503     1486     1494     1532     1607     1730     1918     2201     2635     3327     4511     6780    12049    29998  249713
       44650   17217     8695     5115     3312     2291     1663     1253      974      775      630      522      440      375      325      285      252      225      204      186      171      158      148      140      132      127      122      118      115      113      112      112      112      113      114      117      120      124      129      135      142      151      161      173      187      203      222      245      272      303      340      384      437      500      576      667      778      914     1081     1290     1556     1901     2362     2999     3923     5353     7765    12373    23043    56926   183323  159547
       41142   20034     8917     4500     2556     1587     1053      736      536      404      313      248      202      167      140      120      104       91       81       72       66       60       56       52       49       47       45       43       42       41       41       41       41       42       43       44       45       48       50       53       57       62       68       75       84       94      107      124      145      171      206      251      311      391      501      653      866     1162     1570     2114     2796     3573     4360     5083     5742     6438     7362     8825    11423    16504    27172   44122
       12045   13752    13729    11086     7494     4702     2954     1918     1295      909      661      495      381      300      241      198      165      140      120      104       92       82       74       67       62       57       54       51       48       46       45       44       43       42       42       43       43       44       46       47       49       52       56       60       65       71       78       87       98      111      128      150      177      213      259      320      402      515      670      886     1190     1612     2183     2916     3776     4674     5507     6235     6918     7692     8725   10174
        4542    6887    11084    14908    11781     6320     3297     1878     1167      778      548      403      307      241      194      160      134      114       99       87       77       70       63       58       54       51       48       46       45       43       43       42       42       42       43       44       45       47       50       53       56       61       66       73       81       91      104      119      139      164      197      239      295      368      466      593      757      957     1182     1403     1583     1693     1735     1731     1711     1703     1726     1798     1940     2186     2598    3297
        5924    4660     3692     2966     2418     1994     1660     1390     1169      986      834      707      601      512      439      377      326      284      248      218      194      173      155      141      128      118      109      101       95       90       85       81       79       76       74       73       72       72       72       73       74       76       79       82       85       90       96      103      111      121      133      148      166      188      215      250      294      350      424      522      656      840     1101     1480     2042     2884     4129     5831     7700     8883     8665    7405
        4074    4152     4163     4046     3757     3311     2777     2244     1772     1387     1087      858      684      553      454      377      317      271      234      204      181      161      146      133      122      113      106      100       96       92       89       87       85       84       84       85       86       88       91       94       98      104      110      118      128      140      154      172      194      220      253      295      347      413      499      610      754      941     1182     1487     1858     2284     2728     3138     3460     3669     3776     3817     3834     3857     3904    3981
         879    1164     1618     2320     3214     3725     3222     2238     1457      969      674      490      372      291      236      195      165      143      126      112      102       94       87       82       78       75       74       72       72       72       73       75       78       82       86       92      100      109      121      135      153      176      204      240      284      339      405      480      557      625      670      681      660      617      563      509      459      418      385      359      340      327      321      320      325      337      356      385      427      486      571     694
        1080    1377     1728     2033     2115     1898     1517     1147      857      649      503      400      325      271      230      199      175      157      142      131      122      115      110      106      103      102      101      102      103      106      110      115      122      130      140      153      168      187      209      237      269      307      349      395      442      484      515      532      531      516      490      458      425      394      366      343      324      309      299      293      291      293      299      311      328      353      387      432      494      579      695     857
        1585    1787     1790     1573     1255      957      723      553      432      345      282      236      201      174      153      137      125      115      107      101       96       93       91       89       89       90       91       94       98      103      109      118      129      142      159      181      209      245      293      356      440      551      695      870     1057     1210     1271     1220     1091      936      791      671      576      504      449      408      378      357      344      338      338      344      357      378      409      451      510      590      700      851     1052    1308
         176     243      354      527      736      815      663      451      297      203      146      110       86       70       58       50       43       39       35       32       30       29       28       27       27       27       28       29       30       32       35       39       43       50       58       71       88      114      155      224      352      614     1169     1885     1643      913      502      307      207      150      115       92       77       66       58       52       48       45       43       42       42       42       43       45       47       51       56       63       73       86      105     133
         115     138      169      209      259      317      371      402      395      353      297      242      196      161      134      113       98       86       77       70       65       62       59       57       56       56       57       59       62       65       71       78       88      101      119      144      181      238      327      478      741     1168     1599     1534     1064      668      432      297      217      166      132      108       92       79       70       64       58       55       52       50       49       48       49       50       51       54       57       62       67       75       85      98
         191     209      225      236      239      235      223      205      185      166      147      131      117      105       95       87       80       75       71       68       66       64       64       64       65       66       69       72       77       83       92      102      116      135      161      196      247      322      437      618      898     1280     1602     1569     1224      862      605      439      332      260      212      177      153      134      121      111      103       98       94       91       90       91       92       94       98      104      110      119      129      142      157     173
         261     269      262      240      211      180      151      127      107       91       79       69       61       55       50       46       43       41       39       38       37       37       37       38       39       40       42       45       49       53       60       68       79       93      114      143      187      254      367      565      930     1535     2043     1766     1141      710      469      331      249      196      161      136      119      106       97       91       86       83       82       82       83       86       90       96      104      115      128      144      165      189      215     241
         216     276      328      342      306      244      185      139      107       84       68       56       47       41       36       32       29       27       26       24       24       23       23       23       24       24       26       27       30       33       36       42       49       58       72       92      124      176      268      447      801     1297     1304      817      465      285      191      138      105       84       70       59       52       47       43       40       38       37       37       37       37       39       41       44       48       53       60       70       84      102      129     166
         168     191      212      224      224      212      192      168      145      124      107       93       82       73       66       60       56       52       50       48       47       46       46       47       48       50       53       57       62       69       78       90      106      128      158      202      263      350      463      578      636      593      484      369      278      213      167      135      112       95       83       73       66       61       57       54       52       51       50       50       51       53       55       58       62       68       75       83       94      108      125     145
         156     178      195      199      190      169      145      121      101       84       71       61       53       47       42       38       35       33       31       30       29       29       28       29       29       31       32       34       37       41       46       53       61       73       90      115      151      208      298      437      616      736      674      502      349      245      179      137      108       89       75       65       58       52       48       45       43       42       41       41       42       43       45       48       52       57       63       71       82       95      112     133
         145     182      226      268      288      274      233      185      144      112       88       71       59       50       43       37       33       30       28       26       25       24       23       23       23       23       23       24       25       27       29       32       36       41       48       58       71       90      119      164      239      367      572      796      816      610      402      267      188      139      108       87       73       63       55       50       46       43       41       40       40       40       41       43       45       49       53       60       68       80       95     116
         134     141      148      153      156      157      154      148      140      131      120      110      101       92       85       78       72       67       63       60       58       56       54       53       53       53       54       55       57       59       63       67       73       80       88       99      114      132      155      185      224      273      332      396      453      486      483      446      391      333      281      238      203      176      155      138      126      116      108      103       98       96       94       94       94       96       99      102      107      112      119     126
          85      88       90       90       89       87       83       79       75       70       65       61       57       54       50       48       46       44       43       42       41       41       41       41       42       43       45       47       50       53       58       63       69       76       85       95      107      119      132      143      152      157      157      152      143      132      120      109       99       90       82       75       70       65       61       59       56       55       54       53       53       54       55       56       58       60       63       66       70       74       78      82
          51      50       49       48       47       46       45       44       44       43       43       43       42       42       42       42       43       43       44       44       45       47       48       50       51       54       56       59       63       66       71       76       82       88       96      104      113      123      133      143      154      163      172      178      181      182      180      175      168      160      151      142      133      124      116      108      101       95       89       84       80       76       72       69       66       64       61       59       57       55       54      52
          47      49       51       54       56       59       61       64       66       67       68       68       68       66       65       63       61       58       56       54       52       50       49       48       47       46       46       47       47       48       50       52       54       57       61       66       72       79       87       96      107      118      130      141      150      154      154      150      141      130      118      106       95       85       76       69       63       58       54       51       48       46       44       43       42       42       41       42       42       43       44      45
          64      71       78       85       92       98      103      104      103      100       95       88       81       74       68       63       58       54       50       48       46       44       43       42       42       43       43       45       47       49       53       57       62       68       76       85       97      109      123      137      148      155      156      150      139      125      111       97       85       75       66       59       53       49       45       42       40       38       37       36       35       35       35       36       37       38       40       43       46       49       53      58
          46      50       54       59       63       66       68       69       69       67       64       61       57       53       50       47       44       42       40       38       37       37       37       37       37       38       40       42       44       48       52       58       65       74       85       99      115      133      150      163      168      163      150      132      113       96       81       69       59       52       46       41       37       34       31       29       28       27       26       26       25       25       26       26       27       28       29       31       33       36       39      42
          24      26       28       32       36       41       48       55       64       73       82       89       92       91       86       79       71       63       55       49       44       40       36       34       32       30       29       29       28       29       29       30       32       34       38       42       47       55       66       81      102      133      178      239      308      351      330      264      195      142      105       80       63       51       42       36       31       28       25       23       21       20       19       18       18       18       18       18       19       19       21      22
          43      44       45       46       48       49       51       52       53       54       54       55       54       53       52       51       49       47       45       43       41       40       39       37       37       36       35       35       35       36       36       37       39       41       43       46       50       54       60       67       76       86      100      116      135      156      178      196      208      209      200      183      162      141      122      106       93       82       73       66       60       55       51       48       46       44       43       42       42       42       42      42
          45      49       53       57       59       60       59       56       52       48       44       39       36       32       30       27       25       24       23       22       21       21       21       21       21       22       22       24       25       27       30       34       38       44       52       62       76       93      114      138      160      171      167      149      125      102       83       68       57       48       41       36       32       29       27       25       24       23       22       22       22       22       22       23       24       25       27       29       31       34       37      41
          12      13       14       15       16       17       19       21       23       26       29       32       35       38       41       43       45       45       45       44       42       40       38       36       35       33       32       31       31       31       31       31       32       33       35       37       40       44       48       53       59       64       70       74       76       75       71       65       58       50       43       37       32       28       24       22       19       17       16       15       14       13       12       12       11       11       11       11       11       11       11      12
          22      24       26       29       31       34       36       38       39       38       37       35       32       30       27       25       22       20       19       17       16       15       15       14       14       14       14       14       14       14       15       16       17       19       21       23       26       30       36       43       51       62       75       88       99      103       99       88       75       62       52       43       36       31       27       24       22       20       18       17       16       16       15       15       15       15       16       16       17       18       19      20
          15      17       19       22       25       29       34       40       46       54       61       66       69       68       64       58       52       46       41       36       32       30       27       25       24       23       23       22       22       23       23       25       26       28       30       34       38       43       48       55       62       68       71       72       68       62       54       46       39       33       28       24       21       19       17       15       14       13       12       11       11       10       10       10       10       10       11       11       11       12       13      14
          22      26       30       36       43       52       60       68       73       73       68       61       53       45       38       33       29       25       23       21       19       18       17       17       16       16       16       17       17       18       20       21       24       27       31       36       43       52       63       76       90       99      101       93       80       66       53       43       35       29       24       21       18       16       15       13       12       12       11       11       11       11       11       11       11       11       12       13       14       15       17      19
           9      10       10       11       12       13       14       16       18       20       23       26       30       34       39       44       48       52       54       55       55       53       50       47       44       41       39       37       35       34       33       33       33       33       34       35       36       37       39       41       42       44       44       44       44       42       39       36       33       30       26       23       21       19       17       15       14       13       12       11       10       10        9        9        9        8        8        8        8        8        9       9
          12      13       14       15       16       17       18       19       19       20       19       19       18       17       15       14       13       12       11       10        9        9        8        8        8        8        7        7        7        8        8        8        9        9       10       11       13       15       17       20       25       32       42       56       78      108      142      159      145      112       82       60       45       34       28       23       19       17       15       13       12       11       11       10       10       10       10       10       10       10       11      11
          15      17       19       22       26       30       36       43       50       57       61       61       56       49       42       35       29       24       21       18       16       14       13       12       11       10       10       10        9        9       10       10       10       11       11       12       14       15       18       20       24       30       37       46       58       73       87       95       92       81       66       53       42       34       28       23       20       17       15       14       13       12       11       11       11       11       11       11       11       12       13      14
           9      10       11       12       13       15       17       20       23       27       31       34       37       38       37       34       31       27       24       21       18       16       15       13       12       11       11       10       10       10       10       10       10       11       11       12       13       14       16       18       21       24       29       34       41       47       52       54       53       47       41       34       28       23       20       17       14       13       11       10        9        9        8        8        8        7        7        7        7        8        8       8
          11      11       12       12       12       13       14       15       16       17       18       19       21       22       22       23       22       21       20       19       17       16       14       13       12       11       10        9        9        8        8        8        7        7        7        7        7        7        8        8        8        9        9       10       11       12       14       15       17       20       22       25       27       29       30       31       30       28       26       24       22       20       18       16       15       14       13       13       12       12       11      11
           8       9        9        9        9        9        9        9        9        9        9        9        9        8        8        8        8        8        8        7        7        7        7        7        7        7        7        7        8        8        8        8        9        9       10       11       12       13       14       16       17       19       21       23       25       26       27       27       26       25       24       22       20       18       17       15       14       13       12       11       11       10       10        9        9        9        9        8        8        8        8       8
          13      15       16       17       18       18       18       18       17       16       15       14       13       11       10       10        9        8        8        7        7        7        6        6        6        6        6        6        6        7        7        7        8        8        9       10       11       11       12       14       14       15       16       16       16       16       15       15       14       13       12       11       10        9        9        8        8        8        8        7        7        7        7        8        8        8        9        9       10       10       11      12
          10      12       13       15       17       20       23       27       30       32       34       33       31       28       24       21       18       15       13       12       10        9        9        8        7        7        7        6        6        6        6        6        6        7        7        7        8        8        9       10       11       12       13       14       15       16       17       17       17       16       15       14       13       12       11       10       10        9        8        8        8        7        7        7        7        7        7        7        8        8        9      10
           5       5        6        6        7        8        9       11       13       14       16       18       18       18       17       16       14       12       11        9        8        7        7        6        5        5        5        5        4        4        4        4        4        4        5        5        5        5        6        6        7        8        8        9       10       10       11       11       10       10        9        9        8        7        6        6        5        5        5        4        4        4        4        4        4        3        4        4        4        4        4       4
           4       4        4        4        5        5        6        7        8        9       10       11       13       14       16       17       17       16       16       14       13       12       10        9        8        8        7        7        6        6        6        6        6        6        6        6        6        7        7        7        8        9       10       11       12       13       14       14       14       14       13       12       11       10        9        8        7        6        5        5        5        4        4        4        3        3        3        3        3        3        3       3
           3       4        4        4        5        6        7        8        9       11       13       17       21       26       32       38       42       42       39       34       28       23       20       17       14       13       11       10       10        9        9        8        8        8        8        9        9       10       10       11       12       13       14       15       16       16       16       16       15       13       12       11        9        8        7        6        6        5        4        4        4        4        3        3        3        3        3        3        3        3        3       3
           2       3        3        3        3        4        4        5        6        7        9       11       14       17       20       23       23       21       18       15       12       10        8        7        6        5        4        4        4        3        3        3        3        3        3        3        3        4        4        4        5        5        6        7        9       11       13       16       19       22       22       21       18       15       12       10        8        6        5        5        4        4        3        3        3        2        2        2        2        2        2       2
           2       2        2        2        2        2        2        3        3        4        4        5        6        7        8       10       12       13       14       15       14       13       11       10        8        7        6        6        5        5        4        4        4        4        4        4        4        4        4        4        5        5        6        6        7        8        9        9       10       10       10        9        9        8        7        6        5        4        4        3        3        3        2        2        2        2        2        2        2        2        2       2
           2       2        2        2        2        2        3        3        3        3        3        4        4        4        5        5        6        6        7        7        7        8        8        8        8        7        7        7        6        6        5        5        5        4        4        4        4        4        3        3        3        3        3        3        3        3        3        3        3        3        4        4        4        4        4        4        4        3        3        3        3        3        3        3        3        3        3        2        2        2        2       2
           3       3        3        3        4        4        4        5        5        6        6        7        8        9       10       10       11       11       11       11       10        9        8        8        7        6        6        5        5        4        4        4        3        3        3        3        3        3        3        3        3        3        3        3        3        3        3        3        3        3        3        3        3        3        3        3        3        3        3        3        2        2        2        2        2        2        2        2        3        3        3       3
           3       3        3        3        3        3        4        4        4        4        4        4        4        4        4        5        5        5        5        5        5        5        5        5        5        6        6        6        6        6        6        6        6        6        5        5        5        5        5        5        5        4        4        4        4        4        4        3        3        3        3        3        3        3        3        3        3        3        3        3        3        3        3        3        3        3        3        3        3        3        3       3
           6       7        9       11       12       13       12       11       10        8        7        6        5        4        4        3        3        3        2        2        2        2        2        2        2        2        2        2        2        2        2        2        2        3        3        3        3        2        2        2        2        2        2        2        1        1        1        1        1        1        1        1        1        1        1        1        1        1        1        1        1        1        1        1        1        2        2        2        3        3        4       5
           3       3        3        3        4        4        4        5        5        5        6        6        6        7        7        7        7        8        8        8        9        9       10       10       10       10       10       10        9        9        8        7        6        5        5        4        4        3        3        2        2        2        2        1        1        1        1        1        1        1        1        1        1        1        1        1        1        1        1        1        1        1        1        1        1        1        1        2        2        2        2       2
           2       3        3        3        4        5        5        6        7        8        9       10       10       10       10       10        9        8        7        7        6        6        5        5        5        4        4        4        4        4        4        4        4        4        4        4        4        4        4        5        4        4        4        4        4        4        3        3        3        3        2        2        2        2        2        2        2        2        1        1        1        1        1        1        1        1        2        2        2        2        2       2
