SWAN 1
LOCATIONS
     1
     681726.07 2033118.57
AFREQ
     56
     0.0300
     0.0400
     0.0500
     0.0600
     0.0700
     0.0800
     0.0900
     0.1000
     0.1100
     0.1200
     0.1300
     0.1400
     0.1500
     0.1600
     0.1700
     0.1800
     0.1900
     0.2000
     0.2100
     0.2200
     0.2300
     0.2400
     0.2500
     0.2600
     0.2700
     0.2800
     0.2900
     0.3000
     0.3100
     0.3200
     0.3300
     0.3400
     0.3500
     0.3600
     0.3700
     0.3800
     0.3900
     0.4000
     0.4100
     0.4200
     0.4300
     0.4400
     0.4500
     0.4600
     0.4700
     0.4800
     0.4900
     0.5000
     0.5100
     0.5200
     0.5300
     0.5400
     0.5500
     0.5600
     0.5700
     0.5800
NDIR
     72
     5.0000
     10.0000
     15.0000
     20.0000
     25.0000
     30.0000
     35.0000
     40.0000
     45.0000
     50.0000
     55.0000
     60.0000
     65.0000
     70.0000
     75.0000
     80.0000
     85.0000
     90.0000
     95.0000
     100.0000
     105.0000
     110.0000
     115.0000
     120.0000
     125.0000
     130.0000
     135.0000
     140.0000
     145.0000
     150.0000
     155.0000
     160.0000
     165.0000
     170.0000
     175.0000
     180.0000
     185.0000
     190.0000
     195.0000
     200.0000
     205.0000
     210.0000
     215.0000
     220.0000
     225.0000
     230.0000
     235.0000
     240.0000
     245.0000
     250.0000
     255.0000
     260.0000
     265.0000
     270.0000
     275.0000
     280.0000
     285.0000
     290.0000
     295.0000
     300.0000
     305.0000
     310.0000
     315.0000
     320.0000
     325.0000
     330.0000
     335.0000
     340.0000
     345.0000
     350.0000
     355.0000
     360.0000
QUANT
     1
VaDens
m2/Hz/degr
     -999.000000
FACTOR
     1.00000E-06
         147      97       64       45       33       26       21       18       15       14       12       12       11       11       10       10       11       11       12       12       14       15       17       19       22       24       27       29       30       29       27       24       20       17       14       12       10        9        8        7        6        5        5        4        4        4        4        4        4        4        4        4        4        4        4        4        5        5        6        7        8        9       11       14       18       24       34       50       78      126      181     193
         305     265      232      206      186      170      158      149      142      137      133      131      129      128      128      127      127      125      123      120      115      110      103       96       89       82       75       68       62       57       52       48       44       41       39       36       35       33       32       31       30       30       29       30       30       30       31       32       34       35       38       41       44       48       54       60       69       79       93      110      133      162      200      248      307      372      432      471      477      450      404     353
       27534   18656     7861     3815     2183     1400      972      715      550      438      358      301      257      224      199      178      162      150      139      131      124      119      115      112      110      109      108      109      110      111      114      117      121      125      130      136      143      150      158      166      174      183      192      201      210      219      227      235      242      250      257      264      273      282      292      304      320      338      362      391      428      477      541      627      746      917     1173     1583     2293     3678     6843   15197
       45601   10434     4453     2425     1509     1024      739      558      437      353      292      247      212      186      165      149      136      126      118      111      106      103      100       98       98       98       99      101      105      109      114      122      131      142      156      173      195      223      258      304      364      444      552      700      904     1183     1556     2013     2483     2821     2898     2720     2413     2093     1819     1607     1451     1345     1280     1253     1263     1313     1410     1572     1829     2243     2946     4255     7130    15778    76873  531260
     3020290  283510    43207    16802     8782     5347     3581     2561     1923     1501     1208      998      843      726      636      566      510      467      432      404      383      366      354      345      340      338      340      344      352      364      380      400      426      458      499      548      611      688      786      911     1070     1276     1545     1898     2358     2953     3690     4539     5387     6046     6336     6217     5805     5271     4742     4285     3923     3656     3478     3384     3373     3448     3622     3922     4393     5122     6269     8170    11608    18816    38595  143336
      445044   88078    34910    18221    11010     7295     5152     3816     2932     2322     1885     1563     1321     1134      988      873      780      705      644      594      553      520      492      470      453      439      429      423      419      419      421      426      435      446      461      479      501      528      560      597      641      692      751      820      900      993     1099     1222     1362     1522     1702     1905     2131     2382     2659     2965     3304     3682     4111     4609     5203     5936     6876     8133     9896    12517    16708    24117    39350    79918   268072 1497920
      139231   39521    18399    10609     6897     4843     3589     2769     2202     1796     1495     1265     1087      946      832      740      664      601      548      503      465      433      405      382      361      344      330      317      307      298      291      286      282      279      278      278      280      282      286      292      298      307      317      329      344      361      380      403      430      461      497      539      589      648      719      804      908     1035     1194     1395     1655     2000     2468     3129     4102     5622     8190    13055    24093    58997   307746  966455
      255151   31654     9084     4114     2291     1439      979      705      530      413      331      272      228      195      169      149      133      120      110      102       95       90       86       82       80       78       77       77       78       79       80       83       86       90       96      102      110      120      132      147      165      187      214      249      292      347      416      503      612      744      900     1072     1246     1400     1515     1580     1601     1593     1574     1560     1563     1593     1663     1786     1987     2306     2823     3712     5402     9242    21584  116585
      108810  120424    54080    21339     9977     5372     3196     2044     1382      977      715      540      418      331      268      220      184      156      135      117      103       92       83       75       69       64       60       57       54       51       50       48       47       47       47       47       47       48       49       51       53       56       59       63       68       73       80       89       99      112      127      147      171      202      241      292      359      449      569      735      964     1286     1742     2390     3312     4614     6447     9043    12864    18990    30317   55316
       33149   41555    23773    10606     5286     2991     1859     1239      870      637      482      376      299      244      202      170      146      126      111       98       88       80       73       68       63       59       56       54       52       50       49       48       48       48       48       49       50       51       53       55       58       62       66       71       77       84       93      103      115      130      148      170      198      231      272      323      386      464      560      678      823      998     1210     1469     1788     2191     2725     3475     4611     6507    10065   17643
        4992    8175    12480    12201     7243     3795     2133     1313      871      612      451      344      271      220      182      153      131      115      101       91       82       76       70       66       62       59       57       56       55       54       54       54       55       57       59       61       64       68       73       79       86       95      106      120      136      157      183      217      259      312      380      466      570      692      825      954     1063     1135     1166     1163     1142     1115     1095     1090     1105     1147     1226     1354     1557     1877     2401    3309
        9483    7690     4492     2585     1611     1085      779      587      461      373      310      264      229      203      182      165      152      142      134      127      122      118      116      114      113      112      113      114      116      118      121      124      128      133      137      142      146      151      156      160      164      167      170      172      174      175      176      177      178      180      182      184      188      193      199      207      217      231      247      269      296      332      379      442      528      652      834     1119     1593     2442     4066    6966
        3893    3517     2528     1669     1111      770      557      420      327      262      216      182      156      136      120      108       99       91       85       80       76       73       71       70       69       69       69       70       72       74       77       80       85       90       96      104      113      123      135      148      164      180      198      217      235      252      268      280      290      296      298      299      298      297      296      297      299      304      313      326      344      369      404      451      515      606      736      928     1220     1676     2375    3282
        2461    2347     1957     1499     1111      823      620      477      375      301      247      206      175      150      131      116      103       93       85       78       72       68       64       61       58       56       54       53       52       52       52       52       52       53       54       55       57       59       61       64       67       71       75       80       85       91       98      105      113      123      133      144      156      169      184      200      218      239      263      290      322      361      408      467      542      639      768      941     1174     1484     1865    2248
        2612    2890     2801     2394     1888     1443     1102      854      676      546      451      379      324      282      248      222      200      183      169      157      148      140      133      128      124      121      119      117      116      115      115      116      117      118      120      122      124      127      130      133      136      140      144      147      151      156      160      165      169      175      180      187      194      202      211      221      234      249      266      288      314      346      386      437      501      585      696      845     1048     1324     1693    2149
        1269    1058      846      667      530      426      349      291      248      214      188      168      152      140      130      122      116      112      109      107      106      107      108      111      115      120      127      135      146      158      174      193      216      243      275      312      353      395      436      471      495      503      496      477      449      417      386      356      330      308      291      277      267      260      257      258      262      269      282      299      323      355      397      453      527      625      753      915     1106     1295     1418    1410
         558     743      991     1257     1399     1295     1027      757      552      411      314      248      201      168      143      124      110      100       91       85       80       76       74       73       72       72       73       76       79       83       89       96      106      118      133      153      178      212      254      308      375      450      524      576      588      556      496      426      360      305      260      225      198      177      161      149      140      134      129      127      127      129      133      140      149      162      180      203      235      279      341     430
         243     294      364      461      592      756      922     1018      981      834      658      506      391      308      248      205      173      149      131      118      107       99       93       89       86       84       84       84       86       89       93       99      107      117      131      148      172      203      246      305      388      505      661      850     1016     1072      978      801      623      482      378      303      249      210      182      160      144      132      123      117      112      110      109      109      112      116      122      131      142      158      178     206
         717     926     1117     1179     1059      843      635      476      362      283      228      188      159      137      120      108       98       91       86       82       79       77       76       77       78       80       84       89       95      104      116      131      150      177      213      263      335      438      589      801     1057     1266     1284     1101      852      640      486      378      303      250      212      184      164      149      137      129      124      120      119      120      122      126      133      143      156      174      198      230      274      336      423     547
         238     333      481      680      832      782      583      397      272      193      143      111       88       73       62       53       47       42       39       36       34       33       32       31       31       31       32       33       35       38       41       45       50       58       67       81       99      126      164      223      311      437      578      652      593      459      334      244      184      143      116       96       82       72       65       59       55       52       51       50       50       50       52       54       58       63       70       80       93      112      138     178
         274     364      478      587      625      559      440      327      243      184      143      115       94       79       69       60       54       49       46       43       41       39       38       38       38       39       40       42       44       47       52       57       64       73       85      100      120      147      181      222      268      307      327      317      284      241      200      165      137      116      100       87       78       71       65       61       58       56       55       55       56       57       59       63       68       75       83       95      112      134      165     210
         149     191      241      288      312      302      264      218      177      144      119      100       86       76       68       63       59       56       54       53       53       54       56       59       63       68       76       86       99      117      140      170      204      239      264      266      243      206      166      132      105       85       69       58       49       43       37       34       30       28       26       25       23       23       22       22       22       22       23       24       25       27       29       31       35       39       45       52       62       75       92     116
         129     148      157      152      135      114       94       77       64       54       46       40       36       32       30       28       26       25       25       24       24       25       26       27       28       31       33       37       41       47       54       63       73       83       93      100      102       98       89       78       67       57       48       41       36       31       28       25       23       21       20       19       18       18       17       17       17       18       18       19       20       22       24       27       30       34       40       47       57       70       86     107
         102     133      176      229      278      297      272      223      172      132      103       82       67       56       49       43       38       35       32       31       29       28       28       28       29       29       31       32       35       38       42       47       53       61       71       82       94      106      115      118      114      105       93       80       68       58       49       43       38       33       30       27       25       24       23       22       21       21       21       21       22       22       24       25       27       30       34       38       44       53       64      80
         137     155      171      181      183      178      166      151      135      120      107       96       86       79       72       67       63       60       58       56       55       55       55       55       56       57       59       61       63       65       67       69       70       70       70       69       67       64       61       58       54       51       47       44       41       39       36       34       33       32       31       30       29       29       29       29       30       30       31       33       35       37       40       43       47       53       59       67       77       89      103     119
         103     119      135      150      160      164      160      150      136      121      106       93       82       73       66       60       55       51       48       46       44       43       42       42       42       43       44       46       48       50       53       57       61       66       70       75       79       83       85       85       84       81       77       71       66       61       56       51       47       44       41       39       37       35       34       33       32       32       32       33       34       35       36       38       41       45       49       54       60       68       78      90
          26      30       36       43       52       61       71       80       85       86       84       78       71       64       58       53       48       45       43       41       40       40       40       42       44       47       51       57       66       77       92      112      137      163      182      184      165      134      104       79       61       47       38       31       26       22       19       16       14       13       12       11       10       10        9        9        9        9        9        9        9        9        9       10       10       11       12       13       15       17       19      22
          38      40       42       44       46       48       51       53       55       58       60       62       63       64       65       65       65       64       63       62       60       59       57       56       55       54       53       52       51       50       50       50       50       50       50       50       50       50       50       51       51       50       50       50       49       48       47       46       45       44       43       41       40       39       37       36       35       34       34       33       33       32       32       32       32       32       33       33       34       35       36      37
          37      40       43       47       51       55       61       66       73       80       87       95      102      108      113      117      118      118      116      113      109      104      100       95       91       87       83       80       77       75       72       70       68       67       65       64       62       60       59       57       55       53       51       49       47       45       43       41       39       37       36       34       33       31       30       29       28       28       27       27       27       27       27       27       27       28       28       29       30       32       33      35
          64      69       73       76       78       79       78       77       74       71       67       63       59       55       51       48       45       42       40       38       36       34       33       31       30       29       28       27       26       26       25       24       24       23       22       22       21       21       21       20       20       19       19       19       19       19       18       18       18       18       19       19       19       19       20       20       21       22       23       24       25       27       29       31       33       36       39       42       46       50       54      59
          35      35       35       35       35       36       37       38       40       42       45       48       51       55       59       63       67       69       71       71       69       66       62       57       51       46       42       37       34       31       28       26       24       22       21       20       19       18       18       17       17       17       17       17       17       18       18       19       20       21       22       23       25       27       28       30       32       34       36       38       39       40       41       41       41       40       40       39       38       37       36      36
          59      53       48       43       39       36       34       32       31       30       29       29       30       31       32       34       37       40       44       50       57       65       74       84       93       98       98       92       82       71       60       50       42       35       30       26       23       20       18       16       15       14       13       13       12       12       12       12       12       12       12       13       14       14       15       17       18       20       23       26       30       35       40       47       55       63       70       75       77       76       71      66
          21      20       19       18       17       17       17       17       17       17       17       18       19       20       21       23       24       26       28       30       31       32       33       32       31       28       26       23       21       19       17       15       13       12       11       10        9        9        8        8        8        8        7        7        7        7        7        8        8        8        9        9       10       11       12       13       14       16       18       20       22       24       26       27       28       29       28       28       27       25       24      22
          16      18       19       22       25       28       33       40       47       58       71       86      103      118      128      129      122      109       94       81       69       60       53       47       43       39       37       35       33       33       32       32       33       33       34       36       37       39       42       44       46       47       48       48       47       45       42       39       35       32       28       25       23       21       19       17       16       15       14       13       13       12       12       12       12       12       12       12       13       13       14      15
          12      14       15       17       20       23       27       31       36       42       47       52       54       53       50       46       41       36       31       28       25       22       20       19       17       17       16       15       15       15       15       15       16       16       17       18       20       21       23       25       27       29       30       31       31       31       29       28       25       23       21       18       17       15       14       12       11       11       10       10        9        9        9        9        9        9        9        9        9       10       11      11
          22      27       34       44       55       69       80       85       80       69       56       45       36       29       24       21       18       16       14       13       12       11       10       10       10       10       10       10       10       10       11       11       12       12       13       13       14       15       15       15       16       15       15       14       14       13       12       11       10        9        9        8        8        7        7        7        7        7        7        7        7        7        7        8        8        9        9       10       12       13       16      18
           6       7        9       12       17       24       39       64      100      113       85       53       33       22       16       12       10        8        7        6        5        5        4        4        4        4        4        4        4        5        5        6        6        7        9       11       13       17       23       31       39       44       41       33       25       18       13       10        8        6        5        4        4        3        3        3        2        2        2        2        2        2        2        2        2        2        2        3        3        3        4       5
          10      10       11       12       14       16       18       21       25       29       35       41       47       52       55       55       52       47       42       37       32       28       25       22       20       19       17       16       16       15       15       15       15       15       15       16       17       17       19       20       21       23       24       25       26       27       26       26       24       23       21       19       17       15       14       13       12       11       10        9        9        8        8        8        8        8        8        8        8        8        8       9
          11      12       14       17       20       24       30       36       45       56       69       82       93       99       99       94       86       78       70       63       57       53       50       47       46       45       44       44       44       44       45       44       44       42       40       37       34       31       27       24       21       18       16       14       12       11       10        9        8        7        7        6        6        5        5        5        5        5        5        5        5        5        5        5        5        6        6        6        7        8        8       9
           7       9       10       12       14       17       21       25       30       34       37       38       37       34       31       27       24       22       19       18       17       16       15       15       14       14       15       15       16       17       18       20       21       23       25       26       27       27       25       23       21       18       15       13       11       10        8        7        6        6        5        5        4        4        4        4        3        3        3        3        3        3        3        3        4        4        4        4        5        5        6       7
           8       9       10       12       14       16       20       24       28       33       37       40       40       38       35       31       27       24       21       19       17       15       14       13       12       12       11       11       11       11       11       11       11       12       12       12       12       13       13       13       12       12       11       11       10        9        8        8        7        7        6        6        5        5        5        4        4        4        4        4        4        4        4        4        4        4        4        5        5        6        6       7
          12      12       12       13       13       14       14       15       16       18       19       21       23       26       29       32       36       39       42       44       45       44       42       38       35       31       27       24       21       19       17       15       14       13       12       11       10       10        9        9        9        8        8        8        8        8        8        8        8        9        9        9        9        9        9       10       10       10       10       10       11       11       11       11       11       11       11       11       11       11       11      11
           6       7        8        9       10       11       13       16       19       22       26       29       31       31       30       28       25       22       19       17       15       13       12       11       10        9        9        8        8        8        8        8        8        8        8        8        8        9        9        9        9        9        9        9        9        9        8        8        7        7        6        6        6        5        5        5        4        4        4        4        4        4        4        4        4        4        4        4        4        5        5       6
           4       5        6        7        8        9       11       14       18       23       29       38       46       53       53       48       40       33       26       21       18       15       13       11       10        9        9        8        8        8        7        7        7        7        7        8        8        8        8        8        9        9        9        8        8        8        7        7        6        6        5        5        5        4        4        4        3        3        3        3        3        3        3        3        3        3        3        3        3        3        4       4
           5       6        6        7        7        8       10       11       13       15       17       19       21       23       24       24       24       22       20       18       16       15       13       12       11       10        9        9        8        8        8        8        8        8        8        8        8        8        8        8        8        8        9        9        9        8        8        8        8        7        7        6        6        6        5        5        5        5        4        4        4        4        4        4        4        4        4        4        4        4        4       5
          11      12       13       14       14       14       14       14       13       13       12       11       11       10       10        9        9        9        8        8        8        9        9        9        9       10       10       11       12       13       14       14       15       16       16       16       15       14       13       12       11       10        9        8        7        7        6        5        5        5        4        4        4        4        4        4        4        4        4        4        4        4        5        5        5        6        6        7        7        8        9      10
           6       6        7        7        7        8        8        8        8        8        8        8        8        8        8        8        8        8        8        8        8        8        8        9        9       10       10       11       12       13       14       15       16       17       17       17       17       16       15       13       12       11       10        8        8        7        6        6        5        5        4        4        4        4        4        3        3        3        3        3        3        3        3        4        4        4        4        4        5        5        5       6
           6       6        7        7        8        8        9       10       10       11       12       13       13       14       14       15       15       14       14       14       13       13       12       11       11       10       10        9        9        8        8        8        7        7        7        7        6        6        6        6        6        6        6        6        5        5        5        5        5        5        5        5        5        4        4        4        4        4        4        4        4        4        4        4        4        4        4        5        5        5        5       5
           1       1        1        2        2        3        4        5        6        8       10       11       11       10        8        7        5        4        3        3        2        2        2        2        2        1        1        1        1        1        1        2        2        2        2        2        3        3        4        5        7        9       11       12       12       11        8        6        5        4        3        2        2        1        1        1        1        1        1        1        1        1        1        0        0        0        1        1        1        1        1       1
           2       2        2        2        3        3        4        4        5        6        7        8        9       10       10       10       10        9        8        7        6        5        5        4        4        4        3        3        3        3        3        3        3        3        3        3        3        4        4        5        5        6        7        7        8        9        9       10        9        9        8        7        6        5        4        4        3        3        2        2        2        2        2        2        2        2        2        2        2        2        2       2
           1       1        1        1        1        2        2        2        3        3        4        6        8       11       15       20       26       28       25       21       16       12        9        7        6        5        5        4        4        3        3        3        3        3        3        3        3        3        4        4        4        4        4        5        5        5        4        4        4        3        3        3        2        2        2        1        1        1        1        1        1        1        1        1        1        1        1        1        1        1        1       1
           1       2        2        2        3        4        5        6        7       10       12       14       15       14       12       10        9        7        6        5        4        4        4        3        3        3        3        3        3        3        3        3        4        4        5        5        6        7        9       10       11       11       10        9        7        6        5        4        3        3        2        2        2        1        1        1        1        1        1        1        1        1        1        1        1        1        1        1        1        1        1       1
           3       3        3        4        4        5        6        7        8        9       10       11       11       12       12       12       12       11       11       10       10        9        9        8        8        8        7        7        7        6        6        6        6        5        5        5        5        4        4        4        3        3        3        3        2        2        2        2        2        2        2        1        1        1        1        1        1        1        1        1        1        1        1        1        1        1        2        2        2        2        2       2
           3       3        3        3        3        3        3        3        3        3        3        3        4        4        5        5        6        7        8        9       11       13       15       17       18       18       17       16       14       12       10        8        7        6        5        5        4        4        4        3        3        3        3        3        3        3        3        3        3        3        3        3        3        3        4        4        4        4        4        4        4        4        4        4        4        4        4        4        3        3        3       3
           1       1        1        1        1        1        2        2        2        2        2        3        3        4        5        6        7        9       10       12       12       12       11        9        8        7        5        5        4        3        3        3        2        2        2        2        2        2        2        2        2        2        2        2        2        2        2        2        2        3        3        3        3        3        3        3        3        3        3        2        2        2        2        2        2        1        1        1        1        1        1       1
           3       3        3        3        4        4        4        5        5        6        6        6        6        7        7        7        6        6        6        6        5        5        5        4        4        4        3        3        3        3        3        2        2        2        2        2        2        2        2        2        2        2        2        2        2        2        1        1        1        1        1        1        1        1        1        1        1        1        1        1        1        2        2        2        2        2        2        2        2        2        2       3
