SWAN 1
LOCATIONS
     1
     681726.07 2033118.57
AFREQ
     56
     0.0300
     0.0400
     0.0500
     0.0600
     0.0700
     0.0800
     0.0900
     0.1000
     0.1100
     0.1200
     0.1300
     0.1400
     0.1500
     0.1600
     0.1700
     0.1800
     0.1900
     0.2000
     0.2100
     0.2200
     0.2300
     0.2400
     0.2500
     0.2600
     0.2700
     0.2800
     0.2900
     0.3000
     0.3100
     0.3200
     0.3300
     0.3400
     0.3500
     0.3600
     0.3700
     0.3800
     0.3900
     0.4000
     0.4100
     0.4200
     0.4300
     0.4400
     0.4500
     0.4600
     0.4700
     0.4800
     0.4900
     0.5000
     0.5100
     0.5200
     0.5300
     0.5400
     0.5500
     0.5600
     0.5700
     0.5800
NDIR
     72
     5.0000
     10.0000
     15.0000
     20.0000
     25.0000
     30.0000
     35.0000
     40.0000
     45.0000
     50.0000
     55.0000
     60.0000
     65.0000
     70.0000
     75.0000
     80.0000
     85.0000
     90.0000
     95.0000
     100.0000
     105.0000
     110.0000
     115.0000
     120.0000
     125.0000
     130.0000
     135.0000
     140.0000
     145.0000
     150.0000
     155.0000
     160.0000
     165.0000
     170.0000
     175.0000
     180.0000
     185.0000
     190.0000
     195.0000
     200.0000
     205.0000
     210.0000
     215.0000
     220.0000
     225.0000
     230.0000
     235.0000
     240.0000
     245.0000
     250.0000
     255.0000
     260.0000
     265.0000
     270.0000
     275.0000
     280.0000
     285.0000
     290.0000
     295.0000
     300.0000
     305.0000
     310.0000
     315.0000
     320.0000
     325.0000
     330.0000
     335.0000
     340.0000
     345.0000
     350.0000
     355.0000
     360.0000
QUANT
     1
VaDens
m2/Hz/degr
     -999.000000
FACTOR
     1.00000E-06
          16      19       23       27       31       34       34       32       28       23       19       15       13       11        9        8        7        6        6        5        5        4        4        4        4        4        4        4        4        5        5        5        6        6        7        8       10       12       14       17       21       25       30       33       34       33       29       25       21       17       15       12       11        9        8        8        7        7        6        6        6        6        6        6        6        7        7        8        9       10       11      13
         154     223      356      649     1313     1931     1273      604      317      190      125       89       67       52       42       35       30       26       24       21       20       18       17       17       16       16       16       16       16       17       18       19       20       22       25       28       32       38       46       57       74       98      136      199      302      453      587      571      430      295      205      149      113       90       74       63       56       50       46       43       42       41       41       42       43       46       50       55       63       74       90     114
        6301    8229     4800     2195     1134      667      433      301      221      169      134      109       91       77       67       59       53       48       44       41       38       36       35       34       33       33       33       33       34       35       36       38       40       43       47       51       57       64       73       85      100      120      147      183      233      302      397      522      674      820      910      905      823      712      606      520      454      405      372      350      338      335      342      359      389      436      510      624      812     1142     1786    3214
        8592    4404     2658     1776     1273      961      754      612      509      433      376      332      298      271      250      233      220      209      201      196      192      190      189      190      193      197      203      211      220      232      245      261      280      301      324      350      378      408      439      470      499      526      549      567      580      589      593      595      594      594      595      598      605      617      635      662      698      747      813      903     1025     1196     1440     1805     2383     3374     5289     9755    24119    85054    83730   22506
       19694   11033     7078     4952     3682     2866     2313     1922     1636     1423     1261     1136     1039      963      904      859      826      802      787      780      780      788      802      824      854      893      940      996     1063     1142     1231     1332     1443     1562     1686     1808     1921     2018     2092     2136     2150     2135     2098     2043     1981     1916     1854     1800     1757     1726     1710     1710     1729     1768     1832     1926     2055     2232     2471     2796     3246     3884     4823     6277     8700    13186    23018    52287   242476  1678230   196974   45089
       87653   43071    25302    16556    11646     8631     6657     5299     4328     3612     3072     2655     2327     2067     1857     1686     1546     1431     1336     1258     1193     1139     1096     1061     1035     1015     1001      993      991      994     1002     1016     1034     1058     1087     1122     1163     1210     1263     1323     1391     1466     1551     1644     1747     1862     1988     2128     2284     2457     2650     2869     3117     3402     3733     4123     4589     5158     5864     6762     7934     9512    11716    14944    19965    28446    44558    81355   197306   780475  1041470  251274
       37642   33267    30970    29737    28697    26972    23950    19768    15266    11286     8195     5957     4383     3284     2509     1956     1554     1258     1035      866      735      632      551      485      433      390      356      327      304      284      269      256      246      239      233      229      228      228      230      234      239      247      257      270      286      306      330      360      396      441      497      566      653      765      911     1103     1361     1718     2224     2966     4099     5913     9002    14679    26120    51319   104245   159476   138009    90096    60971   45755
       37815   28534    22717    18593    15343    12586    10184     8111     6376     4973     3872     3025     2380     1892     1521     1237     1020      851      719      615      532      465      411      367      330      301      276      256      239      225      214      205      197      192      188      186      185      185      187      190      195      201      210      220      233      249      268      292      320      356      399      452      520      605      715      858     1048     1306     1666     2180     2944     4127     6062     9455    15986    30250    66890   166588   267766   174818    90826   54764
       25104   25285    25087    23110    18916    13831     9457     6347     4307     2996     2144     1579     1194      925      733      592      487      408      346      298      260      230      205      186      169      156      145      136      129      123      119      115      113      111      111      111      112      114      117      121      126      133      141      151      164      179      197      220      248      284      328      385      460      558      691      875     1136     1519     2104     3044     4647     7602    13609    27257    59380   105910   101552    66067    44093    33267    28013   25710
       38016   32572    26521    20241    14625    10247     7129     5006     3579     2616     1955     1495     1166      928      752      620      519      440      379      330      291      259      233      212      195      180      169      159      151      145      140      136      134      133      132      133      134      137      141      146      153      161      171      183      198      216      238      265      299      340      393      459      545      657      806     1008     1290     1692     2283     3185     4622     7027    11276    19195    34238    59719    86318    90716    76318    61170    50610   43526
       20972   20782    18753    14879    10589     7131     4760     3231     2254     1620     1198      909      707      562      456      376      315      268      232      202      179      160      145      132      122      114      107      101       97       93       91       89       88       87       87       88       90       92       96      100      105      112      120      129      141      156      173      196      223      258      302      360      435      536      675      869     1148     1565     2209     3248     5000     8073    13491    22095    31482    35021    31716    26777    23109    21056    20309   20475
       19386   17405    15124    12419     9573     7020     5010     3555     2543     1850     1373     1040      805      635      510      417      346      292      249      215      189      167      150      135      124      114      106       99       94       90       86       84       82       81       80       80       81       82       84       87       90       94      100      106      114      124      136      151      169      191      219      254      299      356      432      534      673      867     1146     1559     2191     3195     4848     7654    12399    19699    28043    32732    31646    27875    24251   21503
       10127   13291    16629    16291    11388     6635     3822     2319     1493     1014      720      531      405      317      254      208      173      147      126      110       97       87       79       72       66       62       58       55       53       51       50       49       49       48       49       50       51       52       55       57       61       65       70       76       84       94      106      121      140      164      195      237      293      371      482      643      888     1275     1913     3008     4914     7973    11512    13056    11767     9635     7974     6967     6505     6511     7002    8115
       11873   10819     8722     6364     4405     3014     2088     1479     1075      802      613      479      382      310      256      215      183      158      138      122      109       99       90       83       77       72       68       65       62       60       59       58       58       58       58       59       60       62       64       67       71       75       81       88       96      106      118      132      151      174      202      239      286      347      428      536      683      884     1164     1553     2089     2811     3734     4819     5958     7013     7906     8667     9397    10192    11054   11778
        2595    3229     4508     7339    14011    21427    13476     5509     2538     1367      824      539      374      272      205      160      128      104       87       74       64       56       49       44       40       37       34       32       30       29       28       27       26       26       26       26       26       27       28       29       31       32       35       37       41       45       50       57       65       76       90      108      132      166      214      284      391      562      856     1398     2488     4783     8687    10639     8087     5318     3724     2875     2425     2212     2168    2282
        3338    4634     7212    11450    12559     7524     3632     1881     1083      681      457      323      238      182      143      115       94       79       67       58       51       45       41       37       34       32       30       28       27       26       25       25       24       24       24       25       25       26       27       29       30       33       35       38       43       47       54       62       72       85      102      124      156      200      265      362      518      778     1246     2143     3901     6708     8432     7065     4994     3623     2848     2428     2232     2203     2335    2672
        1396    1542     1824     2308     3061     3911     4029     3001     1828     1079      665      433      297      213      158      121       96       77       64       53       45       39       35       31       28       25       23       21       20       19       18       18       17       17       17       17       17       17       17       18       19       20       21       22       24       27       30       33       38       43       50       60       72       90      113      147      198      278      410      650     1138     2305     5823    16118    17640     7983     4043     2561     1893     1560     1400    1352
        2968    2736     2657     2687     2786     2895     2915     2736     2339     1832     1355      979      708      519      389      297      232      185      150      124      104       89       77       67       60       53       48       44       41       38       36       34       33       32       31       30       30       30       30       31       32       33       34       36       38       41       44       48       53       59       67       76       89      104      125      153      191      244      321      437      620      927     1481     2574     4938     9927    15626    13926     8976     5893     4287    3431
        2028    2147     2424     2894     3537     4070     3875     2891     1851     1145      728      483      334      241      180      138      109       87       72       60       51       44       39       34       31       28       25       23       22       21       20       19       18       18       18       17       18       18       18       19       19       20       21       23       24       26       29       32       36       41       47       55       65       78       96      121      157      209      288      415      633     1034     1845     3598     6934     9400     7530     4943     3432     2642     2235    2053
        3384    4580     6594     8845     8389     5281     2866     1610      974      631      432      310      231      178      141      114       94       79       67       58       51       46       41       37       34       32       30       28       27       26       25       25       25       24       25       25       26       26       27       29       30       33       35       38       42       47       53       60       70       82       97      118      145      184      237      314      429      604      876     1298     1915     2665     3264     3399     3134     2754     2437     2234     2149     2182     2355    2717
         940    1086     1345     1806     2625     3887     4649     3542     2003     1103      650      413      279      198      147      113       89       72       59       50       43       37       33       29       26       24       22       21       19       19       18       17       17       17       17       17       17       17       18       18       19       21       22       24       26       29       32       37       42       49       58       71       87      110      144      193      271      399      625     1056     1916     3439     4693     4040     2734     1865     1377     1104      950      870      844     866
        1246    1368     1561     1820     2085     2197     1991     1541     1080      734      503      354      257      192      148      116       94       77       64       55       47       41       36       33       30       27       25       23       22       21       20       20       19       19       19       19       19       19       20       21       22       23       24       26       29       31       35       39       45       52       61       72       88      109      138      179      239      331      475      711     1101     1715     2485     2994     2871     2385     1915     1578     1362     1238     1182    1186
         499     491      504      539      603      706      866     1109     1446     1785     1849     1501     1026      666      439      301      214      159      121       96       77       64       53       46       40       35       31       28       26       24       22       21       20       19       19       18       18       18       18       19       19       20       21       22       24       25       28       31       34       39       45       52       62       76       94      120      159      218      314      482      803     1484     2976     5065     4777     2916     1753     1172      866      692      590     530
        1241    1331     1493     1740     2066     2387     2482     2176     1624     1112      748      512      361      263      198      153      121       98       81       68       58       50       44       39       35       32       30       27       26       24       23       22       22       21       21       21       21       22       22       23       24       25       27       29       31       34       38       42       48       55       64       76       91      113      142      183      244      337      485      732     1165     1924     3087     4125     4067     3220     2417     1877     1546     1351     1248    1214
         563     601      683      831     1085     1510     2082     2330     1785     1063      610      368      237      161      115       85       65       52       42       34       29       25       21       19       17       15       14       13       12       11       10       10       10        9        9        9        9        9       10       10       10       11       11       12       13       14       16       18       20       23       26       31       38       46       58       74       99      136      197      302      498      901     1757     3099     3413     2374     1512     1046      797      662      589     559
         377     396      437      508      628      830     1158     1604     1842     1485      924      544      334      217      149      107       80       62       49       40       33       28       24       21       18       16       15       14       13       12       11       11       10       10       10       10       10       10       10       10       11       11       12       13       14       15       16       18       20       23       27       32       39       47       59       76      101      138      198      296      464      746     1139     1427     1344     1051      790      613      502      434      395     377
         541     625      761      977     1282     1576     1567     1184      759      472      303      203      143      104       79       61       49       40       33       28       24       21       19       17       15       14       13       12       11       11       10       10       10       10       10       10       10       10       11       11       12       12       13       14       16       17       20       22       25       30       35       43       53       66       85      113      155      221      325      491      739     1029     1205     1150      965      783      648      559      505      478      475     495
         161     181      213      267      360      532      871     1453     1735     1142      586      316      188      122       84       61       46       36       29       24       20       17       15       13       12       11       10        9        9        8        8        8        7        7        7        7        7        8        8        8        9        9       10       11       12       14       15       18       21       25       30       37       47       62       83      116      168      250      369      502      567      520      417      324      257      211      181      161      150      144      144     149
         582     726      974     1412     2134     2822     2479     1503      833      487      306      206      146      107       82       65       52       43       36       31       27       24       21       19       17       16       15       14       13       13       13       12       12       12       12       12       13       13       14       14       15       16       18       19       21       24       27       31       36       43       51       62       77       98      127      167      223      299      396      501      587      625      610      564      511      465      432      412      407      417      444     495
         417     500      642      892     1345     2064     2497     1860     1034      568      337      216      147      105       79       61       48       39       33       28       24       21       18       16       15       14       13       12       11       11       10       10       10       10       10       10       10       10       11       11       12       13       14       15       17       19       21       24       28       33       40       49       60       77      101      135      186      261      368      503      632      695      669      589      504      434      384      352      335      331      342     369
         153     160      173      192      221      261      317      390      469      523      509      426      321      232      167      122       92       71       56       46       38       32       27       24       21       19       17       16       15       14       13       12       12       12       12       12       12       12       12       12       13       14       15       16       17       19       21       24       28       32       39       47       57       72       93      122      164      222      297      376      430      433      392      334      280      237      205      182      166      156      151     150
         755     849      941     1009     1030      987      883      747      607      483      382      303      242      196      161      133      112       96       83       72       64       57       51       46       42       39       37       34       33       31       30       29       28       28       28       27       28       28       28       29       30       31       32       34       36       38       41       44       48       53       58       64       71       79       89      100      113      128      145      164      186      210      237      266      298      334      373      417      467      524      590     667
         321     357      409      485      594      738      893      975      892      685      476      323      222      158      116       87       68       54       44       36       30       26       23       20       18       16       14       13       12       12       11       10       10       10       10       10        9       10       10       10       10       11       11       12       13       14       15       16       18       20       22       26       30       34       40       48       58       69       84      102      123      147      172      196      217      234      246      254      261      269      280     296
         112     119      132      151      180      226      299      422      619      861      923      691      426      259      166      112       80       60       46       36       30       25       21       18       16       14       13       12       11       10        9        9        9        8        8        8        8        8        9        9        9       10       10       11       12       13       15       17       19       22       26       31       38       47       59       75       97      124      156      188      211      218      208      189      168      149      134      122      114      109      107     108
          68      69       71       75       83       94      111      137      178      244      350      490      574      490      327      205      132       89       63       47       36       29       23       19       16       14       12       11       10        9        8        8        8        7        7        7        7        7        7        7        7        8        8        9        9       10       11       13       14       17       19       23       29       36       47       63       88      129      196      300      422      475      410      305      221      166      130      107       91       81       74      70
          88      89       93      101      113      132      160      202      264      351      440      464      387      272      181      122       85       62       46       36       29       23       19       16       14       12       11       10        9        8        8        7        7        7        7        7        6        6        7        7        7        7        8        8        9       10       11       12       14       16       18       22       26       33       41       53       71       97      135      187      247      293      298      266      220      179      148      126      110       99       92      89
          95     100      108      122      144      177      228      306      418      528      535      414      274      176      117       81       59       44       34       27       22       18       16       13       12       10        9        9        8        7        7        7        6        6        6        6        6        6        6        7        7        7        8        8        9       10       11       12       14       17       20       24       29       36       47       61       82      112      154      205      252      272      258      223      186      156      133      116      105       98       94      93
          38      41       45       51       61       76       99      141      219      390      767     1123      748      352      181      106       69       48       35       27       22       18       15       13       11       10        9        8        7        7        7        6        6        6        6        6        6        6        7        7        7        8        9       10       11       12       14       17       20       25       32       41       54       74      101      137      171      185      171      142      112       89       72       60       51       45       41       38       36       35       35      36
          38      40       44       49       58       71       92      128      196      338      626      855      575      282      148       87       57       39       29       22       17       14       12       10        9        8        7        6        6        5        5        5        4        4        4        4        4        4        4        5        5        5        5        6        7        7        8        9       11       13       16       19       24       30       39       52       68       87      105      114      111       99       85       71       60       52       46       42       39       37       36      37
          38      41       46       54       68       91      134      229      504     1432     1587      517      196       97       57       37       26       19       14       11        9        8        6        5        5        4        4        3        3        3        3        3        3        2        2        2        2        3        3        3        3        3        3        4        4        5        5        6        7        8       10       12       16       20       27       37       52       74      101      127      135      122      101       81       65       54       47       42       38       36       36      36
          87      92      101      115      138      174      236      352      593     1094     1552     1071      512      261      150       95       65       47       35       27       22       18       15       13       11       10        9        8        7        7        6        6        6        5        5        5        5        5        5        5        6        6        6        7        7        8        8        9       11       12       14       16       19       23       28       35       44       56       70       87      106      121      130      131      125      116      107       99       92       88       85      85
          57      55       54       54       56       61       68       78       96      124      174      270      475      870     1028      598      286      151       90       59       41       30       23       18       15       12       10        9        8        7        6        6        5        5        4        4        4        4        4        4        4        4        4        4        4        5        5        5        6        7        7        8       10       11       13       16       20       24       31       40       52       68       87      106      118      120      112      100       87       76       68      61
          51      57       66       76       90      109      136      175      233      320      445      585      647      562      407      277      190      134       99       75       59       47       39       32       28       24       21       19       17       15       14       13       12       11       11       10       10       10        9        9        9        9        9        9        9       10       10       10       10       11       11       12       13       13       14       15       16       17       18       19       20       21       23       24       26       28       30       32       35       38       42      46
          25      28       33       40       50       65       90      132      212      371      628      702      454      247      143       91       63       46       35       27       22       19       16       14       12       11       10        9        9        8        8        8        7        7        7        7        7        7        8        8        8        8        9        9       10       10       11       11       12       12       13       13       14       14       14       14       15       15       15       14       14       14       15       15       15       15       16       16       17       19       20      22
          43      44       46       50       55       62       73       89      113      154      220      328      449      458      328      200      122       79       54       39       29       22       18       14       12       10        9        8        7        6        6        5        5        4        4        4        4        4        4        4        4        4        4        4        4        5        5        5        6        6        7        8        9       10       11       13       15       17       20       24       27       31       34       38       40       42       42       43       42       42       42      42
          71      77       83       91      101      116      136      164      207      269      354      442      467      391      275      182      121       83       59       44       33       26       21       17       14       12       10        9        8        7        6        6        5        5        5        4        4        4        4        4        4        4        4        4        4        4        4        5        5        5        6        6        7        7        8        9       10       12       14       16       18       21       24       28       32       37       42       47       52       57       62      67
          40      41       43       46       49       55       62       73       90      114      153      214      297      364      341      245      158      102       68       48       35       26       21       17       14       11       10        8        7        7        6        5        5        5        4        4        4        4        4        4        4        4        4        4        4        4        5        5        5        6        6        7        8        9       10       11       13       14       17       19       22       25       28       31       34       36       38       39       39       40       40      40
          41      38       36       36       36       37       39       43       50       60       76      103      152      245      393      455      309      166       92       56       37       26       19       14       11        9        7        6        5        4        4        4        3        3        3        2        2        2        2        2        2        2        2        2        2        2        2        3        3        3        3        4        4        5        6        7        8        9       11       14       18       23       29       37       45       54       59       61       59       54       49      45
          13      14       15       16       17       19       22       27       33       43       60       89      143      235      316      263      157       90       55       37       26       19       15       12       10        8        7        6        5        5        4        4        4        4        3        3        3        3        3        3        3        4        4        4        4        5        5        6        6        7        8        9       11       12       14       16       18       20       21       22       21       21       20       19       17       16       15       15       14       13       13      13
          26      26       27       29       31       34       37       43       51       63       83      115      172      268      376      362      235      135       80       51       35       25       19       14       11        9        8        6        5        5        4        4        3        3        3        3        3        2        2        2        2        2        2        2        2        2        2        3        3        3        3        3        4        4        5        5        6        7        8        9       10       12       13       15       17       19       20       22       23       24       24      25
          17      19       21       23       26       30       36       44       54       71       95      131      178      217      215      169      118       80       56       40       30       23       18       15       12       10        9        8        7        6        6        5        5        4        4        4        4        4        4        4        4        4        4        4        4        4        4        4        4        5        5        5        5        6        6        7        7        8        8        9        9       10       10       11       11       12       12       13       14       14       15      16
          12      13       14       16       19       22       27       35       46       66       99      157      238      274      211      131       81       53       37       27       21       16       13       11       10        8        7        7        6        6        5        5        5        5        5        5        5        5        5        5        6        6        6        7        8        8        9       10       11       12       13       14       15       15       15       15       15       14       14       13       12       12       11       11       10       10       10       10       10       10       10      11
          17      18       20       22       25       29       35       43       55       74      104      150      207      236      199      137       89       60       42       30       23       18       14       12       10        9        7        7        6        5        5        5        4        4        4        4        4        4        4        4        4        4        4        4        4        5        5        5        6        6        7        7        8        9       10       10       11       12       13       13       14       14       14       14       14       14       14       14       15       15       15      16
           8       9       10       12       14       16       20       26       35       49       76      128      238      410      411      239      128       76       49       35       26       20       16       14       12       10        9        8        8        7        7        7        6        6        6        7        7        7        7        8        8        9        9       10       11       12       13       14       14       15       15       14       14       13       12       11       11       10        9        8        8        7        7        7        7        7        7        7        7        7        7       8
          27      32       37       44       51       61       72       85       99      114      128      138      141      135      123      106       89       74       60       49       40       33       28       23       20       17       15       13       11       10        9        8        7        7        6        6        5        5        5        4        4        4        4        4        4        4        4        4        4        4        4        4        4        4        5        5        5        5        6        6        7        7        8        9       10       11       12       14       16       18       21      24
          43      44       46       48       50       52       54       58       62       68       74       81       89       95       97       94       86       74       60       48       38       30       24       20       16       13       11       10        8        7        6        6        5        5        4        4        4        4        3        3        3        3        3        3        3        3        3        3        3        4        4        4        4        5        5        6        6        7        8        9       10       12       14       16       18       21       24       28       31       35       38      40
