SWAN 1
LOCATIONS
     1
     681726.07 2033118.57
AFREQ
     56
     0.0300
     0.0400
     0.0500
     0.0600
     0.0700
     0.0800
     0.0900
     0.1000
     0.1100
     0.1200
     0.1300
     0.1400
     0.1500
     0.1600
     0.1700
     0.1800
     0.1900
     0.2000
     0.2100
     0.2200
     0.2300
     0.2400
     0.2500
     0.2600
     0.2700
     0.2800
     0.2900
     0.3000
     0.3100
     0.3200
     0.3300
     0.3400
     0.3500
     0.3600
     0.3700
     0.3800
     0.3900
     0.4000
     0.4100
     0.4200
     0.4300
     0.4400
     0.4500
     0.4600
     0.4700
     0.4800
     0.4900
     0.5000
     0.5100
     0.5200
     0.5300
     0.5400
     0.5500
     0.5600
     0.5700
     0.5800
NDIR
     72
     5.0000
     10.0000
     15.0000
     20.0000
     25.0000
     30.0000
     35.0000
     40.0000
     45.0000
     50.0000
     55.0000
     60.0000
     65.0000
     70.0000
     75.0000
     80.0000
     85.0000
     90.0000
     95.0000
     100.0000
     105.0000
     110.0000
     115.0000
     120.0000
     125.0000
     130.0000
     135.0000
     140.0000
     145.0000
     150.0000
     155.0000
     160.0000
     165.0000
     170.0000
     175.0000
     180.0000
     185.0000
     190.0000
     195.0000
     200.0000
     205.0000
     210.0000
     215.0000
     220.0000
     225.0000
     230.0000
     235.0000
     240.0000
     245.0000
     250.0000
     255.0000
     260.0000
     265.0000
     270.0000
     275.0000
     280.0000
     285.0000
     290.0000
     295.0000
     300.0000
     305.0000
     310.0000
     315.0000
     320.0000
     325.0000
     330.0000
     335.0000
     340.0000
     345.0000
     350.0000
     355.0000
     360.0000
QUANT
     1
VaDens
m2/Hz/degr
     -999.000000
FACTOR
     1.00000E-06
          71      62       53       45       39       34       30       26       23       21       19       18       17       16       15       14       14       13       13       12       12       12       11       11       11       11       11       10       10       10       10       10        9        9        9        9        9        8        8        8        8        8        8        8        8        8        8        8        9        9        9       10       10       11       12       13       14       16       18       20       23       27       32       38       45       54       64       74       82       87       86      80
         503     423      348      285      236      198      169      146      129      115      104       95       89       83       79       76       74       73       72       72       72       73       75       77       79       82       85       89       92       96       99      102      105      106      106      106      104      102       99       95       92       88       85       82       79       76       75       73       72       72       72       73       75       77       81       85       91       98      107      119      133      152      177      208      249      302      368      446      525      586      604     572
         980     710      547      441      371      321      286      261      244      232      224      221      220      223      229      238      249      263      279      296      312      326      334      334      325      308      284      257      228      202      178      157      139      124      111      101       92       85       79       74       71       68       66       64       63       63       64       65       67       69       73       78       84       91      101      113      130      151      180      220      276      360      492      710     1108     1906     3642     6637     7266     4450     2435    1467
        9392    5980     4143     3048     2343     1864     1522     1270     1079      930      812      716      638      573      519      473      433      399      370      345      322      303      286      271      258      247      237      229      222      215      210      206      203      201      200      199      200      201      203      207      211      217      224      233      243      256      270      288      308      333      362      397      439      490      553      631      730      857     1023     1245     1551     1989     2643     3677     5441     8781    16078    34876    75627    75103    35113   16694
       54657   25542    14264     8884     5961     4225     3124     2390     1882     1517     1249     1048      893      773      678      602      541      492      451      418      392      370      352      338      328      320      315      313      313      315      320      328      338      352      369      390      416      448      486      533      590      659      744      849      979     1143     1351     1615     1954     2393     2961     3695     4636     5819     7256     8916    10708    12501    14180    15712    17187    18810    20900    23936    28746    37031    53016    90258   214836   956341   928178  165587
      114610   50839    27172    16296    10576     7274     5233     3904     3001     2366     1908     1568     1312     1114      960      839      741      663      599      547      504      469      440      417      398      383      371      363      358      355      355      358      363      372      384      399      418      441      470      505      547      598      660      736      828      943     1085     1263     1489     1778     2152     2641     3288     4151     5312     6881     8993    11807    15468    20063    25573    31910    39092    47546    58535    74949   103652   164437   336091  1030630  1381870  361982
       54263   36391    26030    19312    14621    11194     8631     6692     5220     4101     3250     2600     2102     1718     1420     1186     1003      856      739      645      568      505      453      411      375      346      321      301      284      270      259      250      243      238      235      233      234      236      239      245      253      262      275      290      308      331      358      391      431      480      540      614      708      826      977     1173     1433     1784     2269     2958     3969     5513     7994    12248    20219    37165    80795   228513   629579   477920   184529   90588
       24538   16346    11572     8542     6499     5059     4010     3226     2630     2169     1808     1522     1294     1110      961      839      738      655      586      529      481      440      406      377      352      332      315      301      289      280      272      267      264      262      262      264      267      272      280      289      301      315      333      354      380      410      447      491      544      608      687      784      905     1058     1252     1503     1833     2277     2885     3744     4999     6913    10000    15369    25765    49434   119063   377881   532589   197113    78080   40474
       43662   44657    40394    29371    18002    10464     6215     3868     2529     1729     1229      904      684      532      422      342      283      237      202      175      153      135      121      110      100       93       86       81       77       73       71       69       67       67       66       66       67       69       70       73       76       80       85       91       99      108      119      133      149      171      197      231      275      333      411      517      667      884     1211     1724     2578     4102     7091    13775    31765    90804   210879   169475    89524    58188    46486   43029
       91004   46519    20485    10095     5610     3419     2234     1541     1109      828      636      501      404      332      278      236      204      178      157      141      127      116      108      100       94       89       85       82       80       79       78       77       78       78       80       82       85       89       94      100      107      116      127      140      156      176      201      232      272      323      390      480      601      770     1008     1355     1873     2667     3907     5846     8763    12668    16783    19734    20987    21366    22049    24052    28631    38323    58762   92176
       41604   62095    46595    20366     9070     4654     2681     1683     1127      793      581      440      343      274      223      186      157      134      117      103       92       83       75       69       65       61       57       55       53       51       50       50       49       49       50       51       52       54       57       60       64       68       74       81       90      101      114      130      151      179      214      261      325      413      539      725     1010     1466     2236     3615     6222    11175    18990    25109    23846    19238    15696    13864    13500    14626    17894   25332
       30154   21559    11987     6415     3628     2199     1418      963      683      502      381      296      236      192      159      134      114       99       87       77       69       63       58       53       50       47       45       43       41       40       39       39       39       39       40       41       42       44       46       48       51       55       60       66       73       82       92      106      123      145      174      212      263      333      433      578      796     1140     1705     2686     4479     7854    13801    21316    25050    23241    20157    18333    18239    20058    24103   29466
        4512    4275     4231     4299     4370     4295     3937     3302     2557     1883     1360      985      724      543      415      325      259      210      174      146      125      108       94       83       75       68       62       57       53       50       48       46       44       43       42       42       42       42       43       44       45       47       49       52       56       60       65       72       80       90      103      119      140      167      204      253      322      421      569      802     1190     1892     3307     6634    16160    41600    47818    24145    12740     8208     6117    5055
        1824    2025     2393     3029     4113     5821     7566     7203     4807     2777     1631     1018      676      473      345      261      204      163      134      111       95       82       72       64       57       52       48       44       42       40       38       36       36       35       35       35       35       36       36       38       40       42       44       48       52       57       64       72       82       95      112      135      165      207      266      354      491      715     1110     1880     3571     7642    14846    15210     9031     5272     3505     2616     2137     1878     1757    1741
        3994    4768     5990     7461     8026     6543     4238     2543     1556      999      674      475      348      264      205      164      133      111       94       80       70       62       55       50       45       42       39       36       35       33       32       31       31       30       30       30       31       32       33       34       36       38       41       44       48       53       59       67       76       88      104      125      152      190      243      319      433      613      912     1442     2463     4572     8742    13565    13044     9157     6327     4767     3942     3544     3436    3578
        5286    5585     5752     5431     4497     3298     2259     1521     1037      726      523      388      295      230      183      149      123      104       88       76       67       59       53       48       44       41       38       36       34       33       32       31       30       30       30       30       31       31       32       34       35       37       40       43       47       51       57       64       73       84       98      116      140      172      216      278      367      500      708     1050     1641     2726     4777     8320    12170    12700    10296     7917     6392     5546     5162    5105
        4409    3195     2297     1663     1221      913      696      541      428      344      281      233      197      168      145      126      112      100       90       82       75       69       65       61       58       56       54       52       51       50       50       50       50       51       52       54       56       59       62       66       70       76       83       91      101      114      129      147      171      200      236      284      345      425      531      672      863     1121     1470     1938     2554     3337     4283     5358     6493     7594     8547     9188     9301     8710     7468    5906
        1843    1891     2000     2136     2222     2153     1878     1476     1082      771      550      398      295      223      173      137      111       91       77       65       56       49       43       39       35       32       30       28       26       25       24       23       22       22       22       22       22       22       23       24       25       26       28       30       32       35       39       43       49       56       66       78       93      115      144      185      247      340      492      757     1262     2360     5176    12803    20113    12839     6680     4097     2925     2334     2025    1880
        6864    8566     9571     8043     5118     2933     1711     1054      687      471      336      248      190      148      119       97       81       68       59       51       45       40       36       33       30       28       26       25       24       23       22       22       21       21       21       22       22       23       23       25       26       28       30       32       35       39       43       49       56       65       76       91      111      137      174      225      300      411      585      865     1334     2130     3423     5132     6468     6614     5955     5247     4809     4701     4950    5631
        2426    2791     3395     4208     4821     4438     3167     1970     1204      763      506      352      254      190      146      115       93       76       64       55       47       41       37       33       30       27       25       24       22       21       20       20       19       19       19       19       19       19       20       21       22       23       24       26       28       31       34       39       44       50       59       69       84      102      128      165      217      296      419      619      965     1584     2681     4288     5494     5211     4156     3254     2680     2361     2229    2250
        1998    2319     2854     3645     4491     4621     3601     2306     1403      876      574      394      282      209      160      126      101       83       70       59       51       45       40       35       32       29       27       25       24       23       22       21       21       21       20       20       21       21       22       23       24       25       26       29       31       34       38       42       48       55       65       77       93      114      143      184      243      331      467      683     1034     1595     2387     3172     3462     3171     2679     2262     1981     1825     1776    1829
        2819    3600     4839     6203     6156     4278     2465     1410      852      548      372      264      195      148      116       93       76       63       54       46       40       35       32       29       26       24       22       21       20       19       18       18       18       17       17       17       18       18       19       19       20       22       23       25       27       30       33       37       42       49       57       67       81       99      123      156      203      270      368      514      731     1041     1445     1870     2179     2281     2222     2114     2037     2033     2131    2369
        3745    4975     6159     5879     4066     2395     1404      865      564      387      277      206      158      124      100       82       68       58       50       44       39       35       31       29       26       25       23       22       21       20       20       20       19       19       19       20       20       21       22       23       24       26       28       30       33       37       42       47       54       63       75       90      110      136      172      222      292      392      533      732      996     1311     1621     1849     1953     1962     1939     1936     1991     2139     2424    2920
         992    1102     1302     1635     2149     2765     2998     2414     1553      938      582      380      260      186      138      106       84       67       56       47       40       34       30       27       24       22       20       19       18       17       16       15       15       15       15       15       15       15       15       16       17       17       19       20       22       24       26       30       34       39       45       54       66       81      103      134      180      251      368      569      938     1634     2785     3790     3531     2600     1868     1424     1167     1024      956     946
         596     610      659      756      926     1224     1752     2609     3355     2849     1695      935      545      342      229      162      119       91       71       58       47       40       34       29       26       23       21       19       17       16       15       15       14       14       13       13       13       13       13       14       14       15       15       16       17       19       21       23       26       29       34       39       47       57       71       90      118      160      226      338      541      938     1751     3108     3818     2922     1894     1288      958      773      668     614
         383     420      486      601      806     1199     2016     3490     3983     2328     1112      583      342      220      151      109       82       64       51       42       35       30       26       23       20       18       16       15       14       13       13       12       12       12       11       11       12       12       12       12       13       14       15       16       17       19       21       24       27       32       38       46       56       71       92      123      172      253      393      649     1114     1758     2043     1659     1159      822      621      502      430      389      369     368
         646     690      781      941     1218     1689     2402     2962     2532     1568      891      527      332      223      157      115       88       69       55       45       38       32       28       24       22       19       18       16       15       14       13       13       12       12       12       12       12       12       12       12       13       13       14       15       16       17       19       21       24       27       31       36       43       52       64       81      104      139      190      269      393      589      874     1200     1402     1359     1167      968      817      718      660     637
         279     294      323      373      458      603      862     1334     2017     2199     1471      798      446      270      176      122       89       67       52       42       34       29       24       21       19       17       15       14       13       12       11       10       10       10       10        9        9        9       10       10       10       11       11       12       13       14       15       17       19       22       26       30       36       44       55       71       92      125      173      246      356      501      648      718      677      577      476      398      343      307      286     277
         980    1013     1102     1267     1549     2007     2670     3274     3103     2173     1312      788      495      328      228      166      124       96       76       62       51       43       37       32       28       25       23       21       19       18       17       16       15       14       14       14       14       14       14       14       14       15       15       16       17       18       20       22       24       26       30       34       39       46       55       67       82      103      133      174      234      321      448      625      848     1077     1233     1269     1211     1120     1040     991
         457     484      532      606      714      863     1039     1172     1149      945      684      469      322      226      164      122       94       74       60       49       41       35       30       26       23       21       19       17       16       15       14       14       13       13       12       12       12       12       13       13       13       14       14       15       16       18       19       21       24       27       31       35       41       49       59       72       90      114      146      189      247      318      398      473      527      546      537      512      484      461      448     446
         172     187      214      258      332      467      731     1264     1968     1731      914      459      256      158      105       74       55       42       33       27       22       19       16       14       13       11       10        9        9        8        8        8        7        7        7        7        7        7        7        8        8        9        9       10       11       12       14       16       18       21       25       31       39       50       66       91      132      201      325      550      876     1063      895      627      438      323      255      213      187      172      165     165
         208     216      236      272      336      451      673     1136     1963     2177     1236      586      307      180      116       79       57       43       33       27       22       18       15       13       12       10        9        8        8        7        7        6        6        6        6        6        6        6        6        6        6        6        7        7        8        9        9       10       12       14       16       19       22       27       34       44       59       82      118      180      292      500      834     1106     1004      722      505      374      297      251      224     211
         242     264      306      381      518      794     1397     2440     2394     1199      552      290      171      110       76       55       41       32       25       21       17       15       13       11       10        9        8        7        7        6        6        6        6        5        5        5        5        5        5        6        6        6        7        7        8        8        9       10       12       14       16       19       23       28       35       45       60       82      116      171      259      392      548      642      608      504      403      330      282      253      237     234
         125     134      150      175      215      282      399      608      932     1125      856      492      278      168      110       76       55       42       32       26       21       18       15       13       12       10        9        9        8        7        7        7        6        6        6        6        6        6        6        7        7        7        8        8        9       10       11       12       14       16       19       23       28       35       44       57       76      103      140      187      238      274      279      257      224      191      165      146      133      125      121     121
          67      69       75       84       99      125      169      257      461     1077     2566     1770      587      248      131       79       52       37       27       21       17       14       11       10        8        7        6        6        5        5        5        4        4        4        4        4        4        4        4        4        4        4        5        5        6        6        7        8        9       10       12       15       18       23       30       40       56       82      125      196      295      372      354      274      200      149      117       96       82       74       69      67
         158     171      195      235      304      434      710     1391     2776     2549     1086      474      247      147       96       66       49       37       29       23       19       16       14       12       11        9        9        8        7        7        6        6        6        6        6        6        6        6        6        6        6        7        7        8        8        9       10       11       13       15       18       21       26       32       41       54       73      101      144      210      299      391      435      408      344      280      231      196      174      160      153     152
         270     286      313      359      431      548      742     1059     1481     1675     1314      808      477      295      193      134       97       73       57       45       37       31       26       22       19       17       15       14       13       12       11       11       10       10        9        9        9        9        9        9       10       10       10       11       12       13       14       15       16       18       21       24       28       32       39       47       57       71       89      112      142      177      216      253      282      296      297      290      279      269      263     263
         213     222      238      264      304      364      456      595      782      956      957      748      501      324      214      147      105       78       60       47       38       31       26       23       19       17       15       14       13       12       11       10       10        9        9        9        9        8        8        9        9        9        9       10       10       11       12       13       14       16       18       20       23       27       31       37       45       54       67       83      102      126      152      178      200      216      223      223      219      214      211     210
         183     181      187      204      236      293      398      613     1102     2059     2130     1026      452      231      135       86       59       42       32       24       19       16       13       11        9        8        7        6        6        5        5        5        4        4        4        4        4        4        4        4        4        4        4        4        5        5        5        6        6        7        8        9       11       13       15       18       23       29       38       50       68       96      137      196      268      329      349      325      283      243      213     194
         255     303      366      451      560      691      814      869      808      660      496      363      265      197      150      117       93       75       62       52       44       38       33       29       26       24       22       20       19       17       16       16       15       15       14       14       14       14       14       14       14       14       15       15       16       17       17       18       20       21       23       25       27       29       32       36       40       44       49       55       61       68       76       84       94      105      117      131      147      166      189     218
         125     150      189      252      360      561      927     1355     1243      742      407      239      152      104       75       56       44       35       29       24       21       18       16       14       13       12       11       10       10        9        9        9        9        9        9        9        9        9       10       10       11       11       12       13       14       16       18       20       22       25       29       33       38       43       49       55       61       66       70       73       74       75       75       75       75       75       77       79       83       88       96     108
          41      45       51       60       74       95      132      202      355      736     1340     1020      443      210      117       73       50       36       27       21       17       14       12       10        9        8        7        6        6        6        5        5        5        5        5        5        5        5        5        5        5        6        6        7        7        8        9       10       12       13       16       18       22       26       31       36       42       47       51       53       53       51       48       45       43       40       38       37       36       36       37      39
          65      71       80       93      113      146      201      304      509      875     1062      697      356      192      115       75       52       38       29       23       18       15       13       11        9        8        7        7        6        6        5        5        5        5        5        4        4        4        5        5        5        5        5        6        6        6        7        8        9       10       11       13       15       17       20       24       29       34       39       45       51       56       59       61       62       61       60       59       59       59       60      62
          77      78       81       87       97      111      135      173      240      364      601      917      879      512      267      150       92       61       43       32       24       19       15       12       10        9        8        7        6        5        5        5        4        4        4        4        4        3        3        3        3        4        4        4        4        4        4        5        5        6        6        7        8        9       11       13       15       18       22       27       33       41       50       59       68       76       81       83       82       81       79      78
          96     101      109      121      140      169      214      289      413      607      799      755      508      301      183      117       80       57       43       33       26       21       17       15       13       11       10        9        8        7        7        6        6        6        5        5        5        5        5        5        5        5        6        6        6        7        7        8        9        9       11       12       14       16       18       22       26       31       37       44       53       62       71       80       87       91       93       93       93       92       92      93
          68      76       87      102      124      156      207      292      444      716     1071     1100      726      410      241      152      103       74       55       42       34       28       23       19       17       15       13       12       11       10        9        8        8        8        7        7        7        7        7        7        7        7        7        8        8        8        9        9       10       11       11       12       14       15       16       18       20       22       24       26       29       31       34       36       39       41       44       47       49       53       57      62
          47      53       62       73       89      113      150      210      311      469      634      619      430      262      162      106       73       53       40       31       25       20       17       14       12       11       10        9        8        7        7        6        6        5        5        5        5        5        5        5        5        5        5        5        5        5        6        6        6        7        7        8        8        9       10       11       12       13       14       15       16       18       19       21       23       25       27       29       31       34       38      42
          25      28       31       36       44       55       72      101      154      262      488      735      572      294      155       91       59       41       30       23       18       15       12       11        9        8        7        7        6        6        5        5        5        5        5        5        5        5        5        5        5        5        6        6        7        7        8        9       10       11       12       14       15       17       19       20       21       22       23       23       23       23       22       22       21       21       21       21       21       21       22      23
          30      35       42       52       68       94      140      232      432      787      832      463      232      130       81       55       40       30       24       19       16       14       12       10        9        8        8        7        7        6        6        6        6        6        6        6        6        6        6        7        7        7        8        9        9       10       11       12       13       14       15       16       17       18       18       19       19       19       19       19       18       18       18       18       18       19       19       20       21       22       24      27
          52      60       69       83      101      128      167      224      299      364      366      294      206      139       95       67       49       37       29       23       19       16       13       11       10        9        8        7        6        6        5        5        5        5        4        4        4        4        4        4        4        4        4        4        5        5        5        5        6        6        7        7        8        9       10       10       12       13       14       16       17       19       21       23       25       27       29       32       35       38       42      46
          73      79       86       97      111      133      166      220      311      466      674      738      531      307      177      108       71       49       36       27       21       16       13       11        9        8        7        6        5        5        4        4        4        3        3        3        3        3        3        3        3        3        3        3        3        3        3        4        4        4        5        5        6        6        7        8        9       11       12       14       17       20       24       28       32       38       43       48       54       58       63      68
          34      36       39       44       50       59       71       90      118      160      217      269      269      211      143       95       64       45       33       25       20       16       13       11        9        8        7        6        6        5        5        4        4        4        4        4        3        3        3        3        3        4        4        4        4        4        4        5        5        6        6        7        8        9       10       11       12       14       15       17       19       21       23       24       25       26       27       28       29       29       30      32
          37      43       52       64       81      104      139      186      243      288      289      243      184      135       99       75       58       46       38       31       27       23       20       18       16       15       14       13       12       11       11       11       10       10       10       10       10       10       10       10       10       10       10       10       11       11       11       11       12       12       12       12       13       13       13       13       13       14       14       14       15       15       16       17       17       18       20       21       23       25       28      32
          12      13       14       15       16       18       21       26       32       42       58       87      138      215      257      198      119       71       45       31       22       16       13       10        8        7        6        5        5        4        4        4        3        3        3        3        3        3        3        3        3        3        4        4        4        5        5        6        6        7        8       10       11       13       15       17       19       21       22       22       22       21       19       18       16       15       14       13       13       12       12      12
          28      30       32       36       41       49       61       80      111      166      255      350      333      220      129       78       51       35       25       19       15       12       10        8        7        6        5        5        4        4        4        3        3        3        3        3        3        3        3        3        3        3        3        3        4        4        4        5        5        6        7        8        9       10       12       14       16       19       21       24       26       28       29       29       29       29       28       27       27       26       26      27
          27      28       31       34       39       47       58       76      103      148      211      263      241      168      105       67       45       31       23       17       14       11        9        8        6        6        5        4        4        4        3        3        3        3        3        3        3        3        3        3        3        3        3        3        3        4        4        4        5        5        6        7        8        9       10       12       13       15       18       20       22       23       24       25       25       25       25       25       25       25       25      25
