SWAN 1
LOCATIONS
     1
     681726.07 2033118.57
AFREQ
     56
     0.0300
     0.0400
     0.0500
     0.0600
     0.0700
     0.0800
     0.0900
     0.1000
     0.1100
     0.1200
     0.1300
     0.1400
     0.1500
     0.1600
     0.1700
     0.1800
     0.1900
     0.2000
     0.2100
     0.2200
     0.2300
     0.2400
     0.2500
     0.2600
     0.2700
     0.2800
     0.2900
     0.3000
     0.3100
     0.3200
     0.3300
     0.3400
     0.3500
     0.3600
     0.3700
     0.3800
     0.3900
     0.4000
     0.4100
     0.4200
     0.4300
     0.4400
     0.4500
     0.4600
     0.4700
     0.4800
     0.4900
     0.5000
     0.5100
     0.5200
     0.5300
     0.5400
     0.5500
     0.5600
     0.5700
     0.5800
NDIR
     72
     5.0000
     10.0000
     15.0000
     20.0000
     25.0000
     30.0000
     35.0000
     40.0000
     45.0000
     50.0000
     55.0000
     60.0000
     65.0000
     70.0000
     75.0000
     80.0000
     85.0000
     90.0000
     95.0000
     100.0000
     105.0000
     110.0000
     115.0000
     120.0000
     125.0000
     130.0000
     135.0000
     140.0000
     145.0000
     150.0000
     155.0000
     160.0000
     165.0000
     170.0000
     175.0000
     180.0000
     185.0000
     190.0000
     195.0000
     200.0000
     205.0000
     210.0000
     215.0000
     220.0000
     225.0000
     230.0000
     235.0000
     240.0000
     245.0000
     250.0000
     255.0000
     260.0000
     265.0000
     270.0000
     275.0000
     280.0000
     285.0000
     290.0000
     295.0000
     300.0000
     305.0000
     310.0000
     315.0000
     320.0000
     325.0000
     330.0000
     335.0000
     340.0000
     345.0000
     350.0000
     355.0000
     360.0000
QUANT
     1
VaDens
m2/Hz/degr
     -999.000000
FACTOR
     1.00000E-06
          43      42       40       39       38       37       37       36       36       36       36       36       36       36       36       36       35       34       33       32       30       28       26       24       22       21       19       17       16       15       14       13       12       12       11       10       10       10       10        9        9        9        9        9       10       10       10       11       11       12       13       14       15       16       18       19       22       24       27       30       33       36       40       43       46       48       49       49       49       48       46      45
         340     329      312      292      270      248      227      207      189      172      158      145      134      124      116      108      101       96       90       86       82       78       75       72       70       68       66       64       63       62       61       60       59       58       58       58       58       58       58       58       59       59       60       61       63       64       66       68       71       74       77       81       85       90       96      103      110      119      129      141      154      169      186      205      226      248      271      294      314      330      341     344
        2785    1973     1383      998      748      581      466      384      325      280      246      219      198      181      168      157      148      140      134      129      125      122      119      117      115      113      112      110      109      108      107      106      104      103      102      101       99       98       97       96       95       94       94       94       94       95       96       97      100      102      106      111      116      123      132      142      156      172      192      219      252      297      357      440      557      729      990     1397     2022     2867     3584    3536
      809888  292986    26934     9456     4727     2806     1847     1305      971      752      601      493      414      355      309      273      245      223      205      191      180      171      164      159      156      154      153      154      156      159      164      171      179      189      202      217      236      259      286      319      359      407      464      532      612      704      806      915     1024     1126     1210     1272     1309     1323     1320     1309     1297     1289     1292     1311     1350     1416     1517     1665     1883     2206     2701     3500     4904     7725    14882   45070
       84557 1109120   282876    37106    13790     7057     4244     2818     2003     1497     1164      934      769      648      556      486      432      389      355      327      306      289      276      266      259      254      252      252      255      260      267      278      291      308      329      356      388      428      477      538      614      708      827      975     1161     1391     1671     1999     2357     2712     3011     3204     3265     3209     3073     2903     2734     2587     2474     2401     2372     2391     2465     2605     2832     3178     3705     4525     5868     8260    13156   25976
       65508  941166   712820    49607    16185     7777     4485     2884     1996     1457     1108      871      704      582      491      422      368      326      293      266      244      227      213      201      192      186      181      177      176      176      177      179      184      190      198      207      220      235      253      276      303      336      376      425      485      559      651      763      901     1067     1266     1495     1747     2010     2260     2476     2641     2751     2815     2852     2882     2928     3008     3144     3360     3694     4203     4995     6277     8516    12932   23737
       31944  151593   540897    72644    18715     8198     4502     2807     1902     1366     1026      798      639      524      438      374      324      284      253      228      208      192      178      168      159      152      146      142      140      138      137      138      139      141      145      150      156      163      172      183      196      211      229      250      276      305      339      379      425      479      539      608      684      766      855      948     1043     1140     1239     1340     1448     1566     1703     1870     2083     2365     2756     3324     4195     5638     8304   14167
       15158   42766   239609   140252    24450     8980     4522     2681     1758     1235      913      702      558      455      379      323      279      245      219      197      180      167      156      147      140      135      131      128      126      126      126      128      131      135      140      146      155      165      177      192      210      232      258      290      328      374      430      497      576      668      772      886     1005     1120     1224     1308     1370     1411     1435     1452     1469     1494     1535     1601     1702     1852     2074     2405     2912     3733     5170    8035
       10741   22694    98383   360014    49583    12045     5067     2691     1630     1076      755      555      423      332      268      221      185      158      137      121      108       97       89       82       76       71       68       65       63       61       60       59       59       60       61       62       64       67       70       74       79       86       93      103      114      128      146      168      196      232      278      338      417      522      663      849     1092     1398     1754     2125     2448     2673     2784     2812     2809     2823     2893     3059     3370     3916     4882    6714
       18227   37573    87663    90029    34818    14105     7098     4135     2654     1825     1321      995      774      619      506      422      358      309      270      239      215      195      178      165      154      145      138      132      128      125      122      121      121      121      123      125      129      133      139      146      154      164      176      191      208      229      253      283      318      359      409      468      539      622      718      830      957     1099     1254     1420     1596     1781     1979     2196     2445     2746     3131     3652     4398     5538     7419   10867
       11730   14214    16664    17902    16677    13353     9642     6677     4621     3259     2358     1751     1334     1039      827      671      553      464      394      340      297      262      234      211      192      176      163      153      144      137      131      127      123      121      119      119      119      120      122      125      129      134      140      147      157      168      181      197      216      239      266      299      340      390      450      525      618      734      878     1057     1279     1554     1890     2295     2778     3345     4002     4762     5650     6710     8012    9654
        6781    7512     7711     7235     6253     5099     4031     3155     2476     1962     1575     1282     1059      886      751      644      559      490      434      388      350      319      292      270      252      237      224      213      204      197      191      186      183      181      180      180      181      183      186      190      195      202      210      220      231      244      259      276      297      320      347      377      413      454      501      555      618      691      776      875      991     1129     1291     1486     1722     2009     2363     2803     3352     4035     4866    5819
        7545   10526    14243    16226    13696     9117     5623     3530     2318     1594     1142      848      648      509      408      334      278      235      202      176      155      138      124      112      103       96       89       84       80       76       74       72       70       69       69       69       69       70       72       74       76       80       84       89       95      102      110      120      132      146      163      183      208      237      272      315      367      430      505      596      705      834      986     1165     1375     1624     1922     2290     2760     3388     4268    5565
       14580   28301    38770    26427    13534     7415     4529     3011     2131     1580     1214      959      776      640      536      455      392      341      299      265      237      214      194      177      163      151      141      132      125      119      113      109      105      102      100       98       97       96       96       96       97       98      100      102      106      109      114      119      126      133      142      153      165      179      196      216      240      269      303      346      398      463      546      653      794      984     1248     1631     2210     3142     4764    7889
        1812    2283     3179     5089     9774    18709    16081     6661     2879     1486      873      562      386      279      209      163      130      106       88       75       64       56       50       45       41       37       35       32       31       29       28       27       27       26       26       26       27       27       28       29       31       33       35       38       41       45       51       57       65       75       88      105      127      156      196      250      326      433      583      787     1044     1322     1551     1662     1649     1563     1462     1381     1339     1344     1408    1550
        1182    1442     1880     2693     4422     8777    17963    16148     6546     2785     1430      840      541      372      269      202      157      126      102       85       72       62       54       48       43       39       36       33       31       29       28       27       26       25       25       25       25       25       25       26       27       28       30       31       33       36       39       43       48       53       60       69       79       92      108      128      154      185      223      270      325      387      453      520      582      638      686      731      777      833      909    1017
        3104    3760     4941     7115    10827    14024    11185     6095     3168     1780     1088      713      494      358      268      208      165      134      111       93       80       69       61       54       49       45       41       38       36       34       32       31       30       30       29       29       29       30       30       31       32       34       36       38       41       44       49       54       60       68       78       90      106      126      153      188      235      299      388      512      683      917     1220     1575     1929     2209     2367     2423     2433     2456     2542    2737
        2790    3211     3917     5076     6762     8145     7264     4706     2685     1556      955      621      425      304      225      172      135      108       88       74       62       53       46       41       37       33       30       28       26       24       23       22       21       20       20       20       19       19       20       20       21       21       22       23       25       27       29       31       34       38       43       49       56       66       77       93      113      139      174      223      290      383      513      692      928     1218     1536     1831     2064     2231     2370    2535
        1146    1379     1783     2534     4067     7275    10767     7892     3715     1814     1004      616      408      287      210      160      126      101       83       70       60       52       45       40       36       33       31       28       27       25       24       23       23       22       22       22       22       23       23       24       25       26       28       30       33       36       39       44       49       56       65       76       90      108      132      163      205      259      330      421      528      646      755      838      883      895      887      875      871      886      928    1008
         855    1027     1303     1774     2631     4208     6330     6343     3908     2076     1167      715      471      329      241      183      143      115       95       79       68       59       52       46       41       38       35       32       30       29       28       27       26       26       25       25       26       26       27       27       29       30       32       34       37       40       44       49       55       62       70       81       95      112      132      158      190      228      273      322      374      425      469      503      528      545      559      574      594      625      673     745
        3625    4598     5279     5284     4609     3637     2720     1994     1462     1081      811      617      477      374      298      240      196      163      136      116       99       86       75       67       60       54       49       45       41       38       36       34       32       31       30       29       29       28       28       28       28       28       29       30       31       32       34       36       38       41       45       49       54       59       67       75       86       99      116      136      162      196      240      297      373      475      615      808     1078     1456     1986    2709
        1231    1319     1390     1413     1354     1203      992      773      584      437      328      249      192      151      121       98       81       68       57       49       43       38       34       30       27       25       23       22       20       19       19       18       17       17       17       17       17       17       17       18       18       19       20       21       23       25       27       29       32       36       41       46       53       62       73       86      104      126      154      191      237      295      367      451      545      644      741      831      913      989     1065    1145
         624     737      913     1193     1626     2198     2569     2238     1509      929      581      381      263      189      141      109       86       70       58       49       42       36       32       28       26       23       22       20       19       18       17       17       16       16       16       16       16       16       17       17       18       19       20       22       23       25       28       31       35       40       46       53       62       74       89      108      131      161      197      239      285      330      371      402      422      434      440      447      456      474      504     551
         741    1081     1737     2966     4126     3236     1733      922      539      344      235      170      128       99       80       65       55       47       41       36       32       29       27       25       23       22       21       20       19       19       19       19       19       19       20       21       21       22       24       26       28       30       33       37       41       47       53       62       71       83       98      115      134      155      176      196      213      226      233      237      237      237      236      238      242      250      264      286      318      366      438     552
         649     621      591      567      548      537      530      525      517      501      473      432      379      321      265      215      173      139      113       92       76       63       53       45       39       34       30       27       24       22       20       19       17       16       16       15       14       14       14       14       14       14       14       14       15       15       16       17       18       19       21       23       25       28       32       36       42       49       58       70       85      106      133      169      217      280      359      449      541      615      658     666
         435     507      598      712      846      985     1085     1086      971      787      601      447      333      252      194      152      121       99       81       68       58       50       44       39       35       31       29       26       24       23       22       21       20       19       19       18       18       18       18       18       18       19       20       20       21       22       24       25       27       29       32       35       38       42       47       53       59       67       76       86       98      112      127      144      163      183      206      232      260      293      332     378
         234     306      420      611      922     1303     1411     1074      679      424      278      192      140      106       83       67       56       47       41       36       32       29       26       24       23       21       21       20       19       19       19       19       19       19       20       21       21       23       24       26       27       30       32       35       39       43       47       52       57       62       67       71       75       78       80       81       82       82       82       81       81       82       83       85       88       92       99      107      118      134      156     188
         266     291      326      376      442      523      600      633      586      476      353      253      181      132       99       76       59       48       39       32       27       24       20       18       16       15       13       12       11       11       10       10        9        9        9        9        9        9        9       10       10       10       11       12       12       13       15       16       18       20       23       27       31       37       44       52       64       78       95      116      141      167      191      212      226      234      236      236      235      237      241     251
         683     644      602      560      519      475      428      378      325      273      225      182      147      118       95       77       63       52       43       37       31       27       23       21       18       16       15       14       12       12       11       10       10        9        9        9        9        9        9        9        9        9        9        9       10       10       11       12       13       14       15       17       19       22       25       29       35       41       50       61       77       97      125      163      215      285      374      478      582      664      706     708
         589     787      980     1073     1005      829      639      482      364      278      216      170      136      111       91       75       63       53       46       39       34       30       26       24       21       19       17       16       15       14       13       12       11       11       10       10       10        9        9        9        9        9        9        9       10       10       10       11       11       12       13       14       15       16       17       19       21       24       27       31       36       42       50       60       72       88      110      139      180      237      317     431
         889    1137     1318     1329     1168      934      715      541      411      317      248      196      157      128      105       87       73       62       53       46       40       35       31       28       25       22       20       19       17       16       15       14       14       13       13       12       12       12       12       11       11       12       12       12       12       13       13       14       15       16       17       18       20       21       24       26       29       33       38       44       51       60       72       87      106      131      165      211      275      364      490     663
         236     285      363      496      739     1187     1758     1684     1000      525      294      180      118       82       60       45       35       28       23       19       16       14       12       11       10        9        8        7        7        6        6        6        6        5        5        5        5        5        6        6        6        6        6        7        7        8        9       10       11       12       13       15       18       20       24       28       34       40       48       58       68       80       93      105      117      127      137      146      156      167      183     204
         155     171      194      227      274      340      423      504      532      470      356      249      172      121       87       65       50       39       32       26       22       18       16       14       12       11       10        9        8        8        7        7        7        7        6        6        6        6        6        7        7        7        7        8        8        9       10       11       12       13       15       17       19       22       26       30       36       42       50       59       69       80       90      100      108      114      119      123      126      130      136     143
         342     404      439      437      406      361      314      271      234      202      175      151      131      113       97       83       71       60       52       44       38       32       28       24       21       19       17       15       13       12       11       10        9        9        8        8        7        7        7        7        6        6        6        6        6        7        7        7        7        7        8        8        9       10       11       12       13       15       17       19       22       26       31       38       46       57       72       93      120      158      209     272
         311     275      236      206      186      174      169      171      179      194      215      238      255      252      222      176      130       93       67       49       36       28       22       17       14       12       10        8        7        6        5        5        4        4        4        3        3        3        3        3        3        3        3        3        3        3        3        3        3        4        4        4        5        5        6        6        7        9       10       12       15       18       23       30       40       55       78      112      163      228      293     324
         545     681      571      389      264      191      147      119      101       89       81       75       70       67       64       61       58       54       49       44       39       33       29       24       20       17       15       13       11        9        8        7        6        6        5        5        4        4        4        4        3        3        3        3        3        3        3        3        3        3        4        4        4        4        5        5        6        6        7        8       10       12       14       17       22       28       38       52       76      117      191     330
         199     176      158      147      141      139      142      148      158      171      184      193      192      176      150      120       92       70       53       41       32       25       21       17       14       12       10        9        8        7        6        6        5        5        5        4        4        4        4        4        4        4        4        4        4        4        4        5        5        5        6        7        7        8        9       11       13       15       19       23       29       37       49       66       90      125      171      222      262      274      258     229
         333     290      247      213      190      176      169      168      172      183      197      215      229      232      216      182      142      106       78       58       44       33       26       21       17       14       12       10        8        7        7        6        5        5        4        4        4        4        4        3        3        3        3        3        3        3        3        4        4        4        4        5        5        6        6        7        8       10       11       14       17       21       26       34       45       62       87      125      181      253      321     351
         518     484      348      243      180      143      121      109      103      101      103      108      116      124      129      126      113       92       71       53       39       29       22       17       13       11        9        7        6        5        4        4        3        3        3        2        2        2        2        2        2        2        2        2        2        2        2        2        2        2        2        2        2        3        3        3        4        4        5        6        7        8       11       13       17       24       33       48       74      122      214     371
         104     140      187      240      292      335      360      366      357      333      298      255      208      163      125       94       70       53       40       31       24       19       16       13       10        9        7        6        5        5        4        4        3        3        3        3        2        2        2        2        2        2        2        2        2        2        2        2        2        2        2        2        3        3        3        3        4        4        5        6        6        7        9       11       13       16       20       25       33       43       57      76
         264     387      378      270      181      129       99       81       69       63       59       58       58       60       63       67       70       71       69       63       53       43       33       26       20       16       12       10        8        7        6        5        4        3        3        3        2        2        2        2        2        2        2        2        1        1        1        1        2        2        2        2        2        2        2        2        3        3        3        4        5        5        7        8       10       13       18       24       35       53       87     150
         205     229      222      194      161      133      112       96       84       75       68       63       58       54       50       46       42       38       34       30       26       23       20       17       15       13       11       10        8        7        7        6        5        5        4        4        4        4        3        3        3        3        3        3        3        3        3        3        3        3        3        4        4        4        4        5        5        6        7        8        9       11       13       16       20       26       34       45       61       84      118     162
         136     140      137      130      123      118      116      116      120      127      137      150      162      168      161      140      111       84       62       46       34       26       20       16       13       10        9        7        6        5        5        4        4        3        3        3        3        2        2        2        2        2        2        2        2        2        2        2        2        2        3        3        3        3        4        4        5        6        6        8        9       11       13       17       21       27       35       47       62       81      103     123
         222     217      182      146      119      102       91       86       85       89       97      110      130      155      177      179      151      109       74       49       34       24       17       13       10        8        6        5        4        4        3        3        2        2        2        2        2        1        1        1        1        1        1        1        1        1        1        1        1        1        1        2        2        2        2        2        3        3        4        4        5        6        8       10       13       18       24       35       52       80      124     181
         139      93       64       48       38       32       29       27       27       27       29       33       39       48       65       91      129      153      129       82       49       30       19       13        9        7        5        4        3        3        2        2        2        1        1        1        1        1        1        1        1        1        1        1        1        1        1        1        1        1        1        1        1        1        1        1        2        2        2        3        3        4        6        7       10       14       21       34       58      102      164     184
         127      95       70       53       43       37       33       31       30       31       33       36       42       51       65       85      108      116       98       68       44       28       19       13       10        7        6        4        4        3        2        2        2        1        1        1        1        1        1        1        1        1        1        1        1        1        1        1        1        1        1        1        1        1        1        2        2        2        2        3        4        5        6        8       10       14       21       31       50       81      122     145
          92      80       68       59       53       49       48       49       53       61       74       99      144      233      354      342      195       98       53       32       21       14       10        8        6        4        4        3        2        2        2        1        1        1        1        1        1        1        1        1        1        1        1        1        1        1        1        1        1        1        1        1        1        1        1        2        2        2        3        3        4        5        7        9       12       16       23       33       48       69       88      97
          74      90       97       93       82       71       62       55       51       48       47       47       49       53       59       66       74       81       83       77       64       50       37       27       20       15       12        9        7        6        5        4        3        3        3        2        2        2        2        2        1        1        1        1        1        1        1        1        1        1        1        1        1        2        2        2        2        2        3        3        4        4        5        6        7        9       12       16       21       29       40      56
         132     127      107       86       70       59       51       47       44       44       45       47       52       59       67       77       85       85       76       60       44       32       23       17       13       10        8        6        5        4        3        3        2        2        2        2        2        1        1        1        1        1        1        1        1        1        1        1        1        1        1        1        1        2        2        2        2        2        3        3        4        5        6        8       10       13       18       25       37       55       81     112
          43      38       34       31       30       29       30       31       34       40       48       62       87      134      222      317      269      149       78       44       28       18       13       10        7        6        5        4        3        3        2        2        2        1        1        1        1        1        1        1        1        1        1        1        1        1        1        1        1        1        1        1        2        2        2        3        3        4        4        5        7        9       11       15       20       26       35       45       52       56       54      49
          52      50       49       48       49       50       54       59       68       82      105      144      214      329      438      380      228      127       75       47       32       23       17       13       10        8        7        6        5        4        4        3        3        3        2        2        2        2        2        2        2        2        2        2        2        2        2        2        2        2        2        3        3        3        4        4        5        6        7        8       10       12       15       19       24       30       36       43       48       52       54      53
          56      55       53       51       49       48       48       49       51       56       62       71       82       97      111      118      111       92       70       50       36       27       20       15       12        9        8        6        5        4        4        3        3        3        2        2        2        2        2        2        2        2        2        2        2        2        2        2        2        2        2        2        2        3        3        3        4        4        5        6        7        8       10       13       16       20       25       32       39       46       52      55
          36      33       32       31       32       34       38       45       56       74      106      157      205      184      116       65       38       24       16       11        8        6        5        4        3        2        2        2        1        1        1        1        1        1        1        1        1        1        1        1        1        1        1        1        1        1        1        1        1        1        1        1        1        2        2        2        3        4        4        6        7        9       12       16       22       29       36       43       46       45       43      39
          52      58       61       62       61       59       59       59       60       63       67       73       80       86       88       83       71       55       41       30       22       17       13       10        8        6        5        4        3        3        3        2        2        2        1        1        1        1        1        1        1        1        1        1        1        1        1        1        1        1        1        1        1        1        2        2        2        2        3        3        4        4        5        7        8       10       13       17       22       28       36      44
          88      83       72       60       51       44       39       36       35       34       35       37       40       43       48       53       56       56       50       42       33       25       19       14       11        8        7        5        4        4        3        3        2        2        2        2        1        1        1        1        1        1        1        1        1        1        1        1        1        1        1        1        1        1        2        2        2        2        3        3        4        5        6        7       10       13       17       24       34       47       65      81
          62      71       75       72       66       60       54       50       48       47       47       49       53       59       66       76       86       92       88       75       58       42       30       22       16       12       10        8        6        5        4        3        3        3        2        2        2        2        1        1        1        1        1        1        1        1        1        1        1        1        1        1        1        1        2        2        2        2        3        3        3        4        5        6        7        9       12       16       21       28       37      49
