SWAN 1
LOCATIONS
     1
     681726.07 2033118.57
AFREQ
     56
     0.0300
     0.0400
     0.0500
     0.0600
     0.0700
     0.0800
     0.0900
     0.1000
     0.1100
     0.1200
     0.1300
     0.1400
     0.1500
     0.1600
     0.1700
     0.1800
     0.1900
     0.2000
     0.2100
     0.2200
     0.2300
     0.2400
     0.2500
     0.2600
     0.2700
     0.2800
     0.2900
     0.3000
     0.3100
     0.3200
     0.3300
     0.3400
     0.3500
     0.3600
     0.3700
     0.3800
     0.3900
     0.4000
     0.4100
     0.4200
     0.4300
     0.4400
     0.4500
     0.4600
     0.4700
     0.4800
     0.4900
     0.5000
     0.5100
     0.5200
     0.5300
     0.5400
     0.5500
     0.5600
     0.5700
     0.5800
NDIR
     72
     5.0000
     10.0000
     15.0000
     20.0000
     25.0000
     30.0000
     35.0000
     40.0000
     45.0000
     50.0000
     55.0000
     60.0000
     65.0000
     70.0000
     75.0000
     80.0000
     85.0000
     90.0000
     95.0000
     100.0000
     105.0000
     110.0000
     115.0000
     120.0000
     125.0000
     130.0000
     135.0000
     140.0000
     145.0000
     150.0000
     155.0000
     160.0000
     165.0000
     170.0000
     175.0000
     180.0000
     185.0000
     190.0000
     195.0000
     200.0000
     205.0000
     210.0000
     215.0000
     220.0000
     225.0000
     230.0000
     235.0000
     240.0000
     245.0000
     250.0000
     255.0000
     260.0000
     265.0000
     270.0000
     275.0000
     280.0000
     285.0000
     290.0000
     295.0000
     300.0000
     305.0000
     310.0000
     315.0000
     320.0000
     325.0000
     330.0000
     335.0000
     340.0000
     345.0000
     350.0000
     355.0000
     360.0000
QUANT
     1
VaDens
m2/Hz/degr
     -999.000000
FACTOR
     1.00000E-06
         201     211      159      105       69       48       36       27       22       18       16       14       12       11       11       10       10        9        9        9        9       10       10       11       11       12       13       14       14       15       16       16       16       15       15       14       13       11       10        9        8        8        7        6        6        5        5        5        5        5        4        4        4        5        5        5        5        5        6        6        7        8        9       11       13       17       21       28       40       58       90     141
         330     376      388      358      303      245      196      157      128      106       90       77       68       60       55       50       47       44       42       41       40       39       39       40       40       41       42       44       46       48       51       53       56       59       61       63       65       65       65       64       62       60       57       54       51       49       46       44       42       40       39       38       37       37       37       38       38       40       41       44       47       50       55       62       70       81       95      114      139      172      217     271
       27740   15476     5222     2361     1315      831      572      418      320      253      206      172      147      127      112      100       91       83       77       72       68       64       62       60       58       57       56       56       56       57       57       58       60       62       64       66       69       72       75       79       83       87       91       96      101      106      111      116      121      127      132      138      145      152      159      168      179      191      207      225      249      279      319      371      444      549      707      962     1412     2321     4572   12015
      119874   17413     6569     3355     2003     1317      926      684      526      417      339      282      240      207      182      162      146      133      123      115      108      103       99       96       94       93       93       93       95       97      100      105      110      117      126      136      149      165      186      211      242      283      335      403      492      611      770      984     1264     1619     2027     2429     2725     2840     2776     2602     2395     2206     2059     1963     1919     1933     2011     2170     2442     2893     3653     5034     7907    15628    53964  795603
      575382   63900    23209    11715     6967     4580     3225     2390     1842     1465     1197     1000      852      739      651      581      526      482      447      418      396      378      365      355      349      346      346      349      355      365      378      395      417      444      477      518      567      629      704      797      912     1056     1235     1460     1742     2092     2518     3022     3586     4167     4697     5100     5328     5379     5296     5142     4972     4830     4745     4736     4822     5028     5389     5964     6857     8261    10570    14688    23103    45087   146228 3328340
      191543   50892    22742    12667     7988     5462     3956     2992     2343     1886     1554     1307     1119      973      858      767      693      633      585      545      513      487      466      450      437      429      423      421      421      425      432      441      454      471      491      515      544      577      617      663      716      777      847      927     1018     1120     1235     1362     1501     1653     1817     1991     2176     2372     2579     2802     3046     3319     3636     4014     4481     5080     5876     6976     8570    11019    15095    22695    39696    93181   513219 1871290
      614286   83937    28671    13989     8119     5228     3609     2620     1978     1540     1230     1003      834      705      604      525      462      410      369      335      306      283      263      247      234      223      214      207      201      197      194      193      193      194      196      200      204      211      218      228      239      253      269      287      309      334      364      399      439      487      542      608      684      775      882     1009     1161     1342     1561     1829     2159     2575     3111     3822     4805     6233     8449    12217    19536    37189   102369  703886
      118894   67760    42350    27102    17178    10785     6807     4379     2895     1972     1386     1002      744      566      440      349      282      232      194      164      141      122      108       96       86       78       71       66       62       58       55       53       51       49       48       48       47       47       48       49       50       51       54       56       60       64       68       74       81       90      101      114      131      152      178      212      257      317      398      511      673      912     1277     1860     2845     4625     8142    15979    36546   100458   239890  223572
       30743   45916    57648    39192    17809     8259     4313     2498     1567     1045      731      533      401      310      246      199      164      138      118      102       89       79       71       64       59       54       51       48       45       43       42       41       40       39       39       40       40       41       42       44       46       48       51       55       60       66       73       81       92      105      122      143      171      208      257      324      419      556      760     1076     1587     2448     3964     6676    11224    17079    21065    21205    19689    18816    19593   22918
        6368   14949    42802    26977     6971     2646     1305      750      475      322      230      171      132      104       85       70       59       50       44       38       34       31       28       26       24       23       22       21       20       19       19       19       19       19       19       20       21       21       23       24       26       28       30       34       38       43       49       57       67       80       98      123      156      205      276      386      558      840     1299     2002     2846     3386     3297     2848     2402     2089     1915     1866     1944     2185     2696    3768
        9572    9910     7591     4850     3002     1923     1293      911      668      507      396      317      260      217      184      159      139      123      110      100       92       85       79       75       71       68       66       65       64       63       63       64       65       66       69       71       75       79       85       91       99      108      119      133      150      170      195      225      263      309      365      434      516      612      721      840      962     1081     1190     1285     1370     1448     1531     1630     1759     1937     2192     2566     3130     4005     5376    7399
        2245    1992     1765     1560     1373     1201     1043      899      770      656      557      472      401      341      291      250      216      188      165      146      130      116      105       96       88       81       76       71       67       64       62       60       58       57       56       56       56       56       57       59       61       63       66       69       74       79       85       93      103      114      128      145      166      193      226      269      325      397      493      622      795     1027     1336     1731     2200     2687     3086     3295     3279     3092     2818    2524
        5371    3254     2122     1485     1100      852      684      566      479      413      363      323      292      266      245      227      212      199      188      179      171      163      156      150      145      140      135      131      127      123      120      117      114      111      109      107      105      104      103      102      102      102      103      104      105      107      110      114      118      124      130      138      148      160      174      192      214      242      277      322      382      462      575      736      979     1365     2018     3210     5482     9234    11595    8933
        3073    3348     3160     2584     1929     1393     1010      746      565      439      350      284      236      199      171      149      131      117      106       97       90       84       79       75       72       69       68       66       66       66       66       67       69       71       73       77       81       86       92       99      108      118      130      144      160      179      202      228      257      290      326      364      403      441      478      512      542      570      595      619      645      676      714      762      826      910     1024     1179     1392     1684     2077    2570
        3985    3267     2017     1209      771      526      381      289      228      186      156      134      117      104       94       87       81       77       73       71       70       69       69       70       72       75       78       83       89       96      106      117      131      149      170      196      226      261      297      332      360      375      375      361      336      307      278      250      226      207      190      178      168      161      156      154      154      156      161      169      181      197      220      251      294      356      448      590      824     1229     1962    3131
        2188    1492     1030      737      548      423      336      275      230      197      171      152      137      125      115      108      102       98       95       93       92       92       93       95       97      101      106      113      121      130      143      157      175      197      223      254      291      333      379      425      469      503      523      527      516      494      465      434      405      379      357      340      327      318      314      315      321      332      350      376      412      463      532      631      772      980     1295     1773     2459     3219     3532    3034
        1058    1408     1539     1292      911      614      423      303      227      176      141      116       98       85       74       66       60       56       52       49       48       46       45       45       46       46       48       50       53       57       62       68       76       87      100      119      143      178      226      295      393      529      694      840      883      798      649      507      396      315      257      216      186      165      149      138      130      125      122      122      124      128      135      146      160      181      210      250      310      398      535     747
         500     439      368      301      245      201      167      141      121      105       93       83       76       70       65       62       59       57       56       56       56       57       58       61       64       68       74       81       90      102      117      137      165      202      253      325      425      559      717      855      902      830      691      548      432      346      283      237      203      179      160      147      137      130      126      123      123      125      129      135      143      155      171      192      219      253      298      352      414      475      521     531
         216     283      380      506      636      696      638      508      380      282      214      167      134      111       94       81       72       65       59       55       53       51       49       49       49       50       52       54       58       62       69       77       88      103      124      153      195      257      351      488      663      809      811      667      493      356      262      199      157      127      106       91       80       72       65       61       57       55       54       53       53       54       56       59       62       68       75       84       96      113      136     169
         312     342      332      287      229      178      138      108       87       71       60       51       44       39       35       32       30       28       27       26       26       25       26       26       27       28       30       32       35       38       43       49       58       70       86      111      147      204      299      454      681      876      834      615      415      285      205      155      122      100       85       74       66       60       56       53       51       50       50       51       52       55       59       64       71       81       94      111      135      167      209     261
         235     301      387      487      569      581      513      408      310      234      180      141      114       94       80       69       61       54       49       46       43       41       39       38       38       38       38       39       41       43       46       49       54       61       69       81       96      117      147      190      254      350      491      666      804      797      656      490      360      270      209      168      139      118      103       92       84       78       74       72       70       70       71       73       77       82       89       99      112      130      154     188
         120     123      124      123      118      111      103       94       86       77       70       63       58       53       49       46       43       41       39       38       37       36       36       37       37       38       40       41       44       47       51       57       63       72       82       96      114      137      166      203      247      294      333      352      344      313      272      231      195      165      142      123      109       98       90       83       78       75       72       71       70       71       72       74       76       80       84       89       95      102      108     115
         279     276      259      233      202      172      146      123      105       90       79       69       62       56       51       47       44       41       40       38       37       37       36       37       37       38       40       41       44       47       51       56       61       69       78       89      103      120      140      163      189      213      234      246      246      237      220      201      181      162      146      133      122      114      107      103       99       98       97       98      101      105      110      118      128      141      156      175      198      222      247     268
         179     245      308      323      275      205      146      106       79       61       48       40       33       29       25       23       21       19       18       17       17       16       16       16       17       17       18       20       21       23       26       30       34       41       49       61       77      100      128      161      188      195      178      148      117       92       73       60       49       42       37       32       29       27       25       24       23       23       23       23       24       25       27       29       32       36       41       49       60       75       97     130
         101      94       84       73       63       54       46       40       35       31       27       25       22       21       19       18       17       17       16       16       16       16       16       17       18       18       20       21       23       25       28       31       35       40       46       54       62       72       81       89       95       96       94       88       81       73       65       59       53       49       45       42       40       38       37       36       36       36       37       39       41       43       47       51       57       63       71       80       89       97      103     105
          40      40       41       41       42       43       45       46       48       50       53       56       59       62       66       70       75       79       83       87       91       94       96       97       97       97       96       94       92       89       87       84       82       80       78       76       74       73       72       72       71       71       71       71       71       72       72       72       72       72       71       70       69       68       67       65       63       61       58       56       54       52       50       48       46       45       44       43       42       41       41      40
         165     176      183      183      176      166      152      138      124      111      101       91       84       77       72       68       65       63       61       60       59       60       60       61       63       65       68       72       76       80       85       89       94       98      100      102      102      100       96       92       87       81       75       70       65       61       57       53       50       48       46       45       44       43       43       43       44       44       46       48       50       53       57       62       68       75       83       94      106      119      134     150
         147     197      255      300      303      264      209      161      125       99       80       67       57       50       45       41       38       36       34       33       33       33       33       34       35       37       39       42       45       49       53       57       60       63       64       63       61       57       52       47       42       38       33       30       27       24       22       21       19       18       17       17       16       16       16       16       16       16       17       18       19       20       22       25       28       32       37       44       53       66       84     110
          48      57       68       81       95      108      118      120      115      105       92       79       68       58       51       45       40       36       33       31       30       28       28       27       28       28       29       30       32       34       37       41       46       52       59       68       78       88       97      103      103       98       89       78       67       57       49       42       36       32       28       26       23       22       20       19       18       18       17       17       17       18       18       19       20       21       23       25       28       31       35      41
          99     125      152      170      170      151      124       99       79       63       52       44       37       33       29       26       24       23       22       21       21       21       21       21       22       23       25       27       30       33       37       43       49       57       65       74       81       85       84       78       70       61       52       44       38       33       28       25       23       20       19       18       17       16       15       15       15       15       15       16       16       17       19       20       23       25       29       34       40       49       61      77
          57      64       73       83       93      102      108      110      107      100       90       80       70       62       54       48       43       39       35       33       31       29       28       27       27       26       26       27       27       28       30       32       34       37       40       45       50       56       63       71       78       86       91       94       93       89       83       75       67       60       54       48       43       40       36       34       32       30       29       28       28       28       28       28       29       31       32       34       37       41       45      50
          31      31       32       33       33       34       34       35       35       35       35       35       34       34       33       33       33       32       32       32       31       31       32       32       32       33       34       35       36       38       40       42       45       48       52       56       61       65       70       75       79       82       83       83       81       78       74       69       64       59       54       50       46       43       40       37       35       33       32       31       30       29       28       28       28       28       28       28       28       29       29      30
          51      52       53       54       55       55       55       55       55       54       54       53       52       51       50       49       48       47       46       46       45       45       45       45       46       46       47       48       50       51       53       55       57       60       62       64       67       69       71       73       73       74       73       72       71       69       66       64       61       58       56       54       51       49       48       46       45       44       43       43       42       42       42       42       43       43       44       45       46       47       48      50
          27      28       29       30       31       32       34       35       37       39       41       43       45       47       49       50       51       51       50       50       48       47       45       43       41       39       37       36       34       33       32       31       30       29       29       28       28       28       28       28       28       28       28       29       29       29       30       30       30       31       31       31       31       30       30       30       29       29       28       28       27       27       27       26       26       26       25       25       25       26       26      26
          27      28       28       29       30       32       33       35       36       38       40       42       44       47       49       50       52       52       53       52       51       50       48       46       44       42       39       37       35       33       32       30       29       28       27       26       26       25       25       25       24       24       24       24       25       25       25       25       26       26       26       27       27       27       27       27       27       27       27       27       27       27       27       26       26       26       26       26       26       26       26      27
          17      18       18       19       21       23       25       28       31       36       41       48       55       62       68       71       70       66       59       52       44       38       32       28       24       21       19       17       16       15       14       13       13       12       12       12       12       13       13       13       14       15       16       18       19       21       24       27       30       34       37       41       44       46       46       45       42       39       35       32       29       26       24       22       20       19       18       17       17       17       17      17
          20      20       20       20       21       21       22       22       23       24       25       26       28       29       31       33       34       36       38       39       40       40       39       38       37       35       32       30       28       25       23       22       20       19       17       16       15       14       14       13       13       12       12       12       12       12       12       12       12       12       12       13       13       13       14       14       15       15       16       16       17       17       17       18       18       18       19       19       19       19       19      19
          22      23       24       26       28       30       32       34       37       39       42       44       45       46       47       46       45       43       41       39       36       34       32       30       28       26       24       23       22       21       20       19       18       18       17       17       16       16       16       16       15       15       15       15       15       15       15       15       15       15       15       15       15       15       15       15       15       15       15       15       15       15       15       16       16       16       17       17       18       19       19      20
          27      29       31       32       34       35       35       36       35       35       34       33       32       30       29       28       27       26       25       24       24       23       22       22       21       21       21       20       20       20       20       19       19       18       18       17       17       16       16       15       15       14       14       13       13       13       12       12       12       11       11       11       11       11       11       11       11       11       12       12       13       13       14       14       15       16       17       19       20       22       23      25
          34      38       42       46       48       49       48       46       43       40       36       33       31       28       26       25       24       23       22       22       22       22       22       23       23       24       25       26       28       29       30       31       31       31       30       29       27       25       23       21       19       17       16       14       13       12       11       10       10        9        9        9        8        8        8        8        8        9        9        9       10       10       11       12       13       14       16       18       20       23       26      30
          22      23       25       26       28       30       32       34       36       38       40       42       43       44       43       42       40       37       34       31       28       25       22       20       18       16       15       13       12       11       10       10        9        9        8        8        8        7        7        7        7        7        7        7        7        7        7        7        8        8        8        8        9        9       10       10       11       11       12       12       13       13       14       15       15       16       17       18       18       19       20      21
          17      17       17       17       17       17       17       17       16       16       16       16       16       16       17       17       17       18       18       18       19       19       20       20       20       20       20       20       19       19       18       17       16       15       14       13       12       12       11       10       10        9        9        8        8        8        8        8        8        8        8        8        8        8        8        8        9        9        9       10       11       11       12       12       13       14       14       15       16       16       17      17
           9      10       11       12       14       15       18       20       24       27       31       34       37       38       38       36       34       31       28       25       23       21       19       17       16       15       14       14       13       13       12       12       12       12       12       12       12       11       11       11       11       11       11       11       10       10        9        9        9        8        8        7        7        7        6        6        6        6        6        6        5        5        5        5        6        6        6        6        7        7        7       8
          15      18       23       29       34       38       39       36       30       25       20       16       13       11        9        8        7        6        6        5        5        5        5        5        5        5        5        5        5        5        6        6        6        7        7        8        9        9       10       10       10       10       10        9        9        8        7        7        6        6        5        5        4        4        4        4        4        4        4        4        4        4        4        4        5        5        6        6        7        8       10      12
          17      17       17       17       16       15       14       13       12       11       11       10        9        9        9        8        8        8        8        8        9        9        9       10       10       11       11       12       13       13       14       14       14       13       13       12       11       11       10        9        8        7        7        6        6        5        5        5        5        5        4        4        4        4        4        5        5        5        5        5        6        6        7        8        8        9       10       12       13       14       15      16
          15      15       15       16       17       17       18       19       19       20       21       22       22       23       23       23       22       22       21       20       19       18       16       15       14       13       12       11       10       10        9        9        8        8        8        7        7        7        7        7        7        7        7        7        7        7        7        7        7        8        8        8        8        9        9        9       10       10       10       11       11       11       12       12       12       12       13       13       13       13       14      14
           9       8        6        5        5        4        4        3        3        3        3        3        3        3        3        3        3        3        4        4        5        5        6        7        8        9       11       12       13       13       13       12       10        9        8        6        5        5        4        4        3        3        3        2        2        2        2        2        2        2        2        2        2        3        3        3        3        4        5        5        7        8       10       12       15       18       20       20       19       16       14      11
           6       6        6        6        6        7        7        8        8        9       10       11       12       13       14       15       15       15       14       13       12       11       10        8        7        6        6        5        4        4        4        3        3        3        3        3        3        2        2        2        2        2        3        3        3        3        3        3        3        4        4        4        5        5        5        6        6        6        6        7        7        7        7        7        7        6        6        6        6        6        6       6
           1       2        2        2        2        2        2        2        3        3        3        4        5        6        8       10       12       14       16       16       15       13       11        9        7        6        5        4        4        3        3        3        3        2        2        2        2        2        2        2        3        3        3        3        4        4        5        6        7        9       11       12       13       14       13       11        9        8        6        5        4        4        3        3        2        2        2        2        2        2        2       1
           4       4        4        4        4        4        4        4        4        4        4        5        5        5        5        5        5        5        5        5        5        5        5        5        5        5        5        5        4        4        4        4        4        4        4        4        4        4        4        4        4        4        4        4        4        4        4        4        4        4        4        4        4        4        4        4        4        4        4        4        5        4        4        4        4        4        4        4        4        4        4       4
           5       6        6        6        6        6        6        6        7        7        7        8        8        8        9        9       10       10       11       11       11       12       11       11       11       10       10        9        8        8        7        7        6        6        5        5        5        5        4        4        4        4        4        4        4        4        4        4        4        4        4        4        4        4        4        4        4        4        5        5        5        5        5        5        5        5        5        5        5        5        5       5
           2       2        2        2        2        2        2        2        3        3        4        4        5        6        8        9       11       13       14       14       12       10        8        7        5        4        4        3        3        2        2        2        2        1        1        1        1        1        1        1        1        1        1        1        1        1        1        2        2        2        2        2        2        3        3        3        3        3        3        3        3        2        2        2        2        2        2        2        2        2        2       2
           2       2        2        2        2        2        2        2        2        3        3        3        3        4        4        4        5        5        5        6        6        6        6        6        5        5        5        4        4        4        3        3        3        3        2        2        2        2        2        2        2        2        2        2        2        2        2        2        2        2        2        2        2        2        2        2        2        2        2        2        2        2        2        2        2        2        2        2        2        2        2       2
           1       1        1        2        2        2        2        2        3        3        3        4        5        5        6        7        8        9        9       10        9        9        8        7        7        6        5        5        4        4        4        3        3        3        3        3        3        3        3        3        3        3        3        3        3        3        3        3        3        3        3        2        2        2        2        2        2        2        2        1        1        1        1        1        1        1        1        1        1        1        1       1
           2       2        2        2        2        2        2        2        2        2        2        2        2        2        3        3        3        3        3        3        3        4        4        4        5        5        6        6        7        7        8        8        8        8        7        7        6        5        4        4        3        3        2        2        2        2        2        1        1        1        1        1        1        1        1        1        1        1        1        1        1        1        1        1        1        1        1        1        1        2        2       2
           1       1        1        1        1        1        1        2        2        2        2        3        3        4        5        5        6        6        6        5        5        4        4        3        3        2        2        2        2        1        1        1        1        1        1        1        1        1        1        1        1        1        1        1        1        2        2        2        2        2        2        2        2        2        2        2        2        2        2        2        1        1        1        1        1        1        1        1        1        1        1       1
