SWAN 1
LOCATIONS
     1
     -67.28  18.38
AFREQ
     56
     0.0300
     0.0400
     0.0500
     0.0600
     0.0700
     0.0800
     0.0900
     0.1000
     0.1100
     0.1200
     0.1300
     0.1400
     0.1500
     0.1600
     0.1700
     0.1800
     0.1900
     0.2000
     0.2100
     0.2200
     0.2300
     0.2400
     0.2500
     0.2600
     0.2700
     0.2800
     0.2900
     0.3000
     0.3100
     0.3200
     0.3300
     0.3400
     0.3500
     0.3600
     0.3700
     0.3800
     0.3900
     0.4000
     0.4100
     0.4200
     0.4300
     0.4400
     0.4500
     0.4600
     0.4700
     0.4800
     0.4900
     0.5000
     0.5100
     0.5200
     0.5300
     0.5400
     0.5500
     0.5600
     0.5700
     0.5800
NDIR
     72
     5.0000
     10.0000
     15.0000
     20.0000
     25.0000
     30.0000
     35.0000
     40.0000
     45.0000
     50.0000
     55.0000
     60.0000
     65.0000
     70.0000
     75.0000
     80.0000
     85.0000
     90.0000
     95.0000
     100.0000
     105.0000
     110.0000
     115.0000
     120.0000
     125.0000
     130.0000
     135.0000
     140.0000
     145.0000
     150.0000
     155.0000
     160.0000
     165.0000
     170.0000
     175.0000
     180.0000
     185.0000
     190.0000
     195.0000
     200.0000
     205.0000
     210.0000
     215.0000
     220.0000
     225.0000
     230.0000
     235.0000
     240.0000
     245.0000
     250.0000
     255.0000
     260.0000
     265.0000
     270.0000
     275.0000
     280.0000
     285.0000
     290.0000
     295.0000
     300.0000
     305.0000
     310.0000
     315.0000
     320.0000
     325.0000
     330.0000
     335.0000
     340.0000
     345.0000
     350.0000
     355.0000
     360.0000
QUANT
     1
VaDens
m2/Hz/degr
     -999.000000
FACTOR
     1.00000E-06
          62      55       50       47       45       44       44       45       48       53       59       68       80       95      111      125      127      115       93       70       52       39       29       23       18       14       12       10        8        7        6        6        5        5        4        4        4        3        3        3        3        3        3        3        3        3        4        4        4        4        5        5        6        6        7        9       10       12       15       18       23       30       39       52       68       86      102      110      107       96       83      72
         301     285      269      253      240      228      219      211      206      201      198      195      192      189      186      181      175      167      158      147      136      125      113      103       92       83       75       68       62       56       52       48       44       41       39       37       35       34       33       32       31       31       31       31       31       32       33       34       35       37       40       42       46       50       55       61       68       76       87      100      116      134      157      183      212      243      273      299      317      326      324     315
        2155    1641     1268     1004      816      680      578      501      441      393      355      323      297      275      255      238      223      209      197      185      174      164      155      146      138      130      123      116      110      105      100       95       92       88       85       83       80       79       77       77       76       76       77       78       79       81       84       87       91       96      102      110      119      130      144      161      182      208      242      286      345      423      532      685      906     1231     1705     2351     3066     3509     3366    2792
       69309   19954     9029     5032     3166     2158     1558     1175      918      738      608      512      438      382      338      302      274      252      234      219      208      199      192      187      184      182      182      184      187      192      199      208      219      233      251      272      298      330      369      417      478      553      647      766      917     1108     1345     1636     1979     2357     2736     3065     3298     3410     3417     3353     3262     3178     3126     3124     3187     3335     3595     4014     4676     5745     7570    11018    18758    42906   203012  445264
      158798   55519    27236    15889    10300     7172     5261     4018     3169     2566     2126     1795     1543     1346     1190     1066      966      885      819      765      722      686      658      637      621      610      603      601      604      611      622      638      659      685      717      755      801      854      917      991     1077     1176     1290     1422     1572     1743     1935     2150     2387     2646     2924     3220     3531     3856     4198     4560     4951     5387     5889     6489     7236     8199     9492    11301    13960    18119    25203    38866    71075   181379   849592  830879
      186165   34755    13523     6916     4096     2662     1847     1346     1020      797      639      525      439      374      324      284      253      227      207      190      177      166      157      150      145      141      138      137      137      137      139      142      147      153      160      169      181      195      212      233      259      290      330      379      442      522      625      759      937     1175     1493     1920     2484     3203     4061     4972     5785     6352     6620     6662     6607     6580     6676     6980     7598     8708    10671    14335    22115    43583   156416 1092420
      222488   50747    19980    10219     6042     3919     2714     1973     1490     1161      929      759      633      537      463      405      358      321      291      266      246      230      216      205      197      190      185      182      180      179      180      182      186      191      198      207      218      231      247      266      290      318      352      393      442      503      577      668      780      918     1089     1298     1552     1857     2217     2628     3084     3572     4079     4598     5134     5715     6390     7242     8406    10121    12849    17635    27306    52080   152422  557221
       77121   78058    46490    22354    11303     6302     3826     2484     1702     1217      903      689      541      433      354      295      250      214      187      164      146      132      120      111      103       96       91       87       83       81       79       78       77       77       78       79       81       84       87       91       97      103      111      121      133      148      166      188      216      251      296      355      432      536      678      878     1163     1584     2222     3213     4782     7254    10951    15742    20469    23585    24922    25714    27378    31264    39335   54866
       26016   51234    57053    24735     9616     4523     2472     1498      979      676      488      365      282      223      180      149      125      106       92       80       71       64       58       53       49       46       43       41       39       38       37       36       36       36       36       36       37       38       40       42       44       47       50       55       60       66       74       83       95      110      129      154      185      227      284      360      467      617      833     1142     1582     2187     2959     3827     4648     5302     5799     6282     6963     8143    10374   15006
       19237   19131     9055     3958     2008     1157      731      495      352      262      201      158      128      106       89       76       66       58       52       46       42       39       36       34       32       31       30       29       28       28       28       28       29       29       30       31       33       35       37       40       44       49       54       61       69       80       94      112      135      166      208      266      348      465      634      877     1213     1635     2069     2384     2489     2420     2282     2158     2094     2112     2237     2514     3039     4034     6066   10652
        6633    5081     3940     3081     2419     1902     1495     1176      927      735      586      471      382      313      259      217      184      157      136      118      104       93       83       75       69       63       59       55       52       49       47       46       44       43       43       42       42       43       43       44       46       48       50       52       56       60       65       71       78       86       97      110      126      147      173      207      251      310      390      501      659      891     1241     1789     2675     4135     6485     9757    12714    13195    11249    8726
        4914    5586     5830     5421     4516     3495     2617     1953     1474     1132      887      709      578      479      403      345      298      262      232      209      189      173      160      149      141      133      127      123      119      117      115      114      114      114      116      118      121      125      130      137      144      153      163      175      189      205      224      247      272      302      336      375      419      468      524      585      653      726      805      889      981     1080     1190     1314     1458     1630     1841     2105     2444     2881     3442    4137
        3797    4264     4247     3673     2847     2091     1520     1119      842      649      512      414      341      286      244      211      185      165      148      135      124      116      109      103       99       95       93       91       90       90       90       91       93       96      100      105      110      117      126      136      148      163      180      201      226      256      291      333      382      438      501      569      641      711      777      835      882      919      948      971      994     1021     1056     1105     1173     1266     1395     1571     1814     2147     2595    3167
        3296    2244     1331      808      522      358      259      195      152      122      100       84       72       63       56       50       45       42       39       37       35       33       32       32       31       31       32       32       33       34       36       37       40       43       47       51       57       64       72       83       96      113      134      159      191      229      271      316      357      388      404      405      394      375      355      335      320      308      302      301      307      320      342      375      426      500      614      794     1090     1597     2430    3350
        2731    2286     1653     1146      807      588      444      347      279      231      195      168      148      132      120      110      103       97       92       89       87       86       86       86       88       90       94       98      104      111      120      131      144      159      178      201      227      257      290      324      356      383      401      408      403      389      368      345      321      299      280      264      252      242      236      233      233      237      244      256      273      296      328      373      433      519      641      822     1093     1497     2051    2599
         849     739      618      507      415      342      285      241      207      180      159      143      130      120      112      105      101       97       95       94       93       94       96       99      103      109      116      125      137      152      171      195      226      265      316      381      464      566      681      795      879      906      869      787      687      590      506      438      384      342      310      285      267      254      245      241      240      243      250      262      278      300      330      369      419      483      562      657      761      857      917     916
         459     471      469      454      427      392      353      315      280      248      221      198      179      163      150      139      131      124      119      115      112      111      110      111      113      116      121      128      136      147      160      178      200      229      267      317      384      475      599      767      988     1247     1489     1609     1546     1344     1103      888      717      589      494      423      370      331      301      278      262      250      242      238      238      240      246      255      267      282      302      325      351      380      410     437
         221     263      314      371      424      458      460      428      375      316      263      218      183      155      134      117      104       94       86       80       76       73       71       69       69       70       71       74       78       83       90       99      111      128      150      181      225      291      391      552      817     1238     1746     1934     1571     1073      716      497      362      277      220      181      153      133      118      107       99       93       89       86       84       84       85       88       91       97      104      113      125      141      161     187
          87      96      105      116      127      136      144      149      149      145      138      129      119      108       99       90       83       77       71       67       64       61       60       59       58       59       60       62       65       69       74       82       91      104      122      146      180      232      311      440      660     1033     1549     1815     1470      960      613      410      291      218      170      137      114       98       86       76       69       64       60       57       55       54       53       53       54       55       57       60       63       68       73      79
         165     157      146      134      123      112      101       92       84       78       72       67       63       60       57       55       54       53       53       53       54       55       57       60       63       68       74       81       91      103      119      140      168      207      262      339      449      603      794      976     1051      970      796      620      479      377      303      251      213      185      164      148      137      128      121      117      115      113      114      115      118      122      127      133      140      148      156      163      169      173      174     171
         106     107      108      109      111      112      113      113      114      114      113      113      112      110      109      107      106      105      103      103      102      102      102      103      104      106      109      113      118      124      131      141      152      166      184      205      232      265      306      357      417      488      563      633      684      700      677      621      549      475      406      348      299      260      228      202      182      165      151      140      131      124      119      114      110      108      106      105      104      104      104     105
         113     123      133      142      148      150      148      142      133      122      111      100       90       81       74       68       62       58       55       52       50       48       47       47       47       48       49       51       54       58       63       70       78       90      105      126      156      201      269      379      567      898     1421     1865     1672     1124      710      468      328      244      189      153      127      109       96       86       79       73       69       66       64       63       63       64       66       68       71       75       81       87       94     103
         166     155      142      129      116      104       93       84       75       68       62       57       52       49       46       43       41       40       39       38       38       38       38       38       39       41       43       45       48       52       57       63       71       80       93      109      131      161      201      258      339      453      607      790      948      996      913      761      609      486      395      328      279      244      217      198      184      174      167      162      160      160      161      164      168      172      177      181      183      184      181     175
         130     152      177      203      223      231      224      204      177      150      126      105       89       76       66       58       52       47       44       41       38       37       36       35       35       35       36       37       39       41       45       49       55       62       72       86      105      134      177      245      362      570      933     1383     1444     1031      642      411      281      204      156      125      103       88       77       69       63       59       56       53       52       52       52       54       56       59       63       68       75       85       96     111
          51      51       52       53       54       55       57       58       59       60       61       62       63       63       64       64       65       65       65       66       66       67       68       69       71       73       75       79       82       87       93      100      109      119      132      149      168      193      222      257      296      337      374      398      403      386      352      310      266      227      193      165      143      124      110       98       88       80       73       68       64       60       57       55       53       52       51       50       50       50       50      50
          38      40       42       44       47       50       53       56       60       63       67       69       71       72       73       72       70       68       66       63       61       58       56       54       53       51       51       50       51       51       53       55       57       61       65       71       79       88      101      117      138      165      198      238      280      315      331      319      284      240      197      161      132      110       92       79       69       61       54       49       45       42       40       38       37       36       35       35       35       35       36      37
          35      38       41       44       49       54       59       64       70       75       78       80       80       78       75       70       65       60       56       51       48       45       42       40       39       37       37       36       37       37       38       40       42       46       50       55       62       72       84      101      123      154      194      244      295      330      328      290      237      186      146      115       93       77       65       55       48       43       39       36       33       31       30       29       28       28       28       28       29       30       31      33
          68      77       86       94      100      102       98       91       82       72       62       54       47       41       36       32       29       27       25       23       22       21       21       20       20       21       21       22       23       24       26       29       32       36       41       48       58       71       90      115      151      198      249      286      285      249      200      155      121       96       78       65       55       48       43       39       36       34       32       31       30       30       30       31       32       34       36       39       43       47       53      60
         112     101       87       74       62       52       44       37       32       28       25       22       20       19       18       17       16       15       15       15       15       15       15       16       16       17       18       20       22       25       28       33       39       47       58       75       99      134      188      264      350      400      373      297      222      165      127      100       82       69       60       53       48       45       42       41       40       40       40       42       44       46       50       55       61       69       78       89      100      110      117     118
          70      75       79       79       76       71       64       56       49       42       37       32       29       26       23       21       20       18       17       17       16       16       16       16       16       17       17       18       19       21       23       26       30       34       41       50       62       80      108      151      218      313      409      434      364      265      188      137      103       81       66       55       47       42       37       34       32       31       30       29       29       29       30       31       33       35       38       41       46       51       57      63
          21      23       25       28       31       34       37       41       44       47       48       49       48       46       44       41       38       36       33       31       29       28       26       25       25       25       25       25       26       27       28       30       33       37       42       48       57       68       85      107      138      177      218      242      233      197      154      117       89       69       55       45       38       32       28       25       22       20       19       18       17       16       16       15       15       15       16       16       17       18       19      20
          14      15       16       16       18       19       21       22       25       27       31       34       38       42       46       50       52       54       54       53       51       49       46       43       41       38       36       35       34       33       33       33       33       34       35       37       40       44       49       55       64       75       90      109      132      158      179      188      178      153      125       99       78       63       51       42       35       30       26       23       21       19       18       16       15       15       14       14       14       14       14      14
          15      16       17       19       21       23       26       28       30       32       34       35       35       34       33       31       29       27       26       24       23       22       21       20       20       20       20       20       20       21       23       24       26       29       33       38       44       53       64       77       94      110      122      123      113       96       78       62       50       40       33       28       24       20       18       16       15       13       13       12       11       11       11       10       10       11       11       11       11       12       13      14
          22      24       28       32       37       43       50       58       64       69       69       66       61       54       47       41       35       31       27       24       22       20       19       18       17       17       16       16       17       17       18       19       21       23       25       29       33       40       49       63       83      113      159      219      271      273      222      161      114       83       62       48       38       32       27       23       21       19       17       16       15       14       14       14       14       14       14       15       16       17       18      20
          16      17       19       20       22       24       26       29       31       33       34       35       34       33       30       28       25       23       21       19       17       16       14       13       13       12       12       11       11       11       11       11       12       12       13       14       15       16       18       21       25       29       36       45       58       76      101      133      163      175      159      128       98       74       57       46       37       31       26       23       21       19       17       16       15       15       14       14       14       15       15      16
           9       9       10       11       12       14       16       18       21       25       29       34       38       41       42       41       38       34       30       26       22       19       17       15       14       13       12       11       11       10       10       10       10       10       11       11       12       13       15       17       19       23       27       34       42       53       68       82       92       91       80       65       50       39       31       25       21       17       15       13       12       10       10        9        8        8        8        8        8        8        8       8
           9       9        8        8        9        9        9       10       10       11       12       13       14       16       18       20       23       27       31       35       39       43       45       46       45       42       39       35       32       29       26       24       22       21       20       19       19       18       18       19       19       20       21       23       25       28       31       35       41       48       55       64       70       74       73       67       59       50       41       34       28       24       20       18       16       14       12       11       11       10        9       9
          12      13       15       16       18       21       23       26       29       32       35       38       40       41       41       40       38       36       35       33       31       29       28       27       26       26       26       26       26       27       28       29       30       32       33       35       37       39       40       40       40       38       36       33       30       27       24       22       19       17       15       14       13       12       11       10       10        9        9        8        8        8        8        8        8        8        9        9        9       10       11      11
           7       7        8        9       10       11       13       15       18       22       27       34       41       49       55       59       58       53       46       40       34       29       25       22       20       18       17       16       15       15       15       15       15       16       17       18       19       22       24       28       32       38       44       49       54       55       52       47       40       33       27       22       18       15       13       11       10        9        8        7        7        6        6        6        6        5        5        5        6        6        6       6
          14      14       15       15       16       16       17       18       19       19       20       20       21       21       21       21       21       21       21       20       20       20       19       19       19       18       18       18       18       18       18       19       19       19       20       20       21       22       23       23       24       25       25       26       26       26       26       25       24       24       23       21       20       19       18       17       16       16       15       14       14       13       13       13       13       12       12       12       12       13       13      13
           9      10       10       10       10       11       11       12       13       14       15       17       18       20       22       25       27       29       31       33       34       34       34       33       31       30       28       26       25       23       22       21       21       20       20       20       20       20       21       21       22       23       25       27       29       31       33       35       37       38       39       39       37       35       32       29       26       24       21       19       17       16       14       13       12       12       11       10       10       10       10       9
           3       4        4        4        4        5        5        6        7        8        9       11       13       16       20       26       33       41       48       50       48       42       35       28       23       19       16       14       13       11       10       10        9        9        9        9        9        9       10       10       11       12       13       15       16       18       20       22       23       23       22       21       18       16       14       12       10        8        7        6        6        5        5        4        4        4        4        3        3        3        3       3
          14      16       17       19       20       22       22       23       23       22       22       21       20       19       18       18       17       17       17       17       17       17       18       18       19       20       22       23       25       27       28       30       30       30       29       28       26       23       20       18       16       14       12       11       10        9        8        7        7        6        6        6        6        5        5        5        5        5        5        5        6        6        6        6        7        7        8        9       10       11       12      13
          15      15       15       15       15       15       15       15       14       14       14       13       13       12       12       11       11       11       10       10       10       10        9        9        9        9        9        9        9        9        9        9       10       10       10       10       11       11       12       12       13       13       13       14       14       15       15       15       16       16       16       16       16       16       16       15       15       15       15       15       15       15       15       15       15       15       15       15       15       15       15      15
          12      11       11       11       10       10        9        8        8        7        6        6        6        5        5        5        4        4        4        4        4        4        4        4        4        4        4        4        5        5        5        6        6        7        8        8        9       10       11       12       13       13       14       14       13       13       12       12       11       10       10        9        9        8        8        8        8        7        7        7        8        8        8        8        9        9        9       10       10       11       11      11
           5       5        5        5        6        6        6        7        7        7        8        8        8        8        8        8        7        7        6        6        5        5        5        4        4        4        4        4        3        3        3        3        3        3        3        4        4        4        4        4        5        5        5        6        6        7        8        8        9        9        9        9        9        9        9        8        8        7        7        6        6        6        5        5        5        5        5        4        4        4        5       5
           4       4        4        4        4        4        4        4        4        5        5        6        7        8       10       12       14       17       21       24       26       26       23       20       16       13       10        9        7        6        5        4        4        4        3        3        3        3        3        3        3        3        3        3        3        3        3        3        4        4        4        5        6        6        7        8        8        9        9        9        9        9        8        7        7        6        6        5        5        4        4       4
           7       7        7        7        8        8        9        9       10       10       11       11       12       12       12       12       12       12       11       11       10       10        9        9        9        8        8        8        7        7        7        7        7        7        7        7        7        8        8        8        8        9        9       10       10       10       11       11       11       11       11       11       11       10       10       10        9        9        8        8        7        7        7        7        7        6        6        6        6        6        6       6
           3       3        3        3        4        4        5        5        6        7        9       11       13       17       21       26       30       33       33       30       26       21       18       15       12       11        9        8        8        7        6        6        6        6        6        6        6        6        6        7        7        7        8        8        9        9       10       10       10        9        9        8        7        7        6        5        5        4        4        4        3        3        3        3        3        2        2        2        2        2        2       3
           2       3        3        3        3        4        4        5        6        7        9       11       14       16       19       21       21       19       17       14       12       10        9        8        7        6        5        5        5        4        4        4        4        4        4        5        5        6        6        7        8       10       12       14       18       22       26       28       28       25       21       17       13       10        8        7        6        5        4        4        3        3        3        2        2        2        2        2        2        2        2       2
           2       3        3        3        3        3        4        4        4        5        6        6        7        8        9       10       12       13       13       14       14       14       13       13       12       11       10       10        9        9        9        8        8        8        8        8        8        8        9        9        9       10       10       10       10       10       10       10        9        9        8        7        7        6        5        5        4        4        4        3        3        3        3        3        2        2        2        2        2        2        2       2
           2       3        3        4        4        5        6        7        9       10       11       11       11       10        9        8        7        6        5        4        4        3        3        3        3        3        3        2        2        3        3        3        3        3        3        4        4        5        6        7        8       10       12       13       14       14       13       11        9        7        6        5        4        4        3        3        2        2        2        2        2        2        2        2        1        2        2        2        2        2        2       2
           1       1        2        2        2        2        3        3        4        4        5        7        8       10       12       13       15       15       14       13       11       10        9        8        7        6        6        5        5        5        5        5        5        5        5        6        6        7        7        8        9       11       12       13       13       13       12       11        9        8        6        5        4        4        3        3        2        2        2        2        1        1        1        1        1        1        1        1        1        1        1       1
           4       4        4        4        4        4        4        5        5        5        5        5        5        6        6        6        6        7        7        7        7        7        7        7        6        6        6        6        5        5        5        4        4        4        4        4        3        3        3        3        3        3        3        3        3        3        3        3        3        3        4        4        4        4        4        4        4        5        5        5        5        5        5        5        5        5        5        5        5        4        4       4
           2       2        2        2        3        3        4        4        5        6        8       10       13       16       20       23       23       20       17       13       10        8        6        5        4        4        3        3        3        2        2        2        2        2        2        2        2        2        2        2        3        3        3        4        4        5        6        7        8        9       10       11       10       10        8        7        6        5        5        4        3        3        3        2        2        2        2        2        2        2        2       2
           2       2        3        3        4        4        5        5        6        6        6        6        6        6        5        5        4        4        4        3        3        3        3        3        3        3        3        3        3        3        3        3        3        4        4        5        5        6        7        7        8        8        8        8        7        7        6        5        4        4        3        3        2        2        2        2        2        1        1        1        1        1        1        1        1        1        1        1        2        2        2       2
