SWAN 1
LOCATIONS
     1
     681726.07 2033118.57
AFREQ
     56
     0.0300
     0.0400
     0.0500
     0.0600
     0.0700
     0.0800
     0.0900
     0.1000
     0.1100
     0.1200
     0.1300
     0.1400
     0.1500
     0.1600
     0.1700
     0.1800
     0.1900
     0.2000
     0.2100
     0.2200
     0.2300
     0.2400
     0.2500
     0.2600
     0.2700
     0.2800
     0.2900
     0.3000
     0.3100
     0.3200
     0.3300
     0.3400
     0.3500
     0.3600
     0.3700
     0.3800
     0.3900
     0.4000
     0.4100
     0.4200
     0.4300
     0.4400
     0.4500
     0.4600
     0.4700
     0.4800
     0.4900
     0.5000
     0.5100
     0.5200
     0.5300
     0.5400
     0.5500
     0.5600
     0.5700
     0.5800
NDIR
     72
     5.0000
     10.0000
     15.0000
     20.0000
     25.0000
     30.0000
     35.0000
     40.0000
     45.0000
     50.0000
     55.0000
     60.0000
     65.0000
     70.0000
     75.0000
     80.0000
     85.0000
     90.0000
     95.0000
     100.0000
     105.0000
     110.0000
     115.0000
     120.0000
     125.0000
     130.0000
     135.0000
     140.0000
     145.0000
     150.0000
     155.0000
     160.0000
     165.0000
     170.0000
     175.0000
     180.0000
     185.0000
     190.0000
     195.0000
     200.0000
     205.0000
     210.0000
     215.0000
     220.0000
     225.0000
     230.0000
     235.0000
     240.0000
     245.0000
     250.0000
     255.0000
     260.0000
     265.0000
     270.0000
     275.0000
     280.0000
     285.0000
     290.0000
     295.0000
     300.0000
     305.0000
     310.0000
     315.0000
     320.0000
     325.0000
     330.0000
     335.0000
     340.0000
     345.0000
     350.0000
     355.0000
     360.0000
QUANT
     1
VaDens
m2/Hz/degr
     -999.000000
FACTOR
     1.00000E-06
          82      98      122      157      203      251      267      229      166      113       76       53       38       28       22       17       14       11       10        8        7        6        5        5        4        4        4        4        3        3        3        3        3        3        3        3        3        3        3        4        4        4        4        5        5        6        7        8        9       10       12       14       17       20       23       28       33       38       42       47       49       51       52       52       52       52       52       53       55       58       63      71
         539     561      576      583      584      578      566      548      524      494      460      423      383      343      304      268      235      205      179      157      138      121      107       95       85       77       70       64       58       54       50       47       45       42       41       39       38       37       36       36       36       36       36       37       38       39       40       42       44       46       49       53       57       62       68       75       83       93      104      118      134      154      176      203      233      268      306      348      391      433      474     509
        4185    1999     1131      718      494      360      275      217      176      147      125      108       95       85       77       70       65       61       57       55       53       51       50       49       49       49       49       50       51       52       54       56       59       62       65       69       74       79       84       91       97      104      111      118      126      133      140      147      153      160      166      173      179      187      196      206      219      235      256      282      317      364      429      522      662      884     1270     2021     3741     8341    15300   10196
      520786   30502     9285     4419     2568     1675     1180      878      682      548      453      383      331      291      260      236      217      202      191      182      175      171      168      167      168      170      174      180      188      199      213      229      250      276      309      349      400      463      543      644      768      920     1098     1290     1474     1618     1690     1679     1601     1483     1354     1232     1126     1040      973      925      894      881      884      905      947     1015     1117     1265     1484     1816     2344     3251     5010     9172    23912  227922
      263577   45294    18193     9684     5973     4041     2916     2207     1734     1405     1167      991      858      755      675      612      562      522      491      466      448      434      425      420      419      422      429      440      455      476      502      534      574      624      684      758      849      959     1095     1262     1464     1709     1999     2332     2695     3064     3399     3656     3803     3833     3764     3632     3471     3312     3173     3067     3001     2981     3012     3102     3265     3520     3900     4462     5303     6610     8769    12693    21020    44474   179098 3465970
      169148   42683    18988    10648     6791     4705     3455     2652     2107     1721     1439     1228     1066      940      841      761      697      645      604      570      542      521      504      492      483      478      476      477      481      488      498      512      528      547      569      595      624      657      693      733      776      822      871      923      976     1032     1089     1147     1206     1267     1331     1398     1470     1550     1641     1745     1869     2019     2203     2436     2735     3128     3659     4402     5486     7159     9944    15126    26616    61829   311607 1474870
       89716   27976    13377     7782     5070     3558     2633     2028     1611     1314     1094      927      799      697      616      551      498      454      417      387      361      340      322      307      295      285      276      270      265      262      260      259      259      261      264      268      274      280      289      298      309      322      337      354      373      395      419      447      479      515      556      603      658      721      795      882      987     1113     1269     1464     1714     2040     2482     3101     4010     5428     7835    12442    23142    58915   347640  664569
       34486   13228     6800     4082     2696     1900     1404     1075      848      685      565      473      403      348      304      268      239      216      196      180      166      155      145      137      131      125      121      117      114      112      111      110      110      110      112      114      116      119      123      128      134      141      149      158      169      181      196      212      232      254      281      312      348      391      442      504      578      668      781      922     1103     1342     1666     2123     2800     3870     5725     9396    18404    51314   223318  156189
       68054   91386    13354     4152     1917     1072      672      455      326      243      188      150      122      102       87       75       65       58       52       47       44       41       38       36       35       33       33       32       32       32       32       33       33       35       36       38       41       44       48       52       58       65       74       86      100      119      144      178      224      287      377      507      695      960     1306     1687     1983     2077     1976     1784     1592     1442     1344     1299     1307     1376     1527     1802     2302     3283     5567   13159
       46187   24020     8765     3899     2065     1230      796      547      394      295      227      180      146      121      101       87       75       66       59       53       48       44       41       39       36       35       33       32       32       31       31       31       32       32       33       34       36       38       40       43       47       51       57       64       72       82       96      113      135      163      202      255      329      434      586      813     1151     1650     2340     3164     3910     4326     4377     4243     4119     4128     4362     4943     6137     8628    14493   29951
       12374    9466     6491     4293     2861     1957     1381     1004      751      576      452      362      295      245      206      176      152      133      118      106       95       87       80       75       70       66       63       61       59       57       56       56       56       56       57       58       59       61       64       67       71       76       82       89       98      108      121      136      155      178      207      243      289      347      423      520      646      811     1026     1304     1660     2105     2650     3299     4059     4946     5998     7286     8891    10821    12737   13621
        3585    4343     4226     3264     2229     1491     1024      731      542      416      328      266      220      186      160      140      124      112      102       94       87       82       78       75       72       71       70       69       69       70       71       73       76       79       83       89       95      102      111      122      134      149      167      187      211      238      268      300      335      369      401      429      451      467      478      484      487      490      494      500      512      529      556      593      646      719      822      968     1179     1493     1965    2667
        3803    2270     1462     1013      746      576      462      383      326      284      252      228      210      195      185      177      171      168      166      166      167      170      174      180      187      195      204      215      226      237      247      256      263      268      269      267      261      254      244      233      222      211      201      192      184      177      172      167      165      164      164      166      169      175      183      194      208      227      251      283      325      382      462      576      748     1017     1470     2288     3841     6440     8209    6386
        2853    2232     1701     1298     1005      794      639      526      440      375      324      284      253      227      207      190      176      165      156      149      143      139      135      133      132      131      131      132      134      137      140      145      150      155      162      170      178      188      198      209      220      233      245      259      272      286      300      314      328      343      358      375      393      413      435      462      494      532      578      636      708      801      920     1077     1285     1563     1933     2407     2954     3445     3646    3409
        1842    2236     2028     1449      955      639      447      328      250      198      162      135      116      101       90       82       75       70       66       63       61       60       59       59       60       62       64       67       72       77       84       93      104      118      136      159      188      225      272      329      392      452      496      509      489      445      391      339      293      255      224      201      182      168      158      151      146      144      145      148      153      162      175      193      217      251      299      368      471      631      887    1293
         449     481      509      527      531      519      491      452      407      361      318      280      246      218      195      175      159      146      135      126      119      114      109      106      105      104      104      105      107      111      116      122      130      141      154      171      191      218      252      296      353      427      524      647      795      957     1101     1183     1172     1081      948      810      688      588      508      447      399      363      335      314      300      290      285      284      286      293      303      317      336      359      386     416
         183     211      245      288      338      392      442      477      485      463      420      367      315      269      230      199      174      154      139      127      118      111      105      102      100       99      100      102      105      110      118      128      141      159      183      216      263      330      433      595      867     1336     2101     2906     2860     2027     1284      834      574      418      320      255      209      177      154      136      123      114      106      101       97       95       94       95       97      100      104      111      119      129      143     161
         224     233      239      241      240      234      224      212      198      185      171      159      147      137      129      121      115      111      107      105      103      103      103      105      108      112      118      125      135      148      165      187      217      256      311      387      500      671      938     1362     1985     2654     2845     2351     1675     1161      827      614      474      380      314      267      233      207      187      172      161      153      147      144      142      141      142      145      149      155      162      170      180      190      202     213
         333     350      351      334      303      266      228      193      164      140      121      105       93       83       75       69       64       60       57       55       53       52       52       52       53       55       57       60       64       69       76       85       96      112      132      161      201      260      351      498      748     1183     1857     2436     2236     1558     1014      685      490      370      292      240      204      178      160      146      136      130      126      124      124      126      130      137      145      157      172      191      214      242      273     305
         136     151      163      169      168      158      144      127      111       96       83       72       64       57       51       47       43       40       38       37       36       35       35       35       36       37       39       41       44       48       54       61       71       84      102      129      170      234      343      538      895     1403     1590     1174      721      451      302      216      164      129      106       90       78       69       63       58       55       53       51       50       50       51       53       55       58       62       68       75       83       94      106     120
         150     138      125      114      103       93       84       77       70       65       60       57       53       51       49       47       46       46       45       46       46       47       49       51       53       57       61       66       72       79       89      100      114      131      152      176      204      234      263      287      302      305      296      279      256      233      211      191      174      160      149      140      133      128      125      123      122      123      125      128      132      137      143      150      158      165      170      174      176      174      168     160
         140     132      123      115      107       99       92       85       80       75       71       67       64       62       60       59       58       58       58       59       60       62       65       68       72       78       85       93      104      118      136      158      188      227      279      348      438      550      672      777      825      795      707      597      495      410      343      292      253      223      200      183      169      159      151      145      142      139      139      139      140      142      145      148      152      155      157      158      158      156      152     146
         208     214      215      210      200      186      170      153      137      122      109       98       88       80       74       68       64       60       57       55       54       53       52       52       53       54       56       59       62       66       72       79       89      101      117      138      167      208      265      350      478      671      946     1259     1435     1326     1043      770      570      433      341      277      232      200      176      159      146      137      130      126      123      123      124      126      130      136      144      153      163      174      187     198
         183     194      196      187      171      151      130      111       95       81       70       61       54       48       44       40       38       35       34       32       32       31       31       31       32       33       35       37       39       43       48       54       62       72       87      108      138      183      256      378      595      964     1398     1446     1052      673      440      306      226      175      141      118      102       90       81       75       71       68       66       66       66       67       70       73       78       85       93      104      117      132      149     167
          44      46       49       53       56       60       64       68       72       75       78       79       80       80       79       78       76       74       72       70       68       66       65       65       65       65       66       68       70       74       78       84       91      100      111      124      140      160      181      204      225      240      244      236      218      193      167      143      122      104       90       78       69       61       55       50       46       43       41       39       37       36       35       35       35       35       35       36       37       38       40      42
          61      68       74       81       86       89       89       88       84       78       72       66       60       55       50       46       43       41       39       37       36       35       35       36       36       37       39       42       45       49       55       63       73       86      105      131      167      218      286      361      415      411      352      275      208      158      123       98       80       67       57       50       44       40       37       34       33       31       30       30       30       30       30       31       32       34       36       39       42       46       50      55
          46      46       46       47       47       47       46       46       46       45       45       44       44       43       42       42       42       41       41       41       42       42       43       44       45       47       49       51       54       58       63       69       75       84       94      106      121      138      158      180      202      221      234      238      232      217      198      176      155      136      120      106       95       85       77       71       65       61       57       54       52       50       49       47       47       46       46       45       45       45       45      46
          45      46       47       48       48       49       48       48       47       46       44       43       41       40       38       37       36       35       34       34       33       33       33       34       35       36       38       40       42       46       50       56       63       72       84       99      120      147      184      231      286      339      371      366      327      272      220      176      143      117       98       84       73       64       58       52       48       45       43       41       39       38       38       37       37       38       38       39       40       41       42      44
          48      51       54       57       60       63       66       69       71       73       74       74       73       72       71       69       67       65       63       62       60       59       59       58       59       59       61       62       65       69       73       79       86       96      107      122      141      164      193      226      261      293      313      314      295      262      224      188      158      132      112       96       84       74       66       60       55       50       47       45       43       41       40       40       39       39       40       40       41       43       44      46
          42      44       46       48       50       52       53       54       55       55       54       53       52       50       48       47       45       43       42       40       39       38       38       38       38       38       39       40       42       44       47       51       56       62       70       80       92      109      130      156      189      226      262      285      288      268      234      196      162      134      111       94       80       70       61       55       50       46       43       40       38       37       36       35       35       35       35       36       36       38       39      40
          29      31       33       35       38       40       43       46       49       51       53       54       54       53       52       50       48       46       44       41       40       38       37       36       35       35       35       35       35       36       38       40       43       46       50       55       62       70       80       92      106      122      136      148      152      148      137      122      106       90       77       66       57       49       44       39       35       32       30       28       26       25       24       24       24       23       24       24       24       25       26      27
          29      32       34       37       40       43       46       48       49       50       50       49       47       44       42       39       37       34       32       31       29       28       27       27       26       26       27       27       28       30       32       34       37       42       47       54       64       77       94      118      148      186      224      248      244      215      175      138      109       86       70       58       49       42       37       33       29       27       25       24       23       22       21       21       21       21       22       22       23       24       26      27
          24      25       27       29       31       33       35       36       36       36       36       35       33       31       29       27       26       24       23       22       21       20       19       19       19       19       19       19       20       21       22       24       26       29       33       38       44       53       64       78       97      120      144      162      165      153      130      106       85       68       56       46       39       34       30       26       24       22       20       19       18       18       17       17       17       17       18       18       19       20       21      22
          18      19       20       22       23       25       28       30       33       35       37       38       38       37       36       34       31       29       26       24       22       20       19       17       16       16       15       15       14       14       14       14       15       15       16       17       18       20       22       24       27       31       36       42       49       56       64       70       73       73       68       62       54       47       41       35       31       27       24       22       20       19       18       17       16       16       15       15       15       16       16      17
          11      12       14       16       18       21       26       32       40       51       64       79       91       93       86       72       58       47       38       31       26       22       19       17       16       14       14       13       13       12       12       13       13       14       15       16       18       20       24       29       35       45       60       83      118      164      202      197      154      108       75       53       40       31       24       20       17       15       13       12       11       10        9        9        9        8        8        8        9        9       10      10
          10      11       12       13       15       17       19       22       26       30       35       40       45       49       50       48       45       40       35       31       27       24       21       19       17       16       15       14       14       14       13       14       14       14       15       16       18       20       23       27       32       39       51       67       93      132      183      223      216      167      117       81       58       43       33       27       22       19       16       14       13       12       11       10       10        9        9        9        9        9        9      10
          12      12       13       14       14       15       17       18       19       21       22       24       25       26       26       26       26       25       24       23       21       20       19       18       17       16       16       16       15       15       15       15       16       16       17       18       20       22       24       27       30       35       40       46       54       61       68       72       72       68       61       53       45       38       32       28       24       21       19       17       15       14       13       12       12       11       11       11       11       11       11      11
          18      19       20       21       22       24       25       27       28       29       30       30       29       29       27       26       25       23       22       20       19       18       17       16       16       15       15       15       15       15       15       15       16       16       17       18       19       21       23       25       28       31       34       38       41       45       47       48       47       46       43       40       36       33       29       27       24       22       21       19       18       17       16       16       15       15       15       15       15       16       16      17
          20      21       21       21       22       22       22       22       22       22       21       21       21       20       20       19       19       18       18       17       17       17       17       17       17       17       17       18       18       19       20       20       22       23       24       26       28       30       32       34       36       38       39       40       40       40       39       37       36       34       32       30       28       26       25       23       22       21       20       20       19       19       18       18       18       18       18       18       19       19       19      20
          15      16       17       18       19       20       21       22       22       22       21       20       20       19       18       17       17       16       15       15       15       15       14       15       15       15       16       16       17       19       20       22       24       27       30       33       37       40       43       45       45       44       41       38       34       30       26       23       20       18       16       15       13       12       12       11       10       10       10       10        9        9        9       10       10       10       11       11       12       12       13      14
           7       7        8        8        9       10       11       13       15       17       19       22       25       27       28       29       29       27       25       23       21       19       17       15       14       13       13       12       12       11       11       11       11       12       12       13       14       15       17       19       21       24       27       30       33       35       36       35       33       29       25       22       19       16       14       12       11        9        9        8        7        7        6        6        6        6        6        6        6        6        6       6
           5       5        6        7        8       10       13       17       21       27       33       36       36       32       26       21       17       14       11        9        8        7        6        6        5        5        5        5        5        5        5        5        5        6        7        7        9       10       12       16       20       27       37       49       61       63       53       40       29       21       15       12        9        8        6        5        5        4        4        4        3        3        3        3        3        3        3        3        3        3        4       4
           7       7        8        9        9       10       12       13       15       17       19       21       24       25       26       26       25       23       20       18       16       14       13       12       10       10        9        8        8        8        8        7        7        8        8        8        9        9       10       11       12       14       16       19       22       27       32       37       41       44       43       40       35       30       25       21       17       15       13       11       10        9        8        8        7        7        7        7        7        7        7       7
           5       5        6        6        7        8       10       12       14       17       21       26       31       36       39       40       37       33       29       24       21       18       16       14       13       12       11       10       10       10       10       10       11       11       12       13       15       17       20       24       30       38       48       58       66       67       60       48       37       28       22       17       14       11        9        8        7        6        5        5        5        4        4        4        4        4        4        4        4        4        4       4
           4       4        5        5        6        7        8        9       10       12       15       18       21       24       26       28       27       26       24       21       19       17       15       13       12       11       11       10       10       10       10       10       11       11       12       13       14       16       18       20       23       26       28       29       29       27       24       20       17       14       12       10        8        7        6        5        5        4        4        4        3        3        3        3        3        3        3        3        3        3        3       4
           7       8        9       10       11       12       13       14       14       14       14       13       12       11       10        9        8        8        7        7        6        6        6        6        6        6        6        6        6        6        7        7        8        8        9       10       11       13       14       15       16       17       17       16       15       13       12       11        9        8        7        6        6        5        5        5        4        4        4        4        4        4        4        4        4        4        4        5        5        5        6       6
           6       7        7        8        9       10       11       13       14       15       16       17       17       16       15       14       12       11       10        9        8        8        7        7        6        6        6        6        6        6        6        6        6        7        7        8        8        9       10       12       13       15       16       18       19       20       20       19       17       16       14       12       11        9        8        7        7        6        6        5        5        5        5        4        4        4        4        5        5        5        5       6
           6       7        8        9       10       11       12       14       15       16       17       17       17       16       15       14       12       11       10        9        9        8        7        7        7        7        6        6        6        6        6        7        7        7        8        8        9        9       10       11       11       12       12       12       12       12       11       10        9        9        8        7        6        6        5        5        5        4        4        4        4        4        4        4        4        4        4        4        5        5        5       6
           7       7        7        7        8        8        8        9        9       10       10       11       11       12       12       12       13       13       12       12       12       11       10       10        9        9        8        8        7        7        7        6        6        6        6        6        6        6        6        6        6        6        6        6        6        6        7        7        7        7        8        8        8        8        8        8        8        8        8        8        8        7        7        7        7        7        7        7        7        7        7       7
           4       4        5        5        6        7        8       10       12       15       17       19       20       19       17       14       11        9        7        6        5        4        4        3        3        3        3        2        2        2        2        2        2        2        2        2        3        3        3        3        4        5        5        6        8        9       11       13       15       17       17       16       14       12       10        9        7        6        5        5        4        4        4        3        3        3        3        3        3        3        3       3
           5       6        6        7        8        9        9       10       10       10       10        9        9        8        7        6        6        5        5        4        4        4        3        3        3        3        3        3        3        3        3        3        3        3        4        4        4        5        5        6        6        7        8        8        9        9       10        9        9        8        8        7        7        6        5        5        5        4        4        4        4        4        3        3        3        3        4        4        4        4        4       5
           6       7        8        9       10       11       12       13       13       14       15       15       15       15       15       14       14       14       13       13       12       12       11       11       10       10        9        9        8        8        7        7        6        6        5        5        5        4        4        4        3        3        3        3        2        2        2        2        2        2        2        2        2        2        2        2        2        2        2        2        2        2        2        3        3        3        3        4        4        4        5       6
           3       3        3        3        3        3        3        3        3        3        3        4        4        4        4        4        5        5        5        6        6        7        7        7        7        7        7        7        6        6        6        5        5        4        4        4        4        3        3        3        3        3        3        3        3        3        3        3        3        3        3        3        3        3        4        4        4        4        4        4        4        4        4        4        4        4        4        4        4        4        4       3
           3       3        4        4        5        5        6        7        9       10       13       16       19       23       27       29       29       27       24       20       17       14       12       10        9        8        7        7        6        6        6        5        5        5        5        5        5        6        6        6        7        7        7        8        8        8        8        8        8        7        7        6        6        5        5        4        4        4        3        3        3        3        3        3        3        3        3        3        3        3        3       3
           5       5        4        4        4        4        5        5        5        5        5        6        6        6        7        8        8        9        9       10       10       10       10       10        9        9        8        7        7        6        6        5        5        4        4        4        4        4        3        3        3        3        3        3        4        4        4        4        4        5        5        5        6        6        7        7        8        8        9        9        9        9        8        8        8        7        7        6        6        5        5       5
           2       2        2        3        3        3        4        4        4        5        5        5        5        5        5        5        4        4        3        3        3        2        2        2        2        2        2        1        1        1        1        1        1        1        1        1        1        1        2        2        2        2        2        2        2        3        3        3        3        3        3        3        3        3        3        3        3        2        2        2        2        2        2        2        2        2        2        2        2        2        2       2
