SWAN 1
LOCATIONS
     1
     681726.07 2033118.57
AFREQ
     56
     0.0300
     0.0400
     0.0500
     0.0600
     0.0700
     0.0800
     0.0900
     0.1000
     0.1100
     0.1200
     0.1300
     0.1400
     0.1500
     0.1600
     0.1700
     0.1800
     0.1900
     0.2000
     0.2100
     0.2200
     0.2300
     0.2400
     0.2500
     0.2600
     0.2700
     0.2800
     0.2900
     0.3000
     0.3100
     0.3200
     0.3300
     0.3400
     0.3500
     0.3600
     0.3700
     0.3800
     0.3900
     0.4000
     0.4100
     0.4200
     0.4300
     0.4400
     0.4500
     0.4600
     0.4700
     0.4800
     0.4900
     0.5000
     0.5100
     0.5200
     0.5300
     0.5400
     0.5500
     0.5600
     0.5700
     0.5800
NDIR
     72
     5.0000
     10.0000
     15.0000
     20.0000
     25.0000
     30.0000
     35.0000
     40.0000
     45.0000
     50.0000
     55.0000
     60.0000
     65.0000
     70.0000
     75.0000
     80.0000
     85.0000
     90.0000
     95.0000
     100.0000
     105.0000
     110.0000
     115.0000
     120.0000
     125.0000
     130.0000
     135.0000
     140.0000
     145.0000
     150.0000
     155.0000
     160.0000
     165.0000
     170.0000
     175.0000
     180.0000
     185.0000
     190.0000
     195.0000
     200.0000
     205.0000
     210.0000
     215.0000
     220.0000
     225.0000
     230.0000
     235.0000
     240.0000
     245.0000
     250.0000
     255.0000
     260.0000
     265.0000
     270.0000
     275.0000
     280.0000
     285.0000
     290.0000
     295.0000
     300.0000
     305.0000
     310.0000
     315.0000
     320.0000
     325.0000
     330.0000
     335.0000
     340.0000
     345.0000
     350.0000
     355.0000
     360.0000
QUANT
     1
VaDens
m2/Hz/degr
     -999.000000
FACTOR
     1.00000E-06
         293     279      200      129       85       58       42       32       25       20       17       14       12       11       10        9        8        8        7        7        7        7        7        7        7        7        7        8        8        9        9       10       11       12       13       14       16       17       18       19       20       20       20       20       19       19       18       17       16       15       14       14       14       13       13       13       13       14       14       15       16       18       20       23       27       32       40       52       71      101      151     225
        1105    1122      737      434      271      184      134      103       82       68       59       52       47       43       40       38       37       37       37       37       39       40       43       46       51       56       63       71       81       92      102      111      116      115      108       97       85       73       62       53       45       40       35       31       28       26       24       22       21       20       20       19       19       19       20       20       21       22       24       26       29       33       38       44       53       66       85      114      162      245      403     704
       13730    2984     1170      622      389      269      199      155      126      106       91       80       72       66       62       58       56       55       54       54       55       57       60       63       68       74       82       92      105      122      144      171      205      244      284      317      333      324      295      256      217      182      154      131      113       99       89       80       74       69       66       63       62       61       61       63       65       68       73       79       88       99      115      138      170      219      299      438      719     1415     4003   18758
      227439  828785    23485     7101     3382     1968     1286      908      677      527      425      352      298      258      227      204      185      171      159      151      144      139      136      135      134      135      138      142      148      155      165      178      193      213      238      269      308      358      422      506      613      750      922     1124     1340     1530     1643     1649     1559     1412     1252     1103      977      877      799      741      700      674      662      664      680      712      763      840      953     1119     1372     1775     2468     3814     7019   18538
       54573  815710   516211    38601    12786     6188     3587     2317     1610     1180      902      712      578      480      407      351      308      274      247      226      209      195      184      176      169      165      162      160      160      161      164      169      175      184      194      207      224      244      270      301      341      392      457      541      653      802     1006     1290     1688     2249     3026     4030     5142     6029     6323     5984     5306     4591     3987     3529     3207     3001     2898     2889     2981     3192     3563     4175     5197     7007    10614   19522
       27531  167296   683528    50150    13178     5847     3235     2029     1382      998      753      589      475      392      330      284      248      220      197      180      166      154      145      138      133      129      126      125      125      125      128      131      135      142      150      160      172      188      207      231      261      300      350      414      500      615      775      998     1318     1782     2450     3363     4449     5382     5713     5348     4626     3892     3296     2855     2548     2349     2236     2202     2244     2371     2608     3005     3662     4798     6960   11853
       36796  206874   258714    37595    12154     5777     3309     2119     1462     1065      809      636      513      424      358      307      268      237      212      193      177      164      154      146      139      134      130      128      126      126      127      128      131      135      140      146      155      164      176      191      208      229      254      284      321      365      417      480      555      642      743      855      976     1100     1220     1330     1425     1503     1566     1622     1677     1741     1826     1942     2107     2345     2694     3222     4060     5497     8261   14727
       22926   71209   299091   113536    25067    10001     5206     3132     2065     1452     1070      819      646      522      432      363      311      270      238      212      191      174      160      149      140      132      126      121      117      115      113      112      111      112      113      116      119      123      128      134      141      150      160      173      187      204      224      248      275      307      344      388      438      496      561      636      719      812      914     1026     1150     1288     1445     1629     1853     2136     2510     3031     3802     5027     7177   11550
       23592   96252   268864    52793    14287     6298     3464     2163     1467     1055      794      618      496      408      342      292      254      224      200      181      166      153      143      135      129      124      120      117      116      115      115      116      118      121      125      131      137      145      155      167      181      198      218      242      271      305      346      393      449      514      588      670      758      850      941     1027     1106     1176     1238     1296     1354     1419     1498     1603     1745     1943     2226     2646     3299     4384     6387   10750
       27176   86178   188924    66179    20553     9315     5184     3256     2215     1595     1198      931      744      608      506      429      369      322      284      254      229      209      192      178      166      157      149      142      137      133      130      128      126      126      126      127      128      131      134      138      143      149      157      165      175      186      199      214      232      252      274      300      330      364      404      449      501      561      631      713      810      926     1067     1243     1467     1761     2160     2729     3585     4976     7485   12773
       19998   59088   123284    46498    14646     6592     3640     2273     1539     1105      829      644      515      422      353      301      260      228      203      183      166      153      142      133      126      121      116      113      110      108      108      108      109      110      113      116      120      125      132      139      148      159      171      186      203      223      246      273      303      338      378      423      472      526      584      646      711      780      851      927     1009     1101     1208     1338     1501     1715     2008     2426     3059     4088     5934    9780
        6220    7650    10629    16897    26900    25962    13221     5970     3024     1721     1071      713      500      366      277      215      172      140      116       98       84       73       65       58       52       47       44       41       38       36       35       33       32       32       31       31       31       32       33       34       35       37       39       41       44       48       53       59       66       75       86      100      118      142      174      217      277      363      489      681      981     1468     2270     3550     5312     6961     7553     7078     6295     5703     5449    5585
        8776    8073     7905     8167     8704     9146     8828     7363     5325     3549     2321     1543     1057      748      547      411      317      250      202      166      138      117      101       88       78       69       62       57       52       49       46       43       41       40       39       38       37       37       37       37       38       39       41       42       45       47       51       55       60       66       74       83       95      110      129      153      186      229      289      373      495      677      959     1419     2198     3571     5970     9611    13089    13794    12098   10131
        7124    9674    14594    24546    37671    31824    15606     7333     3869     2271     1446      979      695      514      392      307      246      201      168      142      122      106       94       84       75       69       63       59       55       52       50       48       46       45       45       44       44       45       45       47       48       50       52       55       59       64       69       75       83       93      105      119      138      160      189      226      273      334      415      521      660      843     1079     1376     1736     2148     2593     3056     3537     4070     4731    5661
       22554   24905    16864     9885     6085     4033     2837     2087     1586     1235      980      790      644      531      441      370      313      267      230      199      174      153      136      121      109       99       91       83       77       72       68       64       61       58       56       55       53       52       52       52       52       52       53       54       56       58       61       64       68       72       78       85       93      102      114      128      146      168      195      230      275      334      413      520      670      888     1215     1731     2594     4146     7168   13246
        3969    5069     6926    10152    14741    16193    11034     5860     3135     1812     1130      749      522      379      285      220      174      141      116       97       83       72       63       55       50       45       41       38       35       33       31       30       29       28       27       27       27       27       27       28       28       29       31       32       34       36       39       42       47       52       58       65       74       85      100      118      141      170      209      259      326      414      529      680      871     1105     1379     1684     2011     2362     2761    3262
        5385    7652    11376    15077    13344     7919     4217     2362     1428      924      631      451      334      255      200      160      131      109       92       79       69       61       54       49       44       41       38       35       33       32       31       30       29       28       28       28       28       29       29       30       31       33       34       37       39       42       46       51       57       64       72       82       95      112      132      158      191      235      291      363      457      578      729      913     1131     1377     1647     1942     2277     2687     3240    4061
        1672    1689     1767     1928     2195     2588     3075     3450     3333     2646     1820     1188      781      529      371      270      202      156      123       99       82       68       58       50       44       39       35       31       29       27       25       23       22       21       21       20       20       19       19       20       20       20       21       22       23       24       26       28       30       33       37       42       48       55       64       75       90      110      137      173      223      293      392      532      725      975     1262     1527     1702     1763     1744    1699
        9553    7678     5615     4251     3421     2905     2560     2296     2052     1792     1508     1217      949      724      547      414      316      244      192      153      123      101       84       71       61       53       46       41       37       33       30       28       26       24       23       22       21       21       20       20       20       20       20       20       21       21       22       23       25       27       29       31       34       38       43       49       56       66       78       94      116      145      185      244      331      466      685     1062     1753     3078     5520    8648
        2991    4367     6099     6762     5260     3276     1966     1229      811      562      407      305      235      186      150      124      104       88       76       67       59       53       48       43       40       37       35       33       31       30       29       28       28       27       27       27       28       28       29       30       31       32       34       36       38       41       45       49       53       59       66       74       83       94      108      124      143      165      192      223      260      304      355      414      485      570      675      807      983     1225     1579    2121
        1585    1674     1820     2009     2177     2194     1951     1517     1077      738      507      355      256      189      144      112       89       72       60       50       43       37       32       28       25       23       21       19       18       17       16       15       15       15       14       14       14       14       14       15       15       16       16       17       18       20       22       24       26       29       33       38       44       52       62       75       92      115      147      192      256      347      478      659      896     1163     1404     1555     1604     1588     1558    1550
        3710    3649     2853     2029     1436     1041      778      595      465      369      297      241      197      163      136      114       96       82       70       61       53       46       41       36       33       30       27       25       23       21       20       19       18       17       17       16       16       15       15       15       15       15       16       16       17       17       18       19       20       22       23       25       28       31       35       39       45       52       60       72       86      105      130      165      213      283      387      547      803     1224     1910    2881
        2422    2265     1945     1584     1258      991      782      621      498      402      328      270      224      187      158      135      116      100       87       77       68       61       55       50       46       42       39       36       34       32       31       29       28       28       27       27       26       26       26       27       27       28       28       30       31       32       34       37       39       43       46       51       56       63       71       81       93      108      127      151      181      220      271      339      430      553      721      948     1247     1617     2013    2325
        1034    1275     1633     2116     2572     2593     2041     1363      869      566      382      269      197      149      116       92       75       62       52       45       39       34       30       27       25       23       21       20       19       18       17       17       17       16       16       16       16       17       17       18       19       20       21       22       24       26       29       32       36       41       46       54       63       74       88      106      128      156      191      232      280      333      387      438      485      525      560      596      637      690      765     873
         812     653      555      496      465      454      462      487      527      580      632      660      634      549      433      323      236      173      128       97       75       60       48       40       33       28       24       21       19       17       15       14       13       12       11       11       10       10       10       10        9       10       10       10       10       11       11       12       12       13       15       16       18       20       23       27       32       38       46       58       74       97      132      186      274      422      679     1083     1524     1647     1389    1058
         833     850      861      867      861      835      783      702      601      494      395      310      242      189      150      119       96       79       65       55       47       40       35       31       27       25       22       20       19       18       16       16       15       14       14       14       13       13       13       13       14       14       14       15       16       17       18       19       21       22       25       28       31       35       41       47       55       66       79       96      119      148      186      235      296      372      458      550      638      713      769     808
        1795    2410     2461     1895     1275      845      578      411      302      229      177      140      113       92       77       64       55       47       40       35       31       28       25       22       20       19       17       16       15       14       13       13       12       12       11       11       11       11       11       11       11       11       11       12       12       13       13       14       15       16       17       19       20       22       25       28       32       36       42       48       57       68       82      100      124      158      204      271      371      526      777    1185
         787     740      693      647      599      546      487      422      355      291      235      187      149      119       95       77       63       52       44       37       32       27       24       21       19       17       15       14       13       12       11       11       10       10       10       10        9        9        9       10       10       10       10       11       11       12       13       14       15       17       18       21       23       27       31       36       43       52       64       79      100      129      168      222      297      395      516      646      759      830      848     828
         260     222      198      185      179      179      186      199      219      246      278      307      320      305      261      205      154      114       85       65       50       39       32       26       22       18       16       14       12       11       10        9        8        8        7        7        7        7        6        6        6        6        7        7        7        7        8        8        9       10       11       12       13       15       18       21       26       32       40       51       69       95      138      210      337      549      816      931      788      577      421     322
         504     456      424      404      392      384      373      354      321      277      228      180      139      107       82       64       50       40       32       27       22       19       16       14       12       11       10        9        8        7        7        6        6        6        6        5        5        5        5        5        5        5        6        6        6        6        7        7        8        9       10       11       13       14       17       20       24       29       36       45       59       78      106      148      210      303      428      566      665      683      636     567
         243     195      162      140      124      113      105      101       98       97       97       99      101      103      104      104      102       97       89       80       71       61       52       44       38       32       28       24       21       19       17       15       14       13       12       11       10       10        9        9        9        9        9        9        9        9        9       10       10       11       12       13       14       16       18       21       24       28       34       42       52       67       89      123      174      251      361      479      539      497      402     311
         343     279      237      209      192      181      176      175      177      180      183      183      178      167      149      128      106       86       69       56       45       37       31       26       22       19       16       14       13       11       10        9        9        8        8        7        7        7        7        6        6        6        6        7        7        7        7        8        8        9       10       11       12       14       16       19       22       26       32       40       52       69       94      133      197      303      470      679      803      740      582     441
         299     277      268      272      288      317      358      405      435      417      346      255      177      122       85       61       45       34       27       21       17       14       12       10        9        8        7        6        5        5        5        4        4        4        4        4        3        3        3        3        3        4        4        4        4        4        5        5        5        6        7        8        9       10       12       14       17       21       27       34       46       62       88      128      190      283      398      490      507      459      393     337
         600     390      270      200      157      129      110       96       87       79       74       69       66       62       59       55       52       48       44       39       35       31       28       24       21       19       17       15       13       12       11       10        9        8        8        7        7        6        6        6        6        6        6        6        6        6        6        6        7        7        7        8        9        9       10       12       13       15       18       22       26       33       42       55       75      107      162      261      450      768     1033     900
         177     145      124      111      103      100      100      104      112      124      141      162      181      189      177      146      111       81       58       43       32       24       19       15       12       10        9        7        6        6        5        4        4        4        3        3        3        3        3        3        3        3        3        3        3        3        3        3        3        4        4        4        5        6        6        7        9       10       13       16       20       26       34       47       68      100      150      218      284      305      272     221
         110     103       99       99      103      112      127      152      192      258      364      503      567      449      281      167      104       68       47       34       26       20       16       13       11        9        8        7        6        5        5        4        4        4        4        3        3        3        3        3        3        3        3        3        4        4        4        4        5        5        6        7        8        9       10       12       15       18       23       29       38       51       70       97      131      167      192      195      180      158      138     121
          61      56       52       50       50       51       54       58       65       76       93      117      153      201      243      246      199      139       93       63       45       33       25       19       15       12       10        9        8        7        6        5        5        4        4        4        4        4        4        3        3        3        3        4        4        4        4        4        5        5        6        7        7        9       10       12       15       18       23       30       40       54       75      102      133      156      158      142      119       98       82      70
          37      35       35       35       37       40       44       51       62       78      102      138      181      207      185      134       89       59       40       29       21       16       13       10        9        7        6        5        5        4        4        4        3        3        3        3        3        3        3        3        3        3        3        3        3        3        4        4        5        5        6        7        8       10       12       15       19       25       34       48       69       97      128      146      139      116       92       73       60       50       44      39
          56      52       50       49       50       53       58       66       78       94      116      137      147      135      105       75       52       37       27       20       15       12        9        8        6        5        5        4        3        3        3        3        2        2        2        2        2        2        2        2        2        2        2        2        2        2        2        3        3        3        4        4        5        5        6        8       10       12       15       20       27       37       52       73       98      122      130      121      104       87       73      63
         146     158      171      183      196      208      216      216      206      184      155      124       97       75       57       45       35       28       22       18       15       13       11        9        8        7        6        6        5        5        4        4        4        4        3        3        3        3        3        3        3        3        3        3        3        3        4        4        4        5        5        5        6        7        8        9       10       12       14       16       19       23       28       34       42       51       63       75       89      104      118     132
          65      68       71       76       80       86       91       96       98       97       92       82       70       58       47       37       30       24       20       16       13       11       10        8        7        6        6        5        5        4        4        4        3        3        3        3        3        3        3        3        3        3        3        3        3        3        3        4        4        4        5        5        6        6        7        8        9       11       13       15       17       20       24       28       32       37       42       47       51       55       58      62
          40      36       32       30       28       27       26       26       26       27       28       29       30       32       33       33       32       31       28       24       21       18       15       13       11        9        8        7        6        5        4        4        4        3        3        3        3        3        2        2        2        2        2        2        2        3        3        3        3        3        3        4        4        5        5        6        7        9       11       13       16       20       26       33       42       51       60       64       63       58       52      46
         168     138      112       92       78       68       60       55       51       48       47       46       45       44       44       43       42       40       37       34       31       27       24       21       18       15       13       12       10        9        8        7        6        6        5        5        5        4        4        4        4        4        4        4        4        4        4        4        4        4        4        5        5        6        6        7        8        9       11       13       15       19       23       30       39       53       73      101      138      177      200     195
          83      76       70       66       63       62       61       61       61       60       57       53       48       41       34       28       23       18       15       12       10        8        7        6        5        4        4        3        3        3        2        2        2        2        2        2        2        2        2        2        2        2        2        2        2        2        2        2        2        3        3        3        4        4        5        6        7        8       10       12       15       19       25       34       45       59       77       93      104      106      101      92
          37      29       24       20       18       17       17       17       17       19       21       24       29       37       47       58       65       60       46       32       22       15       11        8        6        5        4        3        2        2        2        1        1        1        1        1        1        1        1        1        1        1        1        1        1        1        1        1        1        1        1        1        1        1        2        2        2        3        4        5        6        8       11       16       24       39       64       98      117      100       71      50
          44      38       33       29       27       26       25       26       27       29       31       36       42       49       58       66       68       63       51       38       28       21       15       12        9        7        6        5        4        3        3        3        2        2        2        2        2        1        1        1        1        1        1        1        1        1        1        1        1        2        2        2        2        2        3        3        4        5        6        7        9       11       15       20       27       37       51       64       72       71       63      53
          38      38       37       37       37       39       41       44       49       54       60       64       65       60       51       40       31       23       18       13       10        8        7        5        4        4        3        3        2        2        2        2        1        1        1        1        1        1        1        1        1        1        1        1        1        1        1        1        1        2        2        2        2        2        3        3        4        4        5        6        8       10       12       15       19       23       28       32       36       38       39      39
          39      41       42       43       43       42       42       41       40       39       38       38       37       36       35       34       32       30       28       26       23       21       18       16       14       12       11       10        8        7        7        6        5        5        5        4        4        4        3        3        3        3        3        3        3        3        3        3        3        3        3        4        4        4        4        5        5        6        6        7        8        9       10       12       14       16       19       22       25       29       32      36
          21      21       20       20       21       21       22       23       24       25       26       27       28       27       26       24       21       19       16       14       12       10        8        7        6        5        5        4        4        3        3        3        3        3        2        2        2        2        2        2        2        2        2        2        2        3        3        3        3        3        4        4        5        5        6        7        8        9       11       13       15       17       19       21       23       24       24       24       24       23       22      21
          12      12       11       11       11       11       12       13       14       17       20       26       34       46       61       71       66       49       33       22       15       11        8        6        5        4        3        2        2        2        1        1        1        1        1        1        1        1        1        1        1        1        1        1        1        1        1        1        1        1        1        2        2        2        3        3        4        5        6        8       10       13       17       21       25       26       25       23       20       18       15      14
          19      18       17       16       16       17       18       19       21       25       30       37       46       59       70       72       61       45       31       21       15       11        8        6        5        4        3        3        2        2        2        1        1        1        1        1        1        1        1        1        1        1        1        1        1        1        1        1        1        1        1        2        2        2        2        3        3        4        5        6        8       10       13       16       19       23       25       26       26       24       22      20
          14      15       17       18       19       21       23       24       26       28       30       31       31       31       29       27       24       21       18       15       12       10        9        7        6        5        4        4        3        3        3        2        2        2        2        2        2        1        1        1        1        1        1        1        1        1        1        1        1        1        2        2        2        2        2        2        2        3        3        3        4        4        5        5        6        7        8        9       10       11       12      13
          15      13       11       10        9        8        8        8        8        8        9       10       11       13       15       17       20       21       21       18       14       11        8        6        5        3        3        2        2        1        1        1        1        1        1        0        0        0        0        0        0        0        0        0        0        0        0        0        0        0        0        0        1        1        1        1        1        1        2        2        3        3        4        6        8       11       15       19       22       23       21      18
          17      14       11        9        7        6        6        5        5        5        5        5        5        5        6        7        8        9       11       12       12       11       10        8        6        4        3        2        2        1        1        1        1        1        0        0        0        0        0        0        0        0        0        0        0        0        0        0        0        0        0        0        0        0        0        0        0        0        1        1        1        1        2        2        3        4        6        9       13       17       20      20
           9       9        8        8        8        8        9        9       10       11       13       14       17       19       22       24       24       22       18       15       11        9        7        5        4        4        3        2        2        2        2        1        1        1        1        1        1        1        1        1        1        1        1        1        1        1        1        1        1        1        2        2        2        2        3        3        4        5        6        8       10       12       14       16       17       18       17       15       14       12       11      10
           3       3        2        2        2        2        3        3        3        4        4        5        6        8       11       16       23       30       31       24       16       10        7        5        3        3        2        2        1        1        1        1        1        0        0        0        0        0        0        0        0        0        0        0        0        0        0        0        1        1        1        1        1        1        2        2        3        4        5        6        8        9       10       10        9        8        6        5        5        4        3       3
