SWAN 1
LOCATIONS
     1
     681726.07 2033118.57
AFREQ
     56
     0.0300
     0.0400
     0.0500
     0.0600
     0.0700
     0.0800
     0.0900
     0.1000
     0.1100
     0.1200
     0.1300
     0.1400
     0.1500
     0.1600
     0.1700
     0.1800
     0.1900
     0.2000
     0.2100
     0.2200
     0.2300
     0.2400
     0.2500
     0.2600
     0.2700
     0.2800
     0.2900
     0.3000
     0.3100
     0.3200
     0.3300
     0.3400
     0.3500
     0.3600
     0.3700
     0.3800
     0.3900
     0.4000
     0.4100
     0.4200
     0.4300
     0.4400
     0.4500
     0.4600
     0.4700
     0.4800
     0.4900
     0.5000
     0.5100
     0.5200
     0.5300
     0.5400
     0.5500
     0.5600
     0.5700
     0.5800
NDIR
     72
     5.0000
     10.0000
     15.0000
     20.0000
     25.0000
     30.0000
     35.0000
     40.0000
     45.0000
     50.0000
     55.0000
     60.0000
     65.0000
     70.0000
     75.0000
     80.0000
     85.0000
     90.0000
     95.0000
     100.0000
     105.0000
     110.0000
     115.0000
     120.0000
     125.0000
     130.0000
     135.0000
     140.0000
     145.0000
     150.0000
     155.0000
     160.0000
     165.0000
     170.0000
     175.0000
     180.0000
     185.0000
     190.0000
     195.0000
     200.0000
     205.0000
     210.0000
     215.0000
     220.0000
     225.0000
     230.0000
     235.0000
     240.0000
     245.0000
     250.0000
     255.0000
     260.0000
     265.0000
     270.0000
     275.0000
     280.0000
     285.0000
     290.0000
     295.0000
     300.0000
     305.0000
     310.0000
     315.0000
     320.0000
     325.0000
     330.0000
     335.0000
     340.0000
     345.0000
     350.0000
     355.0000
     360.0000
QUANT
     1
VaDens
m2/Hz/degr
     -999.000000
FACTOR
     1.00000E-06
          51      72       93       99       82       58       39       27       20       15       12        9        8        6        5        5        4        4        4        3        3        3        3        3        3        3        3        3        3        3        3        4        4        5        5        6        6        7        8       10       11       12       13       14       14       14       14       13       12       11       10        9        8        8        7        7        7        7        7        7        7        7        7        8        9       10       11       13       16       20       27      36
         730     747      524      324      207      142      103       79       64       53       45       40       35       32       30       29       28       27       27       28       28       30       32       34       37       42       47       55       64       76       90      107      122      133      135      126      110       93       76       63       52       44       37       32       28       25       23       21       20       19       18       17       17       17       17       18       18       19       20       22       24       27       31       36       44       54       68       91      127      188      299     494
        2737    1498      930      633      460      352      280      230      194      167      147      131      119      109      102       96       91       87       85       83       81       80       80       80       81       82       83       84       86       88       89       91       93       94       95       96       97       97       97       97       96       96       95       95       94       94       94       95       96       97      100      103      107      112      119      128      138      152      170      194      225      268      328      415      549      768     1160     1946     3746     7646     9725    5666
      428345  676426    40765    12761     6094     3529     2288     1600     1181      910      724      593      497      425      370      327      294      267      246      229      216      206      198      192      188      187      186      188      191      196      203      213      225      239      258      280      308      342      383      435      498      577      674      793      938     1111     1307     1517     1721     1894     2008     2054     2035     1972     1885     1795     1715     1653     1614     1601     1618     1669     1762     1910     2133     2469     2983     3808     5233     8011    14662   38926
     1034360  837166    77691    25648    12366     7145     4600     3187     2329     1773     1395     1128      934      789      678      592      525      471      428      393      365      343      325      311      300      292      287      284      284      286      291      298      308      321      337      357      382      412      448      493      547      612      692      791      911     1059     1241     1462     1729     2043     2403     2795     3196     3572     3891     4131     4288     4379     4433     4482     4558     4691     4911     5259     5791     6601     7857     9888    13427    20398    37385  102048
      124510 1274710   120769    24109     9929     5321     3284     2217     1594     1201      940      758      626      529      456      399      355      320      293      271      253      239      229      221      215      212      210      211      213      218      225      234      246      261      280      303      332      369      414      470      542      634      751      904     1104     1365     1704     2133     2648     3206     3708     4032     4100     3939     3644     3313     3007     2755     2565     2435     2363     2349     2397     2515     2721     3049     3560     4371     5731     8229    13602   29101
       22876  119431  1249630    76468    17534     7678     4297     2749     1917     1419     1100      884      731      620      536      473      424      386      356      333      315      302      292      285      282      281      283      288      295      306      319      337      358      385      416      454      498      550      610      679      754      835      917      994     1061     1109     1136     1140     1124     1093     1052     1008      966      928      896      872      857      852      858      876      907      955     1024     1121     1255     1442     1710     2107     2723     3753     5671    9916
       10994   24068   108709   409759    56449    14051     6044     3276     2022     1358      968      723      559      446      364      304      258      223      196      174      157      143      131      122      115      109      105      101       98       97       96       96       97       98      101      104      108      114      120      129      139      151      166      183      205      232      264      305      354      415      490      581      691      820      967     1124     1284     1432     1557     1653     1723     1775     1821     1875     1951     2066     2240     2503     2906     3546     4622    6620
       22020   52319   224064   239185    45584    15120     7106     3994     2504     1690     1205      896      689      545      441      364      307      262      228      200      178      161      146      135      125      117      111      106      102       99       97       95       95       95       95       97       99      103      107      112      118      126      135      147      160      177      197      221      251      287      332      387      456      541      647      778      939     1132     1360     1620     1907     2210     2522     2838     3167     3530     3967     4539     5356     6614     8734   12760
       14078   29928    92907   130425    37946    12724     5904     3287     2047     1376      979      726      558      441      357      295      248      212      184      162      144      130      118      109      101       95       90       86       83       80       78       77       77       77       77       79       81       83       87       91       96      102      110      119      130      143      159      178      201      230      264      307      359      423      501      596      709      843      997     1169     1354     1548     1748     1953     2172     2419     2719     3115     3675     4525     5927    8503
       10176   11155    13529    18507    28559    42301    37856    19346     8990     4636     2664     1666     1112      780      571      432      336      268      218      181      153      131      114      100       89       80       73       67       63       59       56       53       51       50       49       48       48       48       48       49       51       53       55       58       62       66       72       78       87       97      110      126      146      172      205      250      310      393      510      681      938     1338     1985     3064     4869     7683    11107    13404    13368    12045    10782   10111
        9896   12419    16347    22436    30073    33003    25497    15394     8837     5282     3347     2238     1568     1141      858      663      525      425      350      294      250      216      189      167      149      135      123      114      106       99       94       90       87       84       82       81       80       80       81       82       84       87       90       95      100      106      114      123      135      149      165      186      211      242      280      329      390      468      569      699      868     1088     1373     1738     2197     2757     3415     4159     4978     5878     6907    8178
        9811   11846    14452    17419    19414    18177    13770     9057     5703     3640     2404     1649     1173      861      651      504      399      323      265      222      188      162      141      124      111      100       91       84       78       73       68       65       62       60       59       58       57       57       57       58       59       60       63       65       69       73       78       84       91      100      111      124      140      160      185      216      256      306      372      458      573      726      932     1210     1585     2084     2733     3544     4511     5611     6829    8195
        6184    6717     7250     7674     7738     7169     5977     4537     3252     2282     1607     1151      843      631      483      378      302      245      202      170      144      125      109       96       86       77       70       65       60       56       53       50       48       47       46       45       44       44       44       45       46       47       49       51       54       57       61       66       72       79       88       98      112      128      148      174      207      249      304      377      475      608      788     1033     1365     1805     2362     3025     3743     4448     5087    5654
        4835    5398     5743     5762     5383     4648     3732     2838     2093     1527     1117      827      622      476      371      294      236      193      161      135      115       99       87       77       68       61       56       51       47       44       42       39       38       36       35       34       34       34       34       34       34       35       36       38       39       41       44       47       51       55       61       67       75       85       97      113      131      155      186      225      277      345      435      557      721      944     1242     1635     2136     2743     3432    4153
       18552   25534    17150     8798     4867     2998     2003     1419     1050      802      628      502      408      336      280      237      202      174      151      132      117      104       93       84       76       70       65       60       56       53       50       48       46       44       43       42       41       41       41       41       41       42       42       44       45       47       49       52       55       59       64       69       76       83       93      104      118      135      157      184      218      262      320      398      506      659      885     1234     1807     2826     4833    9250
       13388   11514     8066     5206     3348     2208     1504     1057      764      567      431      334      264      213      174      144      121      103       89       78       68       61       55       50       45       42       39       36       34       33       32       30       30       29       29       29       29       29       29       30       31       32       34       36       38       41       44       48       52       58       65       73       83       96      111      131      156      188      229      284      356      454      588      775     1038     1417     1973     2805     4069     5995     8767   11913
       14358   11172     7293     4781     3289     2366     1759     1338     1034      808      637      507      406      328      267      220      182      153      129      110       95       82       72       64       57       51       47       43       40       37       34       33       31       30       29       28       27       27       27       27       27       27       28       29       30       31       33       35       37       40       44       48       53       59       67       77       89      104      123      149      182      228      290      379      508      705     1016     1536     2458     4194     7466   12255
        5336    6696     8135     9228     9173     7610     5393     3520     2259     1476      993      691      496      366      277      215      170      137      113       94       79       68       59       52       46       41       37       34       32       29       28       26       25       24       23       23       22       22       22       22       23       23       24       25       26       27       29       31       34       37       40       45       50       57       65       75       88      105      126      154      191      240      306      397      523      700      947     1289     1758     2381     3178    4160
        2207    2489     2825     3190     3493     3567     3278     2692     2033     1471     1055      764      564      425      328      258      207      169      140      118      101       88       77       68       61       55       51       47       44       41       39       37       36       35       34       33       33       33       33       34       35       36       37       39       41       44       47       51       56       61       68       77       87       99      115      134      158      188      226      275      336      412      507      622      757      910     1075     1246     1419     1592     1773    1973
        2090    1617     1272     1035      871      754      669      604      551      504      461      418      375      332      289      249      213      181      153      130      110       94       81       70       61       54       48       43       38       35       32       30       28       26       25       24       23       22       22       21       21       21       21       22       22       23       24       25       27       28       31       33       37       41       46       52       60       71       84      102      126      158      204      272      373      530      781     1185     1789     2479     2837    2605
        1540    1823     2077     2194     2069     1729     1317      956      684      494      362      271      207      162      129      104       86       72       61       52       45       40       35       32       29       26       24       22       21       20       19       18       18       17       17       17       17       17       17       17       18       18       19       20       21       22       24       26       28       31       34       38       43       49       56       64       75       89      105      126      151      183      223      273      334      408      497      604      731      882     1064    1282
        1060    1740     3011     4174     3246     1749      941      556      359      247      179      136      106       85       70       59       50       44       39       34       31       28       26       25       23       22       21       20       20       19       19       19       19       20       20       20       21       22       23       24       26       28       30       32       35       38       42       46       51       56       61       68       74       81       89       96      103      111      119      127      135      145      156      169      185      205      232      269      321      397      516     711
         655     740      866     1037     1228     1335     1226      937      639      422      282      195      139      102       78       60       48       39       32       27       23       20       18       16       14       13       12       11       10       10        9        9        8        8        8        8        8        8        8        9        9        9       10       10       11       12       13       14       16       18       21       24       28       33       39       47       58       73       92      119      153      199      256      322      390      450      494      521      536      549      568     601
        1513    1817     2030     2029     1789     1428     1078      797      591      444      339      264      209      169      138      115       97       83       71       62       55       49       44       40       36       34       31       29       28       26       25       24       23       23       23       22       22       22       23       23       23       24       25       26       27       29       31       33       36       39       42       46       51       57       64       72       82       94      109      126      147      172      203      241      288      346      419      510      627      778      972    1218
        3575    2757     1759     1137      784      575      444      355      293      247      212      185      162      143      127      113      101       90       80       72       64       57       52       46       42       38       35       32       29       27       25       23       22       21       20       19       18       17       17       17       16       16       16       16       17       17       17       18       19       20       21       22       24       26       29       32       36       41       47       55       65       78       96      120      155      207      286      415      638     1052     1831    3009
         813     900      975     1015      999      917      786      637      499      384      296      229      180      143      115       94       78       66       56       48       42       37       33       30       27       25       23       21       20       19       18       17       17       16       16       16       16       16       16       17       17       18       18       19       20       22       23       25       27       30       33       37       42       48       54       63       73       85      100      119      141      167      199      236      279      327      380      438      501      570      645     726
         264     338      456      652      970     1369     1501     1148      718      441      284      193      138      103       80       64       52       43       37       32       28       25       23       21       19       18       17       16       15       15       15       14       14       14       15       15       15       16       17       18       19       20       22       24       26       29       32       35       40       44       50       56       63       70       77       83       89       94       98      101      103      105      107      110      113      117      123      132      144      160      183     216
         373     423      486      560      630      670      648      564      448      338      251      187      141      108       85       68       56       46       39       33       29       25       22       20       18       17       15       14       14       13       12       12       12       12       11       11       11       12       12       12       13       13       14       15       16       17       19       21       23       26       29       33       38       44       52       60       71       84       98      115      133      152      171      189      205      220      234      248      264      282      304     334
         859     605      432      322      252      206      174      152      135      123      114      107      101       96       92       88       83       79       74       68       63       57       51       46       41       37       33       29       26       24       21       20       18       17       15       14       14       13       12       12       12       11       11       11       11       11       11       12       12       13       13       14       15       17       18       21       23       26       31       36       43       53       66       85      113      156      226      342      538      836     1119    1114
         142     121      108      100       96       96       98      105      115      130      151      177      205      224      220      190      148      110       80       59       44       34       27       21       17       14       12       11        9        8        7        7        6        6        5        5        5        5        4        4        4        4        4        5        5        5        5        6        6        7        7        8        9       10       12       14       17       21       27       35       47       66       96      147      236      378      528      548      435      312      228     175
         555     440      359      305      269      245      229      219      212      206      199      189      175      157      137      115       95       78       63       52       42       35       29       24       21       18       16       14       12       11       10        9        8        8        7        7        7        7        6        6        6        6        6        6        6        7        7        7        8        8        9       10       11       12       14       16       19       22       27       33       41       52       68       93      130      188      283      432      633      805      822     702
         254     209      179      159      147      140      138      141      147      157      170      183      192      191      177      152      122       95       73       56       43       34       27       22       18       15       13       11       10        9        8        7        6        6        5        5        5        5        5        4        4        4        4        4        5        5        5        5        6        6        7        7        8        9       10       12       14       16       20       25       31       40       54       74      106      155      231      332      422      443      391     317
         249     217      198      190      191      201      222      255      300      352      386      365      291      206      139       95       66       47       35       27       21       17       14       11       10        8        7        6        6        5        5        4        4        4        3        3        3        3        3        3        3        3        3        3        3        4        4        4        4        5        5        6        7        8        9       11       13       16       20       25       33       44       62       90      135      210      324      450      509      463      376     301
         444     323      239      186      152      130      116      106       99       94       90       86       81       75       68       60       52       44       36       30       25       20       17       14       12       10        9        8        7        6        5        5        4        4        4        4        3        3        3        3        3        3        3        3        3        3        3        3        3        4        4        4        5        5        6        7        8        9       11       13       16       20       25       34       46       65       96      150      244      393      545     560
         351     240      174      133      107       90       78       70       64       59       55       52       49       46       43       40       36       33       29       25       22       19       17       15       13       11       10        9        8        7        6        6        5        5        4        4        4        4        4        4        3        3        3        3        4        4        4        4        4        4        5        5        6        6        7        8        9       10       12       15       18       23       30       40       55       80      122      198      334      527      625     513
         340     191      124       90       71       59       52       47       45       43       43       45       47       50       54       59       63       65       63       57       49       40       32       25       20       16       13       11        9        7        6        5        5        4        4        3        3        3        3        3        2        2        2        2        2        2        2        2        2        3        3        3        3        4        4        4        5        6        7        8       10       13       17       23       32       47       74      131      270      641     1070     704
         112      86       70       60       54       50       48       48       49       52       55       59       64       67       68       65       57       47       38       30       23       18       14       12        9        8        7        6        5        4        4        3        3        3        2        2        2        2        2        2        2        2        2        2        2        2        2        2        2        3        3        3        4        4        5        5        6        8       10       12       16       21       29       42       65      108      193      339      450      372      242     159
          73      62       54       50       47       47       47       49       52       57       63       70       77       80       78       70       58       46       36       27       21       17       13       11        9        7        6        5        5        4        4        3        3        3        3        2        2        2        2        2        2        2        2        2        2        2        3        3        3        3        4        4        5        5        6        7        9       11       14       18       24       33       48       72      114      179      250      266      218      159      117      90
          53      49       47       48       50       55       64       77       95      117      133      127       99       69       46       31       22       16       12        9        7        5        4        4        3        3        2        2        2        2        1        1        1        1        1        1        1        1        1        1        1        1        1        1        1        1        1        2        2        2        2        3        3        4        5        6        7        9       13       18       25       39       63      110      196      287      278      197      132       95       73      60
         159     119       95       79       70       63       60       58       58       60       62       65       69       72       72       70       64       55       46       37       30       24       19       15       13       10        9        7        6        6        5        4        4        4        3        3        3        3        3        3        3        2        2        2        3        3        3        3        3        3        4        4        4        5        6        6        7        9       11       13       17       22       30       42       62       98      163      277      415      440      333     227
          98      89       81       77       74       73       74       76       80       85       90       94       95       90       80       67       54       42       33       26       20       16       13       11        9        8        7        6        5        4        4        4        3        3        3        3        3        2        2        2        2        2        2        2        2        3        3        3        3        3        4        4        5        5        6        7        8       10       12       14       18       22       29       38       51       67       86      106      120      124      119     109
          71      58       48       41       37       35       34       35       37       40       45       52       60       66       67       60       47       34       24       17       13        9        7        6        4        4        3        2        2        2        1        1        1        1        1        1        1        1        1        1        1        1        1        1        1        1        1        1        1        1        1        1        1        1        2        2        2        3        3        4        5        6        8       11       16       23       34       50       72       92       98      87
          50      44       39       35       33       32       32       33       35       39       44       50       57       62       61       54       43       32       23       17       13        9        7        6        5        4        3        3        2        2        2        1        1        1        1        1        1        1        1        1        1        1        1        1        1        1        1        1        1        1        1        1        1        2        2        2        3        3        4        5        6        8       10       13       18       25       34       46       58       64       64      58
          78      65       57       51       48       47       47       49       53       59       67       76       86       92       89       77       61       45       33       24       18       14       11        9        7        6        5        4        4        3        3        2        2        2        2        2        2        2        1        1        1        1        1        1        1        2        2        2        2        2        2        3        3        3        4        4        5        6        8       10       12       16       22       31       45       66       96      130      150      143      120      96
          75      59       49       42       38       35       33       32       32       33       34       36       38       39       40       38       35       31       26       21       17       14       11        9        7        6        5        4        4        3        3        3        2        2        2        2        2        2        1        1        1        1        1        1        1        1        2        2        2        2        2        2        3        3        3        4        5        5        7        8       10       14       18       25       36       54       81      119      150      152      127      97
         141     114       95       81       72       67       64       63       64       66       69       72       73       72       66       57       47       37       29       22       17       14       11        9        7        6        5        4        4        3        3        2        2        2        2        2        2        2        1        1        1        1        1        1        1        1        2        2        2        2        2        2        3        3        3        4        4        5        6        8        9       12       16       21       29       41       60       89      129      169      185     170
          62      45       35       29       25       23       22       22       22       24       26       31       38       49       66       88      107      102       74       47       30       20       14       10        7        5        4        3        3        2        2        2        1        1        1        1        1        1        1        1        1        1        1        1        1        1        1        1        1        1        1        1        1        1        2        2        2        3        3        4        5        7        9       13       20       31       52       93      157      187      144      93
          31      28       26       26       26       27       30       34       40       49       64       85      108      117       99       68       44       29       19       14       10        8        6        5        4        3        3        2        2        2        1        1        1        1        1        1        1        1        1        1        1        1        1        1        1        1        1        1        1        1        2        2        2        2        3        4        4        5        7        9       12       16       22       31       42       54       62       62       56       48       40      35
          25      23       22       21       21       22       24       26       29       34       42       51       62       69       67       55       41       29       20       14       10        8        6        5        4        3        3        2        2        2        1        1        1        1        1        1        1        1        1        1        1        1        1        1        1        1        1        1        1        1        1        1        2        2        2        3        3        4        5        6        8       10       13       16       21       26       30       33       33       32       29      27
          28      29       30       31       31       32       34       36       38       40       41       42       41       38       33       28       23       18       14       11        9        7        6        5        4        3        3        3        2        2        2        2        1        1        1        1        1        1        1        1        1        1        1        1        1        1        1        1        1        1        1        1        2        2        2        2        3        3        4        4        5        6        7        9       11       13       15       18       21       23       25      27
          19      19       19       20       20       21       23       24       27       30       34       38       41       43       41       37       30       24       18       14       11        9        7        6        5        4        3        3        2        2        2        2        1        1        1        1        1        1        1        1        1        1        1        1        1        1        1        1        1        1        1        2        2        2        2        2        3        3        4        5        5        6        8        9       11       12       14       16       17       18       19      19
          15      13       13       12       12       12       13       14       16       18       22       27       34       41       44       40       31       22       16       11        8        6        4        3        3        2        2        1        1        1        1        1        1        1        1        0        0        0        0        0        0        0        0        0        0        0        1        1        1        1        1        1        1        1        2        2        3        3        4        6        8       11       15       20       27       33       36       34       29       24       20      17
          17      15       14       13       13       13       14       14       15       17       19       21       24       27       28       27       23       19       15       11        9        7        5        4        3        3        2        2        2        1        1        1        1        1        1        1        1        1        1        1        1        1        1        1        1        1        1        1        1        1        1        1        1        2        2        2        3        3        4        5        7        9       11       15       19       23       27       28       27       24       21      19
          24      25       27       28       31       34       38       43       49       54       56       54       47       39       30       23       18       14       11        8        7        5        5        4        3        3        2        2        2        2        2        1        1        1        1        1        1        1        1        1        1        1        1        1        1        1        1        1        2        2        2        2        3        3        3        4        4        5        6        7        9       10       12       14       16       17       19       20       21       22       23      24
          21      25       30       38       49       65       86      108      118      105       79       55       38       27       20       15       12        9        7        6        5        4        4        3        3        3        2        2        2        2        2        2        1        1        1        1        1        1        1        1        1        1        1        2        2        2        2        2        2        2        3        3        3        3        4        4        4        5        5        6        6        7        7        8        9        9       10       11       12       14       16      18
