SWAN 1
LOCATIONS
     1
     681726.07 2033118.57
AFREQ
     56
     0.0300
     0.0400
     0.0500
     0.0600
     0.0700
     0.0800
     0.0900
     0.1000
     0.1100
     0.1200
     0.1300
     0.1400
     0.1500
     0.1600
     0.1700
     0.1800
     0.1900
     0.2000
     0.2100
     0.2200
     0.2300
     0.2400
     0.2500
     0.2600
     0.2700
     0.2800
     0.2900
     0.3000
     0.3100
     0.3200
     0.3300
     0.3400
     0.3500
     0.3600
     0.3700
     0.3800
     0.3900
     0.4000
     0.4100
     0.4200
     0.4300
     0.4400
     0.4500
     0.4600
     0.4700
     0.4800
     0.4900
     0.5000
     0.5100
     0.5200
     0.5300
     0.5400
     0.5500
     0.5600
     0.5700
     0.5800
NDIR
     72
     5.0000
     10.0000
     15.0000
     20.0000
     25.0000
     30.0000
     35.0000
     40.0000
     45.0000
     50.0000
     55.0000
     60.0000
     65.0000
     70.0000
     75.0000
     80.0000
     85.0000
     90.0000
     95.0000
     100.0000
     105.0000
     110.0000
     115.0000
     120.0000
     125.0000
     130.0000
     135.0000
     140.0000
     145.0000
     150.0000
     155.0000
     160.0000
     165.0000
     170.0000
     175.0000
     180.0000
     185.0000
     190.0000
     195.0000
     200.0000
     205.0000
     210.0000
     215.0000
     220.0000
     225.0000
     230.0000
     235.0000
     240.0000
     245.0000
     250.0000
     255.0000
     260.0000
     265.0000
     270.0000
     275.0000
     280.0000
     285.0000
     290.0000
     295.0000
     300.0000
     305.0000
     310.0000
     315.0000
     320.0000
     325.0000
     330.0000
     335.0000
     340.0000
     345.0000
     350.0000
     355.0000
     360.0000
QUANT
     1
VaDens
m2/Hz/degr
     -999.000000
FACTOR
     1.00000E-06
          39      32       27       23       20       17       16       14       13       12       11       11       10       10       10       10       10       10       10       11       11       12       12       13       14       14       15       16       16       16       16       16       15       15       14       13       12       12       11       10       10        9        9        8        8        8        8        8        8        8        8        8        9        9       10       11       12       13       15       18       21       24       29       36       43       52       61       66       67       63       55      47
         146     144      143      143      144      147      151      157      164      171      180      188      194      198      197      192      181      166      149      132      115      100       87       76       66       58       52       46       42       38       35       32       30       29       27       26       25       25       24       24       24       24       24       25       26       27       28       30       32       34       37       40       44       49       55       62       70       79       90      101      114      127      139      150      158      163      165      164      161      158      154     150
        2165    2127     2057     1943     1780     1577     1354     1133      931      758      616      502      412      341      285      240      205      177      155      136      121      109       99       91       84       78       73       69       66       64       62       61       60       59       59       60       61       62       64       66       69       73       78       84       91       99      109      122      137      155      178      207      243      289      347      422      518      641      796      988     1216     1469     1725     1952     2123     2227     2270     2272     2253     2229     2207    2188
        5240    3098     2021     1411     1037      793      625      507      420      355      305      267      236      212      193      177      164      154      146      140      135      131      128      127      127      128      129      132      137      142      149      157      168      180      196      214      236      264      296      336      385      444      516      603      707      830      970     1123     1284     1442     1584     1703     1796     1864     1918     1968     2027     2108     2228     2404     2664     3053     3650     4611     6278     9530    17241    42845   140548   103697    26848   10341
       31737   16448     9596     6084     4104     2904     2136     1623     1266     1011      825      685      578      495      430      379      337      304      276      254      235      220      208      198      190      184      180      177      175      175      177      179      183      189      197      206      218      232      250      271      297      329      368      416      477      552      649      774      937     1154     1448     1855     2427     3251     4463     6275     9004    13058    18775    25977    33536    39913    44679    49075    55406    67151    91572   149571   301399   434328   207344   73005
       57733   34520    21757    14389     9924     7096     5236     3970     3084     2447     1979     1629     1362     1156      994      865      762      679      611      556      510      472      441      415      394      378      364      354      347      343      341      341      345      351      359      371      386      405      428      456      490      532      582      643      717      808      921     1062     1239     1464     1755     2136     2640     3321     4254     5558     7414    10106    14075    20003    28907    42205    61668    89226   126878   177115   242300   314428   347010   285085   179141  101252
      152281   74880    35385    18285    10390     6383     4173     2868     2054     1522     1161      909      727      593      492      415      356      309      271      241      217      197      181      167      156      147      140      134      130      126      124      123      123      123      125      127      131      136      142      150      160      171      186      203      224      250      283      323      373      438      521      631      777      977     1255     1655     2246     3155     4611     7064    11435    19683    35799    65481   105345   129547   128156   121913   125690   146579   187546  212596
      136898   60671    23384    10744     5732     3400     2179     1480     1053      778      593      464      371      303      253      214      183      160      141      125      113      103       95       88       83       78       75       72       70       68       67       67       67       68       69       71       73       76       80       85       91       98      107      118      132      149      170      196      230      274      332      409      516      665      883     1210     1723     2574     4076     6944    12932    26210    51587    71787    62718    46966    38020    35188    37694    47651    73448  128815
       40037   31338    20494    12424     7562     4774     3150     2167     1547     1142      867      675      537      436      361      303      258      223      196      173      155      141      129      119      111      104       99       94       91       88       87       86       85       85       86       88       90       94       98      103      109      117      126      138      152      169      190      216      249      291      345      415      509      635      810     1057     1418     1960     2803     4162     6420    10218    16354    24796    32815    36552    36181    34756    34379    35802    38862   41738
       24399   21168    15504    10192     6495     4203     2809     1947     1398     1035      788      615      491      399      331      278      238      206      181      160      144      131      120      111      103       97       93       89       86       84       82       81       81       81       83       84       87       90       94      100      106      114      124      136      150      168      190      218      253      298      357      435      539      683      886     1182     1626     2319     3445     5346     8634    14155    21940    28718    30067    27187    23811    21593    20754    21169    22584   24256
       17084   16186    12960     9042     5930     3877     2597     1799     1288      952      724      564      449      365      302      254      217      188      165      147      132      119      110      101       95       89       85       81       79       77       75       75       75       75       76       78       80       84       88       93       99      106      116      127      141      158      179      206      239      283      340      415      516      656      854     1142     1573     2236     3285     4959     7546    11059    14557    16354    16013    14689    13459    12755    12682    13259    14456   16022
        4751    4757     4720     4511     4047     3376     2646     1994     1479     1099      826      631      491      389      314      258      215      182      156      136      120      107       96       87       80       75       70       66       63       60       59       57       56       56       56       57       58       59       61       64       67       72       77       83       91      101      113      127      146      170      201      242      296      371      477      631      867     1244     1890     3094     5607    11619    26585    44115    33540    18692    11553     8198     6473     5540     5044    4816
        3888    3621     3408     3199     2954     2656     2309     1943     1591     1280     1022      815      653      527      431      356      298      252      216      187      164      146      131      118      108       99       93       87       82       79       76       73       72       71       70       71       71       73       74       77       80       85       90       96      104      114      126      141      159      183      212      250      301      368      460      590      780     1068     1527     2306     3739     6632    12956    25212    33703    25452    15656    10240     7398     5809     4863    4272
        4845    4873     4759     4372     3710     2924     2191     1607     1176      871      656      504      395      315      256      212      178      152      131      115      102       91       82       75       70       65       61       58       55       53       52       51       50       50       51       51       52       54       56       59       62       66       71       78       85       95      106      121      139      163      194      234      289      364      471      628      867     1252     1905     3099     5446    10206    18034    22488    18137    12455     8899     6911     5801     5197     4907    4819
       17196   23984    14731     6089     2790     1482      879      565      386      276      206      158      124      100       83       69       59       51       45       40       35       32       30       27       26       24       23       22       21       21       21       20       20       21       21       22       22       23       25       26       28       30       33       37       41       47       54       62       74       88      108      135      172      226      307      432      636      991     1655     2981     5622     9474    10946     8782     6420     4995     4278     4037     4200     4856     6361    9734
        2164    1875     1570     1273     1007      786      610      475      373      296      238      194      160      134      114       98       85       74       66       59       54       49       45       42       39       37       36       34       33       32       32       32       32       32       33       33       34       36       38       40       43       46       50       55       61       68       77       89      103      122      146      178      222      282      366      489      673      957     1409     2136     3272     4806     6220     6667     6087     5155     4328     3711     3268     2941     2676    2428
        2833    2247     1618     1119      772      543      392      291      221      172      137      112       92       78       66       57       50       45       40       36       33       31       29       27       26       25       24       23       23       23       23       23       23       24       24       25       27       28       30       32       35       39       43       48       55       63       73       86      103      126      156      196      252      331      444      604      830     1133     1500     1868     2139     2255     2245     2180     2124     2113     2166     2296     2509     2788     3051    3123
        2810    2427     2007     1590     1219      918      688      518      395      305      239      191      154      127      106       90       77       67       58       52       46       42       38       35       33       31       29       28       27       26       26       25       25       25       25       26       26       27       28       30       32       34       36       40       44       48       54       61       71       82       97      116      141      176      222      288      383      525      743     1089     1652     2564     3933     5550     6632     6595     5848     5013     4343     3851     3476    3149
         891     849      820      794      759      706      634      547      455      369      295      234      187      150      121      100       83       70       59       51       45       39       35       32       29       27       25       23       22       21       20       19       19       19       18       18       19       19       20       20       21       22       24       25       28       30       34       38       43       49       57       68       82      101      128      166      222      310      455      713     1220     2350     5122     9932     9722     5584     3226     2128     1569     1258     1073     960
        1228    1243     1263     1262     1214     1103      938      755      585      446      340      261      203      160      129      105       87       73       62       54       47       42       37       34       31       29       27       25       24       23       22       21       21       21       21       21       21       21       22       23       24       26       27       29       32       35       39       44       50       58       68       80       97      120      150      194      256      348      489      709     1053     1562     2188     2675     2736     2442     2060     1741     1513     1365     1277    1235
         986     982      973      942      873      765      635      505      391      300      231      179      141      113       91       75       63       53       46       40       35       31       28       25       23       22       20       19       18       17       17       16       16       16       16       16       16       17       17       18       19       20       22       23       25       28       31       35       40       47       55       66       80       99      125      161      215      295      419      615      927     1394     1961     2365     2357     2053     1705     1430     1239     1115     1040    1001
        3082    2534     1748     1127      730      488      339      244      181      139      109       87       71       59       50       43       38       33       29       27       24       22       21       19       18       17       17       16       16       16       15       15       16       16       16       17       17       18       19       20       22       24       26       29       32       36       41       47       55       64       77       92      111      137      169      210      261      324      398      481      570      659      745      831      921     1027     1163     1351     1620     2005     2511    3000
         796     754      702      637      561      479      398      325      262      211      170      138      113       94       78       66       57       49       43       38       34       31       28       26       24       22       21       20       19       18       18       18       17       17       17       18       18       19       19       20       21       23       24       26       29       32       35       40       46       53       62       73       88      108      135      171      221      291      389      523      699      907     1112     1255     1299     1258     1172     1079      996      929      877     835
         882     810      750      695      640      581      518      451      385      323      268      221      182      151      125      105       88       75       65       56       49       44       39       35       32       30       27       26       24       23       22       21       21       20       20       20       20       20       21       21       22       23       25       26       28       30       33       37       41       46       53       62       72       86      105      129      163      210      277      375      520      737     1047     1443     1829     2031     1968     1742     1486     1268     1101     976
        1258    1496     1615     1462     1105      752      499      336      234      168      125       95       75       60       49       41       34       29       26       22       20       18       16       15       14       13       12       12       11       11       11       11       11       11       11       11       11       12       12       13       14       15       16       17       19       21       24       27       32       37       43       52       62       76       94      118      149      188      237      294      356      417      470      512      542      567      593      628      680      757      872    1037
         509     470      447      436      434      434      432      420      393      350      296      240      190      149      116       91       73       59       48       40       33       28       24       21       19       17       15       14       13       12       11       10       10        9        9        9        9        9        9        9        9        9       10       10       11       11       12       13       15       16       18       21       24       28       33       40       49       61       78      102      137      190      269      390      564      774      944      984      900      773      657     570
         279     278      284      297      316      340      368      392      405      395      361      309      252      200      157      124       98       79       65       54       45       39       33       29       26       23       21       19       18       17       16       15       15       14       14       14       14       14       14       14       15       16       16       18       19       20       23       25       28       32       37       44       52       64       79      100      131      175      239      334      467      627      764      805      742      631      524      439      378      335      306     288
         624     566      505      447      393      345      301      263      229      200      174      152      132      116      101       89       79       70       62       56       50       45       41       38       35       32       30       28       27       25       24       23       23       22       22       22       21       21       22       22       22       23       24       25       26       27       29       31       34       36       40       44       49       55       63       72       84       98      115      137      165      200      245      300      366      443      525      603      665      699      700     672
         365     418      494      597      718      815      815      690      513      358      248      175      127       95       73       58       46       38       32       27       23       20       18       16       15       13       12       12       11       10       10       10        9        9        9        9        9       10       10       10       11       11       12       13       14       15       17       19       22       25       28       33       39       47       57       69       85      106      130      159      191      221      247      266      276      279      280      280      283      290      305     328
         341     331      314      290      261      231      200      172      146      124      106       90       77       66       57       50       44       39       35       31       28       26       24       22       21       20       18       18       17       16       16       16       16       15       15       16       16       16       17       17       18       19       20       21       23       24       27       29       32       35       39       44       50       56       64       73       84       97      111      128      146      166      188      210      233      256      278      298      315      329      339     343
         236     234      235      241      251      265      280      295      302      296      275      240      198      159      125       98       77       62       50       41       34       29       24       21       18       16       15       13       12       11       10       10        9        9        9        8        8        8        8        8        8        9        9        9       10       10       11       12       13       14       16       18       20       24       27       32       39       47       58       71       89      112      141      173      208      238      260      269      268      261      251     243
         243     254      270      292      319      349      374      386      373      334      280      223      174      134      104       82       65       53       43       36       31       26       23       20       18       16       15       14       13       12       11       11       10       10       10       10       10       10       10       10       10       11       11       12       13       14       15       17       18       20       23       26       31       36       42       50       61       74       90      110      134      159      186      209      226      237      240      240      237      235      234     236
         109     108      112      119      131      150      177      215      263      310      327      294      227      162      113       80       59       44       34       27       21       18       15       13       11       10        9        8        7        6        6        6        5        5        5        5        5        5        5        5        5        5        6        6        6        7        8        8        9       11       12       15       17       21       26       33       43       57       78      111      161      231      310      358      344      291      234      189      158      136      122     113
          63      65       69       76       86      102      125      162      221      311      420      466      382      254      160      104       71       51       38       29       23       19       15       13       11       10        9        8        7        7        6        6        5        5        5        5        5        5        5        5        5        6        6        6        7        7        8        9       10       12       13       16       19       23       28       35       44       56       71       88      106      118      122      118      108       97       87       78       72       67       64      63
          59      57       58       60       63       69       79       92      110      135      164      189      194      171      133       97       70       51       38       29       23       18       15       12       10        9        8        7        6        6        5        5        5        4        4        4        4        4        4        4        4        4        5        5        5        6        6        7        8        9       10       12       14       17       21       27       35       47       66       94      138      197      251      262      228      179      139      110       90       77       68      62
         208     181      164      154      151      153      161      176      201      237      287      343      382      367      297      214      147      102       72       52       39       30       24       19       16       13       11       10        9        8        7        6        6        5        5        5        4        4        4        4        4        4        4        4        4        5        5        5        5        6        7        7        8        9       11       12       15       18       22       27       35       46       62       85      121      174      243      313      349      335      291     245
          72      73       77       84       96      114      143      188      255      335      372      313      212      135       87       59       41       30       23       18       14       12       10        8        7        6        6        5        5        4        4        4        4        3        3        3        3        3        3        3        3        4        4        4        4        5        5        6        6        7        9       10       12       15       18       24       31       41       57       81      115      159      200      216      199      167      137      113       97       85       78      74
          90      91       96      105      121      147      189      259      376      530      588      445      268      158       98       64       45       33       25       19       15       13       10        9        8        7        6        5        5        4        4        4        4        4        3        3        3        3        3        3        3        4        4        4        4        5        5        6        6        7        8       10       12       14       18       22       29       38       51       72      103      146      198      237      242      215      180      148      125      109       99      93
          35      36       38       42       48       57       71       96      140      228      398      573      456      241      127       74       47       32       23       17       14       11        9        7        6        6        5        4        4        4        3        3        3        3        3        3        3        3        3        3        3        3        3        4        4        4        5        6        7        8        9       11       14       18       24       32       46       68      104      158      211      220      181      133       98       74       59       50       43       39       36      35
          67      63       62       63       66       71       79       91      108      132      163      193      207      189      149      107       75       54       39       29       23       18       14       12       10        9        7        6        6        5        5        4        4        4        4        4        3        3        3        3        3        3        4        4        4        4        5        5        6        6        7        8        9       11       13       16       20       26       34       46       64       90      124      162      188      187      164      136      112       94       81      72
          90      91       95      102      114      132      158      194      239      281      292      256      194      136       95       67       49       36       28       22       18       15       12       10        9        8        7        6        6        5        5        5        4        4        4        4        4        4        4        4        4        4        4        5        5        5        6        7        7        8        9       11       13       15       18       22       28       35       45       59       77       98      120      138      146      144      134      122      111      101       95      91
          83      84       86       89       93       99      108      119      134      150      167      179      181      168      144      116       90       69       54       42       33       27       22       18       15       13       11       10        9        8        7        7        6        6        6        5        5        5        5        5        5        5        5        5        5        5        6        6        6        7        8        8        9       10       12       13       15       18       21       24       29       34       40       47       55       62       69       75       79       81       82      83
          74      77       82       90      102      119      144      178      223      268      288      263      205      147      103       74       54       40       31       25       20       17       14       12       10        9        8        7        7        6        6        6        5        5        5        5        5        5        5        5        5        5        6        6        7        7        8        9       10       11       13       15       18       21       25       31       39       48       60       74       89      102      110      112      108      101       94       87       81       77       74      73
          41      40       40       40       42       46       50       57       66       79       97      118      138      148      140      116       89       65       48       36       28       22       18       14       12       10        9        8        7        6        6        5        5        5        4        4        4        4        4        4        4        4        5        5        5        5        6        7        7        8        9       11       13       16       19       24       30       39       51       67       87      107      119      119      108       93       79       67       58       51       46      43
          49      50       52       55       61       69       81       98      124      158      200      229      221      177      126       87       61       44       33       25       20       16       13       11        9        8        7        6        6        5        5        5        4        4        4        4        4        4        4        4        4        4        4        5        5        5        6        6        7        8        9       11       13       15       18       22       28       35       44       55       67       78       85       87       84       78       71       64       58       54       51      50
          32      32       33       34       36       40       45       52       62       75       94      115      132      133      115       89       65       47       34       26       20       15       12       10        9        7        6        6        5        4        4        4        3        3        3        3        3        3        3        3        3        3        3        3        3        4        4        4        5        5        6        7        8        9       11       13       16       20       24       29       35       41       46       49       49       48       45       42       39       36       34      33
         102      87       78       72       69       69       72       79       89      106      129      161      190      197      168      122       82       55       38       27       20       15       12        9        8        6        5        4        4        3        3        3        2        2        2        2        2        2        2        2        2        2        2        2        2        2        2        2        2        2        3        3        3        4        4        5        6        8        9       12       15       20       27       37       54       79      114      155      180      175      151     124
         113     127      138      146      151      155      158      163      167      173      177      179      175      164      145      122       99       78       61       47       37       30       24       19       16       13       11       10        8        7        6        6        5        5        4        4        4        4        3        3        3        3        3        3        3        3        3        3        3        4        4        4        4        5        5        6        6        7        8       10       11       13       15       19       23       28       34       42       53       66       80      97
          51      47       45       43       43       44       46       49       55       64       78       99      132      178      222      224      173      114       73       48       33       24       18       13       11        9        7        6        5        4        4        3        3        3        2        2        2        2        2        2        2        2        2        2        2        2        2        2        2        3        3        3        3        4        4        5        6        7        8       10       12       15       19       24       31       38       47       54       58       60       58      54
          76      84       94      106      120      137      155      174      190      197      192      173      147      120       95       75       59       47       38       31       26       22       19       16       14       12       11       10        9        8        8        7        7        6        6        6        6        5        5        5        5        5        5        6        6        6        6        6        7        7        8        8        9       10       11       12       13       15       16       18       21       23       26       29       33       37       41       45       50       56       62      68
          31      33       35       37       40       45       50       57       66       78       92      107      122      129      124      109       89       70       54       42       33       26       21       18       15       13       11       10        8        8        7        6        6        5        5        5        5        5        4        4        4        4        4        5        5        5        5        5        6        6        6        7        8        8        9       10       11       12       13       15       16       18       19       21       22       23       25       26       27       28       29      30
          61      59       58       58       61       65       72       82       98      122      158      207      258      273      229      161      107       71       49       35       26       20       16       13       10        9        7        6        6        5        4        4        4        4        3        3        3        3        3        3        3        3        3        3        3        3        4        4        4        4        5        6        6        7        8       10       12       14       18       22       27       35       44       55       67       76       83       84       81       76       70      65
          65      69       72       75       78       81       85       91      100      112      128      147      166      178      174      151      119       88       64       46       34       26       20       16       13       10        9        7        6        5        5        4        4        3        3        3        3        3        2        2        2        2        2        2        2        2        2        2        2        3        3        3        3        4        4        4        5        6        6        7        9       10       12       15       18       21       26       32       38       45       52      59
          42      54       68       82       94      101      102       97       90       83       75       69       64       61       58       55       53       51       48       46       43       39       35       31       27       23       20       17       14       12       11        9        8        7        6        5        5        4        4        4        3        3        3        3        3        3        3        3        3        3        3        3        3        3        3        3        3        4        4        4        5        5        6        7        8       10       11       14       17       21       26      33
          50      66       82       96      102      100       93       85       77       71       67       65       65       65       68       71       75       77       78       74       66       56       45       35       27       21       17       13       11        9        7        6        5        4        4        3        3        3        2        2        2        2        2        2        2        2        2        2        2        2        2        2        2        2        2        2        2        3        3        3        4        4        5        6        7        8       10       13       16       21       28      38
          48      62       78       93      104      108      105       99       91       85       81       78       77       77       79       83       87       91       93       90       83       72       59       47       37       29       22       18       14       12       10        8        7        6        5        4        4        3        3        3        3        2        2        2        2        2        2        2        2        2        2        2        2        2        2        3        3        3        3        4        4        5        6        6        8        9       11       14       17       22       28      36
