SWAN 1
LOCATIONS
     1
     -67.28  18.38
AFREQ
     56
     0.0300
     0.0400
     0.0500
     0.0600
     0.0700
     0.0800
     0.0900
     0.1000
     0.1100
     0.1200
     0.1300
     0.1400
     0.1500
     0.1600
     0.1700
     0.1800
     0.1900
     0.2000
     0.2100
     0.2200
     0.2300
     0.2400
     0.2500
     0.2600
     0.2700
     0.2800
     0.2900
     0.3000
     0.3100
     0.3200
     0.3300
     0.3400
     0.3500
     0.3600
     0.3700
     0.3800
     0.3900
     0.4000
     0.4100
     0.4200
     0.4300
     0.4400
     0.4500
     0.4600
     0.4700
     0.4800
     0.4900
     0.5000
     0.5100
     0.5200
     0.5300
     0.5400
     0.5500
     0.5600
     0.5700
     0.5800
NDIR
     72
     5.0000
     10.0000
     15.0000
     20.0000
     25.0000
     30.0000
     35.0000
     40.0000
     45.0000
     50.0000
     55.0000
     60.0000
     65.0000
     70.0000
     75.0000
     80.0000
     85.0000
     90.0000
     95.0000
     100.0000
     105.0000
     110.0000
     115.0000
     120.0000
     125.0000
     130.0000
     135.0000
     140.0000
     145.0000
     150.0000
     155.0000
     160.0000
     165.0000
     170.0000
     175.0000
     180.0000
     185.0000
     190.0000
     195.0000
     200.0000
     205.0000
     210.0000
     215.0000
     220.0000
     225.0000
     230.0000
     235.0000
     240.0000
     245.0000
     250.0000
     255.0000
     260.0000
     265.0000
     270.0000
     275.0000
     280.0000
     285.0000
     290.0000
     295.0000
     300.0000
     305.0000
     310.0000
     315.0000
     320.0000
     325.0000
     330.0000
     335.0000
     340.0000
     345.0000
     350.0000
     355.0000
     360.0000
QUANT
     1
VaDens
m2/Hz/degr
     -999.000000
FACTOR
     1.00000E-06
          70      69       66       61       56       50       44       39       35       31       27       24       22       20       18       16       15       14       13       12       11       11       10       10        9        9        8        8        8        8        8        7        7        7        7        7        7        7        7        7        8        8        8        8        8        9        9        9       10       10       11       11       12       13       13       14       15       17       18       20       22       25       27       31       34       39       44       49       55       60       65      68
         197     222      250      280      305      321      322      305      276      240      204      171      144      121      103       89       77       68       60       54       49       45       42       40       38       36       35       34       33       33       33       33       34       34       35       37       38       40       43       46       49       53       57       61       66       72       78       83       89       94       98      101      104      105      105      105      104      103      102      101      101      101      102      104      107      111      116      123      132      144      158     175
        1558    1640     1683     1677     1617     1507     1364     1204     1043      894      761      647      551      471      406      351      306      269      239      213      192      174      159      146      135      126      119      112      107      103       99       96       94       92       91       91       91       91       92       94       96       99      103      107      112      118      125      133      142      153      166      180      196      215      237      262      290      323      360      402      450      504      564      632      708      792      885      987     1097     1213     1334    1452
      675836   85159    18575     7743     4151     2553     1715     1226      918      713      571      469      394      337      293      258      231      210      192      179      168      159      152      147      143      141      140      140      141      144      148      154      161      170      181      195      212      233      259      292      332      382      445      525      627      757      923     1132     1389     1690     2015     2323     2562     2694     2713     2647     2537     2420     2321     2255     2232     2258     2346     2511     2783     3215     3908     5077     7234    11894    25426  108640
      160687 1177450   185093    36372    14694     7761     4734     3163     2253     1684     1307     1045      858      720      616      536      474      425      385      354      329      310      294      282      273      267      263      262      264      267      274      283      295      311      331      356      387      425      473      533      609      706      831      996     1215     1512     1920     2488     3283     4376     5795     7405     8790     9408     9089     8176     7121     6187     5456     4926     4571     4368     4304     4379     4610     5041     5755     6922     8894    12514    20210   41797
      227080 1259840    84357    20967     9133     5002     3115     2108     1515     1138      887      711      585      491      420      365      322      288      261      240      222      208      197      189      182      177      174      172      172      174      177      181      188      196      207      220      236      256      281      311      348      394      451      523      614      729      876     1064     1301     1596     1950     2349     2757     3119     3374     3493     3488     3403     3285     3175     3098     3074     3115     3239     3472     3855     4467     5458     7149    10335    17461   39792
       22983   93253   363645    65054    15821     6755     3662     2268     1531     1099      826      644      517      426      358      307      268      237      212      193      178      165      155      148      142      137      134      132      132      132      134      137      142      148      155      165      177      191      210      232      260      295      338      394      465      556      674      829     1030     1287     1604     1970     2345     2658     2840     2863     2759     2588     2404     2241     2115     2033     1999     2014     2089     2235     2478     2867     3492     4549     6503   10731
       26555   39505    65735    97423    77250    36719    17185     9075     5332     3396     2300     1635     1208      921      722      579      475      396      335      289      252      222      199      179      164      151      141      132      125      120      115      112      110      108      108      108      109      111      114      118      123      130      137      147      159      173      190      212      238      270      310      361      425      508      617      759      951     1210     1564     2052     2723     3630     4810     6245     7820     9346    10668    11791    12892    14284    16409   20004
        7176    8831    11520    15948    22636    28833    26761    17857    10500     6282     3979     2669     1881     1381     1050      822      659      540      451      384      331      290      257      231      210      192      178      167      158      150      144      140      137      135      134      134      136      138      142      147      153      161      171      183      197      215      236      262      295      334      383      444      520      617      740      895     1093     1341     1649     2017     2437     2883     3316     3693     3988     4205     4371     4529     4727     5015     5455    6130
        5888    8461    14553    34428   107689    78276    19803     7403     3649     2104     1341      916      659      494      383      305      249      207      176      151      132      117      105       95       87       81       76       72       68       66       64       62       62       61       62       62       64       66       68       71       76       81       87       95      104      115      130      148      170      199      236      284      348      434      551      714      942     1261     1698     2260     2898     3480     3838     3913     3784     3585     3414     3324     3349     3521     3898    4598
        6093    9442    18482    57496   153319    47515    12541     5252     2770     1669     1097      768      563      429      337      271      224      188      160      139      122      109       99       90       83       77       73       69       66       64       62       61       61       61       61       62       64       66       69       73       77       83       90       98      108      121      136      156      181      212      252      305      375      468      593      763      991     1292     1667     2091     2497     2800     2946     2954     2885     2807     2765     2792     2917     3182     3661    4510
        6686   10544    20052    48659    82255    39558    14358     6666     3706     2315     1565     1122      841      653      522      427      358      305      264      232      207      187      171      158      148      139      133      128      124      121      120      119      119      121      123      127      132      138      146      156      168      182      200      221      248      280      320      369      430      506      601      718      861     1031     1224     1432     1636     1816     1952     2036     2074     2080     2074     2073     2092     2145     2246     2413     2675     3082     3725    4787
       10426   15017    21611    27504    26009    18142    11102     6801     4354     2927     2055     1497     1126      870      688      555      456      380      322      277      241      212      188      169      153      140      130      121      113      107      102       98       95       93       91       90       89       90       90       92       94       97      100      105      110      117      125      134      145      158      174      192      215      241      274      313      360      418      489      577      685      818      983     1188     1445     1766     2172     2694     3378     4301     5597    7500
        1327    1469     1696     2063     2677     3764     5815     9516    12964    10358     5628     2976     1717     1080      728      518      385      296      234      190      158      133      115      100       89       79       72       66       61       57       54       52       50       49       48       47       47       47       48       49       51       53       55       59       63       68       74       81       90      102      115      133      155      183      218      264      322      397      492      610      746      894     1034     1146     1215     1240     1233     1212     1192     1184     1198    1242
        2378    2930     3915     5799     9641    15985    16830     9484     4557     2405     1416      908      621      446      334      258      205      167      139      118      101       88       78       70       63       58       54       50       47       45       43       42       41       41       40       41       41       42       43       45       47       49       53       57       61       67       75       84       95      109      127      150      179      218      269      337      428      552      716      928     1181     1449     1682     1833     1885     1864     1812     1765     1747     1777     1871    2056
        1771    2426     3658     6310    12599    21106    15232     6697     3202     1778     1104      742      528      394      304      242      197      164      140      120      106       94       84       77       71       66       62       58       56       54       52       51       51       51       51       51       52       54       56       58       61       65       70       75       82       89       98      109      122      138      156      178      203      232      265      302      342      384      426      466      504      540      572      604      638      676      722      782      864      977     1141    1385
        2489    3004     3840     5246     7596    10714    11730     8544     4937     2813     1702     1099      751      538      400      308      243      196      162      136      116      100       88       78       70       64       59       54       51       48       46       44       43       42       41       41       41       41       42       43       45       47       49       52       55       60       65       71       79       89      100      115      133      155      183      218      263      321      393      485      597      730      880     1039     1196     1337     1459     1565     1668     1785     1939    2159
        1973    2277     2631     3045     3510     3967     4269     4215     3727     2975     2220     1609     1163      851      634      483      375      297      240      197      164      139      119      103       91       80       72       65       60       55       51       48       46       44       42       41       40       39       39       39       39       40       40       42       43       45       47       50       53       58       62       68       75       84       94      107      122      141      165      194      230      275      331      401      488      594      722      873     1048     1245     1464    1705
        1152    1274     1458     1721     2059     2396     2529     2271     1740     1215      827      570      404      295      222      172      136      110       91       76       65       56       49       44       39       36       33       30       28       27       25       24       24       23       23       23       23       23       23       24       25       26       28       29       31       34       37       41       46       52       59       68       80       95      114      140      173      217      276      353      452      574      711      846      955     1021     1046     1043     1032     1026     1039    1078
        1496    1791     2159     2598     3058     3393     3398     2999     2374     1762     1277      929      686      516      397      312      250      204      169      142      121      104       91       81       72       65       59       54       50       47       44       42       40       39       38       37       37       36       36       37       37       38       39       40       42       44       47       50       53       57       63       69       76       84       95      107      121      139      160      185      216      253      296      348      410      482      566      663      777      910     1069    1260
        1287    1793     2701     4346     6505     6541     4129     2249     1287      798      531      374      275      210      165      133      109       92       78       68       60       53       48       44       40       37       35       33       32       30       30       29       28       28       28       29       29       30       31       32       33       35       37       40       43       47       51       56       62       69       78       88       99      113      128      146      166      188      212      237      263      290      318      347      378      414      455      507      574      665      794     986
        1636    2716     5603    14931    20291     7619     2815     1358      776      494      339      246      186      145      116       96       80       69       60       53       47       42       39       36       33       31       30       29       28       27       27       26       26       27       27       28       29       30       31       33       35       38       41       45       50       55       61       69       78       89      102      118      135      155      177      201      225      249      271      292      310      328      345      363      385      412      449      500      574      682      849    1127
         880    1036     1238     1483     1728     1871     1800     1524     1174      864      631      466      351      271      214      172      141      118      100       86       75       66       59       54       49       45       42       40       38       36       35       34       33       33       32       32       33       33       34       35       37       39       41       43       47       50       55       60       67       74       83       94      106      121      138      158      181      206      234      264      295      325      356      386      415      444      476      511      554      606      674     762
         934    1179     1474     1770     1949     1887     1601     1236      914      670      495      373      287      225      180      146      120      101       86       74       64       56       50       45       41       37       34       32       30       28       26       25       24       24       23       23       22       22       22       22       23       23       24       25       26       27       28       30       32       34       37       40       44       49       54       60       67       76       86       98      112      129      149      173      203      239      282      336      404      489      600     744
        1161    1814     2938     4114     3740     2321     1321      793      512      351      254      191      148      118       96       80       68       59       51       45       40       36       33       31       29       27       25       24       23       22       22       21       21       21       21       21       21       22       22       23       24       25       26       27       29       31       33       36       38       42       45       49       54       59       65       71       78       86       95      105      117      130      146      164      186      214      249      295      359      449      584     798
        1142    1378     1704     2117     2505     2578     2164     1536     1013      666      449      313      226      169      129      101       81       66       55       47       40       35       30       27       24       22       20       19       18       16       16       15       15       14       14       14       14       14       14       14       15       15       16       17       18       19       20       22       24       27       30       34       39       44       51       60       72       86      103      126      154      189      232      283      343      411      484      562      644      735      839     970
        1049    1626     2172     2061     1442      916      596      410      297      225      177      143      119      101       88       77       69       62       57       53       49       46       44       42       41       39       38       37       37       36       36       36       36       36       36       36       36       37       37       37       38       38       38       39       39       39       40       40       41       42       43       44       45       46       48       50       53       56       60       65       71       78       87       99      114      134      161      199      253      335      465     681
         476     634      850     1086     1197     1057      775      525      353      244      174      129       98       76       61       49       41       34       29       25       22       20       18       16       15       13       12       12       11       10       10       10        9        9        9        9        9        9        9        9       10       10       11       11       12       12       13       14       15       17       18       20       22       25       28       31       35       40       46       52       59       68       78       90      103      120      140      164      195      236      290     367
         774     854      876      843      775      690      601      517      439      370      308      255      210      173      142      117       97       80       67       57       48       41       36       31       27       24       22       20       18       16       15       14       13       12       12       11       11       11       11       10       10       10       10       11       11       11       12       12       13       14       15       16       17       19       21       24       27       31       36       42       50       60       73       89      112      142      182      237      311      407      524     654
         889    1447     2351     2960     2303     1347      775      478      316      221      162      123       96       77       63       52       44       38       33       29       26       23       21       19       18       17       16       15       14       13       13       12       12       12       12       12       12       12       12       12       13       13       13       14       15       15       16       17       19       20       21       23       25       28       31       34       38       42       47       53       60       68       79       91      107      126      152      186      234      304      411     585
         876    1258     1488     1268      849      533      343      232      164      120       92       72       57       47       39       33       28       24       21       19       17       15       14       13       12       11       11       10       10        9        9        9        9        8        8        8        9        9        9        9        9       10       10       11       11       12       13       14       15       16       17       19       21       23       26       29       32       36       41       46       53       61       71       83       98      117      143      177      226      299      411     590
         564     581      542      484      430      390      362      346      338      334      329      318      295      260      217      173      134      103       79       61       48       38       30       25       21       17       15       13       11       10        9        8        7        7        6        6        5        5        5        5        5        5        5        5        5        5        5        5        5        6        6        6        7        8        9       10       11       13       15       17       21       25       31       39       51       67       91      127      180      259      364     480
         398     487      516      476      405      336      280      238      207      184      168      155      144      136      127      119      110      100       89       79       69       59       50       43       37       31       27       23       20       18       16       14       12       11       10        9        9        8        8        7        7        7        7        7        6        6        6        7        7        7        7        8        8        9        9       10       11       12       14       16       18       22       26       31       38       48       61       80      108      149      210     295
         257     285      316      351      388      426      457      473      461      419      355      286      223      172      132      103       81       65       52       43       36       30       26       22       20       17       15       14       13       12       11       10       10        9        9        8        8        8        8        8        8        8        8        8        9        9       10       10       11       12       13       14       15       17       19       21       24       28       32       37       44       51       61       72       85      100      118      138      159      182      206     231
         133     150      169      190      212      234      254      267      268      253      224      187      151      119       93       73       57       46       37       30       25       21       18       15       13       12       11        9        9        8        7        7        6        6        6        5        5        5        5        5        5        5        5        5        5        5        6        6        6        7        7        8        9        9       10       12       13       15       17       19       22       26       30       35       41       49       57       67       77       90      103     117
         199     180      165      155      149      148      150      157      169      184      202      219      228      221      196      160      124       94       71       54       42       33       26       21       18       15       13       11       10        9        8        7        6        6        6        5        5        5        5        5        5        5        5        5        5        5        5        5        6        6        7        7        8        9       11       12       14       17       20       25       30       39       50       65       87      117      154      196      230      245      240     221
         462     356      260      198      160      137      124      118      117      122      131      146      166      186      198      188      157      118       85       60       43       31       24       18       14       11        9        8        7        6        5        4        4        3        3        3        3        2        2        2        2        2        2        2        2        2        2        2        2        2        3        3        3        3        4        4        5        6        7        8       10       12       15       20       26       37       53       80      128      215      351     474
         495     426      333      261      213      183      165      156      152      153      156      160      160      153      138      115       91       70       53       40       31       24       19       15       12       10        8        7        6        5        5        4        4        3        3        3        3        3        2        2        2        2        2        2        2        2        2        2        3        3        3        3        4        4        4        5        6        6        8        9       11       14       17       22       29       40       57       84      129      207      327     455
         173     169      151      131      113      100       91       85       83       83       85       90       96      103      108      109      102       89       72       56       43       33       25       19       15       12       10        8        7        6        5        4        4        4        3        3        3        2        2        2        2        2        2        2        2        2        2        2        2        2        2        3        3        3        3        4        4        5        6        7        8       10       12       15       19       25       33       46       64       90      122     155
         152     139      125      113      106      102      101      104      111      122      138      157      174      179      165      134      100       71       51       37       27       21       16       13       10        8        7        6        5        4        4        3        3        3        3        2        2        2        2        2        2        2        2        2        2        2        2        2        2        2        3        3        3        4        4        5        5        6        7        9       11       13       17       22       29       39       54       74      100      129      151     159
         141     140      137      136      137      141      148      159      172      185      192      186      165      134      102       75       55       41       31       24       19       15       12       10        8        7        6        5        5        4        4        3        3        3        3        3        2        2        2        2        2        2        2        2        2        2        3        3        3        3        3        4        4        5        5        6        7        8       10       12       14       18       22       28       36       47       61       78       97      116      130     139
         325     385      381      335      282      239      209      188      174      164      156      148      137      123      105       87       70       55       43       33       26       21       17       13       11        9        8        7        6        5        4        4        4        3        3        3        3        2        2        2        2        2        2        2        2        2        2        2        2        2        3        3        3        3        4        4        5        5        6        7        9       11       13       16       21       27       36       50       72      106      159     236
         140     131      120      111      104      100      100      102      106      112      119      123      120      109       92       72       55       41       31       23       18       14       11        9        7        6        5        5        4        3        3        3        2        2        2        2        2        2        2        2        2        2        2        2        2        2        2        2        2        2        2        3        3        3        4        4        5        5        7        8       10       12       15       19       26       34       47       64       86      110      131     141
          72      60       52       47       44       42       42       44       47       52       60       73       94      128      179      241      263      209      135       84       54       36       25       19       14       11        9        7        6        5        4        4        3        3        3        3        2        2        2        2        2        2        2        2        2        2        2        2        2        3        3        3        4        4        5        5        6        8        9       12       15       19       26       35       50       72      100      128      140      130      108      88
         107      98       84       70       60       52       47       44       43       43       45       49       56       66       82      107      142      177      182      144       96       62       40       27       19       14       11        8        7        6        5        4        3        3        3        2        2        2        2        2        1        1        1        1        1        1        1        1        1        1        2        2        2        2        2        2        3        3        4        4        5        6        8       10       12       16       22       31       43       61       82     101
          90      78       67       59       53       49       47       47       49       52       59       69       84      105      130      149      142      112       77       51       35       24       17       13       10        8        6        5        4        4        3        3        2        2        2        2        2        1        1        1        1        1        1        1        1        1        1        1        1        1        2        2        2        2        2        3        3        4        4        5        6        8       10       13       17       24       33       46       63       82       96      98
          68      71       73       74       74       76       78       82       88       96      107      120      133      142      141      127      104       81       60       45       34       26       20       16       13       10        9        7        6        5        5        4        4        3        3        3        3        3        2        2        2        2        2        2        2        2        2        2        2        3        3        3        3        4        4        4        5        6        7        8        9       11       13       15       19       23       28       35       42       50       57      63
          36      40       46       52       59       69       81       98      120      153      198      258      319      343      301      222      152      103       71       51       38       29       22       18       15       12       10        9        7        6        6        5        5        4        4        4        3        3        3        3        3        3        3        3        3        3        3        3        3        3        3        3        4        4        4        5        5        6        6        7        8        9       10       11       13       14       16       19       21       24       28      31
          29      33       38       44       51       60       72       88      111      142      184      237      286      300      262      199      141       99       71       52       39       31       24       20       16       13       11       10        9        8        7        6        5        5        5        4        4        4        4        4        3        3        3        3        3        3        3        3        3        4        4        4        4        4        5        5        5        6        6        7        8        8        9       10       12       13       14       16       18       20       23      26
          19      22       25       29       34       40       49       60       75       96      126      164      203      224      208      165      120       86       62       45       34       26       21       17       14       12       10        8        7        6        6        5        5        4        4        4        3        3        3        3        3        3        3        3        3        3        3        3        3        3        3        3        3        3        3        4        4        4        5        5        5        6        6        7        8        9       10       11       12       13       15      17
          69      62       53       46       40       36       34       33       33       34       37       42       50       62       83      114      153      171      141       93       57       36       24       16       12        9        7        5        4        4        3        3        2        2        2        1        1        1        1        1        1        1        1        1        1        1        1        1        1        1        1        1        1        1        2        2        2        2        3        3        4        5        7        8       11       14       20       27       37       50       63      70
          27      31       35       39       45       51       60       70       83      100      123      151      182      209      215      195      157      118       86       63       47       36       28       22       18       15       12       10        9        8        7        6        5        5        5        4        4        4        3        3        3        3        3        3        3        3        3        3        3        3        3        3        4        4        4        4        5        5        6        6        7        7        8        9       10       12       13       15       17       19       21      24
          74      75       69       62       55       49       46       44       44       46       49       55       64       77       94      108      108       91       66       45       31       21       15       11        8        6        5        4        3        3        2        2        2        1        1        1        1        1        1        1        1        1        1        1        1        1        1        1        1        1        1        1        1        1        1        1        2        2        2        3        3        4        5        6        8       11       14       20       27       38       51      65
          75     101      132      160      175      173      161      145      130      118      109      102       96       91       86       79       71       62       53       44       36       29       23       19       15       13       10        9        7        6        5        5        4        4        3        3        3        2        2        2        2        2        2        2        2        2        2        2        2        2        2        2        2        2        2        3        3        3        4        4        5        5        6        8        9       11       14       17       23       30       40      54
          47      64       80       87       82       72       61       52       46       42       40       39       39       42       46       53       63       76       93      106      104       85       61       42       29       20       14       11        8        6        5        4        3        3        2        2        2        2        1        1        1        1        1        1        1        1        1        1        1        1        1        1        1        1        1        1        1        1        2        2        2        3        3        4        5        6        7        9       12       17       23      33
          56      53       47       42       37       33       31       29       29       29       30       32       36       41       49       62       79       98      112      106       82       57       39       26       19       14       10        8        6        5        4        3        3        3        2        2        2        2        1        1        1        1        1        1        1        1        1        1        1        1        1        1        1        2        2        2        2        3        3        4        4        5        6        8       10       13       17       22       30       39       48      54
