SWAN 1
LOCATIONS
     1
     681726.07 2033118.57
AFREQ
     56
     0.0300
     0.0400
     0.0500
     0.0600
     0.0700
     0.0800
     0.0900
     0.1000
     0.1100
     0.1200
     0.1300
     0.1400
     0.1500
     0.1600
     0.1700
     0.1800
     0.1900
     0.2000
     0.2100
     0.2200
     0.2300
     0.2400
     0.2500
     0.2600
     0.2700
     0.2800
     0.2900
     0.3000
     0.3100
     0.3200
     0.3300
     0.3400
     0.3500
     0.3600
     0.3700
     0.3800
     0.3900
     0.4000
     0.4100
     0.4200
     0.4300
     0.4400
     0.4500
     0.4600
     0.4700
     0.4800
     0.4900
     0.5000
     0.5100
     0.5200
     0.5300
     0.5400
     0.5500
     0.5600
     0.5700
     0.5800
NDIR
     72
     5.0000
     10.0000
     15.0000
     20.0000
     25.0000
     30.0000
     35.0000
     40.0000
     45.0000
     50.0000
     55.0000
     60.0000
     65.0000
     70.0000
     75.0000
     80.0000
     85.0000
     90.0000
     95.0000
     100.0000
     105.0000
     110.0000
     115.0000
     120.0000
     125.0000
     130.0000
     135.0000
     140.0000
     145.0000
     150.0000
     155.0000
     160.0000
     165.0000
     170.0000
     175.0000
     180.0000
     185.0000
     190.0000
     195.0000
     200.0000
     205.0000
     210.0000
     215.0000
     220.0000
     225.0000
     230.0000
     235.0000
     240.0000
     245.0000
     250.0000
     255.0000
     260.0000
     265.0000
     270.0000
     275.0000
     280.0000
     285.0000
     290.0000
     295.0000
     300.0000
     305.0000
     310.0000
     315.0000
     320.0000
     325.0000
     330.0000
     335.0000
     340.0000
     345.0000
     350.0000
     355.0000
     360.0000
QUANT
     1
VaDens
m2/Hz/degr
     -999.000000
FACTOR
     1.00000E-06
          44      36       30       24       20       17       14       12       11       10        9        8        8        7        7        7        7        7        7        7        8        8        8        9       10       10       11       12       13       13       14       14       14       13       12       11       10        9        9        8        7        7        6        6        5        5        5        5        5        4        4        5        5        5        5        5        6        6        7        8        9       10       12       14       18       22       28       34       42       49       52      50
         526     418      324      253      202      167      141      123      109       99       92       87       84       83       82       83       86       89       95      101      109      119      130      142      152      160      163      161      152      138      122      106       91       79       68       59       52       46       41       37       34       31       29       28       26       25       25       24       24       24       25       25       26       27       29       31       34       37       42       47       55       64       77       95      119      154      205      279      381      501      595     604
       12919    6797     3711     2224     1444      997      722      544      422      336      273      227      191      164      142      125      111       99       90       82       76       71       66       63       60       57       55       54       53       52       52       52       52       52       53       55       56       58       61       64       67       72       76       82       89       96      105      116      128      142      158      177      199      225      256      291      334      384      444      516      606      719      864     1058     1328     1719     2325     3335     5173     8775    15096   18764
      261095   24483     7599     3615     2092     1358      951      704      544      435      357      301      258      226      201      181      166      153      144      136      131      126      124      122      122      123      125      129      134      140      149      160      173      190      211      237      270      312      367      438      530      652      811     1017     1270     1556     1828     2014     2059     1965     1786     1585     1398     1242     1119     1027      962      921      901      902      925      973     1053     1175     1359     1642     2095     2875     4384     7941    20353  153508
      335561   36503    13491     6933     4196     2807     2011     1515     1188      961      798      678      587      518      464      422      388      362      342      326      315      307      302      301      302      307      315      326      341      361      386      418      458      507      570      650      751      882     1053     1279     1577     1973     2489     3135     3871     4572     5038     5113     4816     4311     3766     3276     2874     2562     2328     2160     2048     1984     1967     1995     2074     2212     2428     2753     3242     4000     5240     7449    11983    23926    79826 2550150
     1009550   73387    24850    12233     7195     4707     3308     2451     1890     1506     1232     1031      881      765      675      604      548      503      466      437      414      396      383      373      367      363      363      366      372      382      395      411      432      457      489      526      571      625      689      766      857      965     1092     1239     1407     1596     1801     2014     2226     2424     2595     2731     2831     2899     2944     2978     3016     3069     3151     3276     3459     3724     4104     4649     5449     6665     8614    12015    18775    35601   103386 1934050
     1283650   70271    18791     8592     4903     3169     2221     1650     1280     1028      850      719      622      547      489      444      409      381      359      342      330      321      315      313      313      317      323      333      345      362      382      407      437      473      516      567      626      694      771      857      948     1043     1135     1217     1283     1327     1348     1346     1327     1296     1259     1222     1189     1163     1146     1140     1147     1170     1211     1273     1363     1489     1665     1913     2269     2798     3628     5032     7693    13766    33569  226063
      452651   69796    18050     7854     4283     2654     1787     1277      954      739      589      481      401      340      294      258      229      206      187      172      160      150      142      135      130      126      124      122      121      122      123      125      128      133      138      145      153      164      176      190      208      229      253      283      318      361      411      471      541      623      717      822      938     1062     1189     1316     1441     1561     1681     1804     1939     2101     2304     2576     2956     3510     4364     5781     8395    14111    31199  138710
       58195  112488    68369    22362     9062     4514     2572     1605     1071      751      549      415      322      256      208      172      145      124      107       94       84       75       68       62       58       54       51       48       46       45       43       43       42       42       42       43       44       45       47       49       51       55       59       63       69       76       85       96      109      125      146      173      207      251      311      390      500      651      864     1165     1590     2181     2969     3947     5049     6174     7282     8475    10042    12561    17337   28146
        8009   11352    19382    33844    28834    11741     4818     2354     1316      809      533      371      269      202      156      124      100       83       70       59       51       45       40       36       32       30       28       26       24       23       22       21       21       21       20       20       21       21       21       22       23       24       26       27       29       32       35       39       44       50       58       68       80       96      118      147      188      246      331      460      661      988     1532     2436     3822     5481     6636     6788     6383     6026     6020    6561
        3269    3999     4988     5943     6013     4774     3164     1975     1250      823      565      403      297      226      177      141      115       95       81       69       60       53       47       42       38       35       33       30       29       27       26       25       25       24       24       24       24       25       25       26       27       28       30       32       34       37       41       45       51       57       65       75       88      104      125      152      188      235      298      382      494      641      825     1044     1282     1516     1722     1897     2055     2227     2452    2778
        2733    3757     4487     4005     2753     1719     1087      720      501      364      275      214      171      140      117       99       86       75       67       60       55       50       47       44       42       40       39       38       37       37       37       37       38       39       41       42       45       48       51       55       61       67       75       85       96      111      130      153      182      218      263      318      382      454      527      594      646      679      691      690      681      671      666      670      687      720      775      860      989     1186     1492    1976
        4329    6297     6859     4981     2963     1766     1119      756      539      401      310      247      202      169      144      124      110       98       89       81       75       70       67       64       62       60       59       58       59       59       60       62       64       67       71       76       81       88       97      107      120      135      154      177      206      240      281      329      384      443      502      555      595      620      628      623      609      593      577      566      561      564      576      602      642      703      794      927     1128     1441     1955    2833
        4040    4760     4081     2763     1755     1145      785      564      422      328      262      215      180      153      133      117      105       95       87       81       76       72       68       66       64       63       62       62       62       62       64       65       67       70       73       77       82       87       94      101      109      118      128      139      151      164      177      190      203      216      227      237      247      255      263      271      279      289      300      315      333      357      388      429      484      558      663      814     1039     1390     1953    2849
        1460    2249     3498     4510     3862     2435     1449      908      608      432      321      249      199      164      138      118      104       92       83       76       71       66       63       61       59       58       57       57       58       59       61       63       67       71       76       82       90      100      112      127      146      169      197      231      271      317      364      408      442      460      460      444      418      388      358      331      308      290      276      267      263      263      268      278      294      319      354      404      476      583      747    1011
        1230    1751     2495     3166     3074     2275     1492      976      665      475      354      274      218      179      150      129      112       99       89       82       75       71       67       64       62       60       60       59       60       61       62       65       68       72       76       83       90       99      110      124      141      162      187      217      253      293      336      378      413      436      444      437      419      394      368      343      321      303      289      279      274      273      276      285      300      322      354      399      463      556      692     901
        2143    3031     3228     2405     1508      943      622      435      319      244      194      158      132      113       99       88       79       72       67       63       60       58       56       55       55       56       56       58       60       64       68       73       80       88       99      112      130      153      184      225      280      355      453      576      711      824      868      828      731      618      516      433      369      321      285      259      240      227      219      216      216      222      232      248      272      306      355      425      531      694      960    1409
         920    1004     1003      909      763      613      484      383      307      251      208      176      151      132      117      106       96       89       83       79       75       73       71       70       70       71       72       74       77       81       87       93      101      111      124      140      160      184      215      253      300      355      416      477      528      559      561      538      498      450      403      361      325      296      273      255      242      233      228      227      229      235      245      261      282      311      349      400      468      555      665     794
         386     377      344      296      246      202      165      136      114       96       83       72       64       57       52       48       44       42       40       39       38       37       37       37       38       39       41       43       46       49       54       60       67       77       90      107      129      160      203      263      345      451      568      657      673      609      508      410      330      269      225      192      168      151      138      128      122      118      116      117      119      123      130      140      153      170      191      219      253      292      334     369
         412     549      687      740      655      499      358      256      188      143      112       90       74       63       54       48       43       39       36       33       32       30       29       29       29       29       29       30       31       33       35       38       42       47       53       61       72       86      106      133      172      227      305      404      506      563      538      454      360      281      223      181      151      129      113      102       93       87       84       81       81       82       84       88       94      103      116      133      156      190      239     310
         185     225      269      310      337      339      317      279      237      199      168      142      123      108       96       87       80       74       70       68       66       65       65       66       68       71       75       80       87       95      106      119      135      153      173      193      209      219      219      208      190      168      146      126      109       94       83       73       66       59       55       51       48       45       44       43       42       42       42       43       44       46       49       52       57       63       70       79       91      107      127     152
         284     375      476      544      534      453      353      268      205      160      129      106       90       78       69       62       57       53       50       48       47       46       47       47       49       51       55       59       65       72       82       96      113      137      168      209      261      317      362      377      351      300      243      194      156      127      105       89       77       67       60       55       51       48       45       44       43       43       43       44       45       48       51       55       61       68       78       91      108      133      167     215
         260     245      219      189      160      135      115       99       86       76       68       62       57       54       51       49       47       47       46       47       47       49       51       53       57       61       66       72       80       88       97      107      116      124      130      131      129      123      114      105       95       85       77       69       63       58       54       50       48       45       44       43       42       42       43       44       45       47       50       53       58       64       72       81       93      109      128      152      181      211      240     258
         246     241      223      197      170      144      122      104       89       78       69       61       56       51       48       45       43       41       40       39       39       39       40       41       42       44       46       48       51       55       59       64       69       74       79       83       86       88       89       88       85       81       77       72       68       64       60       56       54       51       49       48       47       46       47       47       48       50       52       55       59       64       70       78       88      101      117      136      160      186      213     235
         181     221      243      232      196      153      117       91       71       57       47       40       35       30       27       25       23       22       21       20       19       19       19       20       20       21       22       24       26       28       32       36       40       46       54       62       71       80       87       91       90       84       76       68       59       51       45       40       35       32       29       27       26       24       23       23       23       23       23       24       25       27       29       32       35       40       47       56       68       85      109     141
         109     122      133      140      141      137      127      115      103       91       80       71       64       57       52       48       45       42       40       38       37       36       36       35       35       36       37       37       39       40       41       43       45       46       48       49       50       50       50       50       49       47       45       43       41       39       37       35       34       32       31       30       29       29       29       28       29       29       30       31       32       34       36       39       42       46       51       57       64       73       84      96
         104     109      109      104       96       87       77       68       59       52       46       41       37       34       32       30       28       27       26       25       24       24       24       25       25       26       27       28       29       31       32       35       37       39       41       44       46       47       48       48       47       46       45       43       40       38       36       34       33       31       30       29       28       28       27       27       28       28       29       30       32       34       36       39       43       48       54       60       68       77       87      97
          44      47       50       54       59       65       72       81       92      105      120      136      152      166      175      176      169      156      140      123      107       94       82       72       65       58       53       49       45       43       41       39       38       37       37       37       37       38       39       40       41       43       45       48       50       53       56       59       61       63       65       65       65       64       63       60       58       55       53       50       48       46       44       42       41       40       40       40       40       40       41      43
          38      40       42       46       50       54       61       68       78       91      106      126      149      175      200      219      225      218      198      172      146      123      104       89       76       67       59       53       48       44       41       38       36       35       34       33       33       33       33       33       34       34       35       37       38       40       41       43       44       46       47       48       48       48       48       47       46       45       43       42       40       39       38       37       36       35       35       34       35       35       36      37
          14      15       16       18       20       22       25       28       33       39       45       54       63       73       81       86       86       82       74       65       57       49       43       38       33       30       27       25       24       22       22       21       21       20       21       21       21       22       23       24       25       27       28       30       31       32       33       34       33       33       31       29       27       25       23       22       20       18       17       16       15       14       14       13       13       12       12       12       12       13       13      14
          14      15       18       20       23       27       32       38       45       53       61       67       71       70       67       61       55       49       44       39       35       32       30       28       27       26       26       26       26       27       28       30       32       35       38       42       47       52       57       61       63       63       60       54       48       41       35       30       26       22       19       17       15       13       12       11       10       10        9        9        9        9        8        8        9        9        9        9       10       11       11      13
          39      42       45       49       54       58       63       68       73       77       79       80       79       76       72       67       62       56       51       47       43       39       36       34       31       30       28       27       26       25       25       24       24       24       24       24       24       25       25       26       27       27       28       29       30       30       31       31       32       32       32       32       32       31       31       30       30       29       29       29       28       28       28       28       28       29       30       30       32       33       35      37
          33      32       32       31       31       32       32       33       35       37       39       43       47       53       60       70       82       96      111      125      134      132      121      103       85       69       55       45       37       31       26       23       20       17       16       14       13       12       11       11       10       10       10       10       10       10       10       10       10       11       11       12       13       13       14       16       17       19       21       23       25       27       29       31       33       34       35       35       35       35       34      34
          16      17       18       20       22       24       28       32       37       44       52       62       72       82       88       87       80       70       58       48       39       33       27       23       20       17       15       14       13       11       11       10       10        9        9        9        8        8        8        8        9        9        9        9       10       10       10       11       11       12       12       13       13       13       14       14       14       14       14       14       14       14       14       13       13       13       13       14       14       14       14      15
          14      15       18       21       25       30       37       46       58       74       93      113      128      132      123      107       89       74       62       52       45       39       35       32       29       27       26       25       24       24       24       24       24       24       24       24       24       24       24       24       23       22       21       20       19       17       16       15       13       12       11       11       10        9        9        8        8        8        8        7        7        7        7        7        8        8        8        9        9       10       11      12
          22      25       29       33       38       43       48       52       54       54       53       50       46       42       38       35       32       29       27       25       24       23       22       22       21       21       21       22       22       23       24       25       27       28       29       30       31       31       31       30       29       27       26       24       22       20       18       16       15       14       13       12       11       11       10       10       10        9        9        9        9        9       10       10       11       11       12       13       14       15       17      19
          17      17       18       18       19       19       20       20       21       22       22       23       23       24       24       24       24       24       24       23       23       22       22       21       21       20       19       19       18       18       17       17       16       16       15       15       15       15       15       14       14       14       14       14       14       14       14       14       14       14       14       14       14       14       14       14       14       14       14       14       14       14       14       14       15       15       15       15       15       16       16      16
          10      12       14       17       20       25       31       38       45       50       52       49       43       37       31       27       23       20       17       15       14       13       12       12       11       11       11       11       11       12       12       13       14       15       16       18       19       20       21       21       21       20       19       17       15       13       12       10        9        8        7        7        6        6        5        5        5        4        4        4        4        4        4        4        5        5        5        6        6        7        8       9
           6       7        7        9       10       12       15       19       25       35       50       74      109      141      142      111       78       54       39       29       23       19       16       14       12       11       10        9        9        9        8        8        9        9        9       10       10       11       12       13       14       16       17       18       19       19       19       18       16       14       13       11       10        9        8        7        6        6        5        5        5        4        4        4        4        4        4        4        4        5        5       5
           9       9       10       10       11       12       12       14       15       17       19       22       25       29       35       42       50       60       70       79       84       84       79       71       62       53       45       39       34       30       27       24       22       20       19       18       17       17       16       16       16       16       16       16       16       16       16       16       16       16       16       16       16       15       15       14       14       13       12       12       11       11       10       10       10        9        9        9        9        9        9       9
           2       2        3        3        4        5        6        8       11       16       23       36       54       70       68       52       35       24       18       13       11        9        7        6        6        5        5        5        5        4        5        5        5        5        6        7        7        9       10       12       15       18       20       21       21       18       15       12        9        7        6        5        4        3        3        3        2        2        2        2        2        1        1        1        1        1        1        1        2        2        2       2
           2       3        3        4        4        5        7        9       12       16       23       36       57       91      121      117       86       58       41       30       23       19       16       14       13       12       12       12       12       12       13       14       16       19       23       28       35       43       51       53       48       38       28       20       15       11        8        7        5        4        4        3        3        2        2        2        2        2        1        1        1        1        1        1        1        1        1        1        2        2        2       2
           3       3        4        4        4        5        6        7        8       10       12       15       19       24       31       39       49       56       59       56       49       41       35       29       25       21       19       17       16       14       14       13       13       12       12       12       12       12       12       12       11       11       11       10       10        9        8        7        7        6        6        5        5        4        4        3        3        3        3        3        3        2        2        2        2        2        2        2        2        3        3       3
           4       5        6        7        8        9       11       13       16       19       23       28       32       36       38       39       37       35       32       29       27       25       23       22       21       20       20       20       20       20       20       21       21       21       21       21       20       18       17       15       14       12       10        9        8        7        6        5        5        4        4        4        3        3        3        3        3        2        2        2        2        2        2        2        2        3        3        3        3        3        4       4
           4       4        5        5        6        6        7        8       10       11       13       15       18       21       25       29       32       35       37       38       37       35       33       31       28       26       24       22       21       20       19       18       18       17       16       16       15       15       14       13       13       12       11       10       10        9        8        7        7        6        6        5        5        4        4        4        4        4        3        3        3        3        3        3        3        3        3        3        3        3        4       4
           1       1        1        2        2        2        3        4        5        6        7        9       12       14       15       16       15       14       13       11       10        9        8        8        7        7        7        7        8        8        9       11       13       16       20       25       32       37       37       30       22       16       11        8        6        4        3        3        2        2        1        1        1        1        1        1        1        1        1        1        0        0        0        0        0        0        1        1        1        1        1       1
           1       1        1        2        2        2        3        3        4        4        5        6        7        8       10       11       12       12       13       12       12       11       11       10       10        9        9        9        9       10       11       12       13       15       18       23       31       42       58       76       80       65       44       29       19       13       10        7        5        4        3        3        2        2        2        2        1        1        1        1        1        1        1        1        1        1        1        1        1        1        1       1
           2       2        2        2        3        3        4        4        5        6        7        8       10       11       13       15       17       18       18       18       17       16       15       15       14       13       13       13       13       13       14       15       16       18       21       24       28       33       38       41       41       38       31       25       19       15       11        9        7        6        5        4        3        3        3        2        2        2        2        2        2        1        1        1        1        1        1        1        1        1        2       2
           3       3        4        4        5        6        8       10       12       15       19       24       29       32       34       33       30       27       24       22       19       18       17       16       16       16       16       16       17       18       20       22       23       25       26       25       24       21       18       15       12       10        8        7        5        5        4        3        3        2        2        2        2        2        1        1        1        1        1        1        1        1        1        1        1        1        1        2        2        2        2       2
           3       3        4        4        5        7        8       11       14       18       23       28       32       33       31       27       23       20       18       16       14       13       12       12       12       12       13       14       16       18       21       26       32       41       52       60       59       49       36       25       18       13       10        7        6        5        4        3        3        2        2        2        2        1        1        1        1        1        1        1        1        1        1        1        1        1        1        1        2        2        2       2
           2       2        2        3        3        3        3        4        4        5        6        6        7        8        8        9        9       10       10       10       10       11       11       11       11       12       12       13       13       15       16       17       19       21       23       25       26       26       24       22       19       15       13       10        8        7        6        5        4        4        3        3        2        2        2        2        2        2        1        1        1        1        1        1        1        1        1        1        1        2        2       2
           2       2        3        3        3        4        4        4        5        5        6        7        8        9       10       11       12       13       15       16       17       19       20       22       24       25       27       30       32       34       35       35       35       33       30       26       22       19       16       13       11        9        8        7        6        5        4        4        3        3        3        2        2        2        2        2        2        2        2        2        1        1        1        1        1        2        2        2        2        2        2       2
           1       1        1        1        1        1        1        1        1        2        2        2        2        3        3        4        5        6        7        8       10       12       14       16       18       20       22       23       24       26       27       28       28       29       29       28       27       24       21       18       15       12       10        8        6        5        4        4        3        2        2        2        2        1        1        1        1        1        1        1        1        1        1        0        0        0        0        0        0        0        0       1
           2       2        2        3        3        3        3        4        4        4        5        5        5        6        6        7        7        7        8        8        9        9       10       10       11       12       13       14       16       18       20       23       27       31       35       38       40       39       36       31       25       21       17       13       11        9        8        6        5        5        4        4        3        3        3        2        2        2        2        2        2        2        2        2        2        2        2        2        2        2        2       2
           1       1        1        1        1        2        2        2        2        3        3        4        4        5        6        7        8        9       11       12       13       14       15       16       16       17       17       18       18       19       20       22       24       27       30       33       36       37       37       34       29       24       19       15       11        9        7        6        5        4        3        3        2        2        2        2        1        1        1        1        1        1        1        1        1        1        1        1        1        1        1       1
           1       1        1        1        2        2        2        2        2        3        3        3        4        4        5        6        6        7        9       10       11       13       14       16       18       19       21       22       23       25       26       27       28       29       29       29       28       27       24       22       19       16       14       11        9        8        7        6        5        4        4        3        3        2        2        2        2        2        1        1        1        1        1        1        1        1        1        1        1        1        1       1
