SWAN 1
LOCATIONS
     1
     -67.28  18.38
AFREQ
     56
     0.0300
     0.0400
     0.0500
     0.0600
     0.0700
     0.0800
     0.0900
     0.1000
     0.1100
     0.1200
     0.1300
     0.1400
     0.1500
     0.1600
     0.1700
     0.1800
     0.1900
     0.2000
     0.2100
     0.2200
     0.2300
     0.2400
     0.2500
     0.2600
     0.2700
     0.2800
     0.2900
     0.3000
     0.3100
     0.3200
     0.3300
     0.3400
     0.3500
     0.3600
     0.3700
     0.3800
     0.3900
     0.4000
     0.4100
     0.4200
     0.4300
     0.4400
     0.4500
     0.4600
     0.4700
     0.4800
     0.4900
     0.5000
     0.5100
     0.5200
     0.5300
     0.5400
     0.5500
     0.5600
     0.5700
     0.5800
NDIR
     72
     5.0000
     10.0000
     15.0000
     20.0000
     25.0000
     30.0000
     35.0000
     40.0000
     45.0000
     50.0000
     55.0000
     60.0000
     65.0000
     70.0000
     75.0000
     80.0000
     85.0000
     90.0000
     95.0000
     100.0000
     105.0000
     110.0000
     115.0000
     120.0000
     125.0000
     130.0000
     135.0000
     140.0000
     145.0000
     150.0000
     155.0000
     160.0000
     165.0000
     170.0000
     175.0000
     180.0000
     185.0000
     190.0000
     195.0000
     200.0000
     205.0000
     210.0000
     215.0000
     220.0000
     225.0000
     230.0000
     235.0000
     240.0000
     245.0000
     250.0000
     255.0000
     260.0000
     265.0000
     270.0000
     275.0000
     280.0000
     285.0000
     290.0000
     295.0000
     300.0000
     305.0000
     310.0000
     315.0000
     320.0000
     325.0000
     330.0000
     335.0000
     340.0000
     345.0000
     350.0000
     355.0000
     360.0000
QUANT
     1
VaDens
m2/Hz/degr
     -999.000000
FACTOR
     1.00000E-06
         154     155      144      126      108       91       78       68       60       54       49       46       43       42       41       40       40       40       40       41       41       42       42       42       41       39       37       35       32       29       26       24       21       19       17       15       14       13       12       11       10        9        9        9        8        8        8        8        8        8        8        8        8        9        9       10       11       12       13       14       16       19       22       26       31       37       46       58       74       94      117     139
         545     628      695      726      708      647      562      473      393      326      271      228      194      167      145      128      114      103       93       86       79       74       69       65       62       60       58       56       54       53       52       52       51       51       51       51       51       52       52       53       54       55       56       57       58       60       61       63       64       66       69       71       74       76       80       84       88       93       99      106      114      123      135      149      165      186      211      243      282      331      391     463
       17316    7797     3571     1928     1178      785      557      414      320      255      208      174      148      128      112      100       90       82       75       70       66       62       60       57       56       55       54       53       53       54       55       56       58       60       62       65       69       73       78       84       91       98      107      117      128      140      153      168      184      201      219      237      256      276      296      318      341      366      396      431      474      528      599      694      828     1023     1326     1830     2757     4715     9508   18818
      417132   61556    17981     8163     4548     2856     1942     1398     1052      819      657      539      452      386      336      296      264      239      219      203      190      179      171      165      160      157      155      155      156      158      162      167      174      183      194      208      225      246      271      303      342      390      452      529      629      756      922     1136     1412     1761     2184     2663     3147     3555     3815     3901     3847     3717     3571     3452     3388     3396     3496     3713     4091     4712     5733     7496    10850    18442    42509  208946
     2545680  308467    54773    21732    11395     6922     4613     3280     2448     1897     1516     1243     1042      891      775      684      612      556      510      474      445      422      404      391      382      376      374      375      380      388      400      416      437      463      496      537      587      650      727      824      947     1102     1301     1560     1899     2346     2937     3712     4700     5887     7164     8294     8995     9118     8754     8130     7457     6859     6393     6074     5907     5897     6059     6426     7064     8096     9762    12561    17674    28497    58695  225971
      975016  126957    41291    20034    11734     7677     5406     4013     3102     2475     2027     1697     1447     1255     1104      984      887      809      745      693      650      614      586      562      544      529      519      512      508      506      508      513      520      530      543      558      577      598      623      651      682      717      756      798      845      895      951     1011     1076     1146     1224     1308     1401     1505     1622     1755     1909     2091     2308     2573     2903     3325     3877     4624     5673     7217     9635    13758    21720    40518   105857  680248
      849829  100563    31510    14926     8568     5504     3811     2785     2120     1668     1348     1114      939      805      700      618      552      499      456      420      391      368      348      333      320      311      304      299      296      296      297      301      306      314      323      335      350      367      388      412      439      471      508      550      597      652      713      782      859      944     1039     1142     1256     1380     1516     1665     1829     2014     2225     2473     2771     3140     3614     4243     5115     6385     8355    11683    18044    32887    83754  543402
       41412   17411     9158     5488     3582     2483     1802     1355     1050      833      676      558      469      400      345      302      267      239      216      197      181      168      158      149      141      136      131      127      125      123      122      122      123      125      128      132      136      142      149      158      168      180      195      212      233      257      287      322      364      415      476      551      643      755      892     1060     1268     1524     1841     2237     2736     3376     4220     5376     7046     9647    14133    23113    45872   130503   336857  145867
       34951   26540    20854    16187    11991     8415     5691     3803     2562     1761     1240      896      664      505      392      310      250      205      171      145      124      108       95       84       76       69       63       58       54       51       48       46       44       43       42       42       42       42       42       43       44       45       47       50       53       56       61       66       72       80       90      102      117      137      161      193      235      291      368      477      634      870     1239     1842     2894     4864     8897    17914    37862    65187    66965   48924
       43497   29107    14024     7206     4143     2601     1742     1225      895      675      522      413      332      273      227      192      164      142      124      110       98       88       80       74       68       63       60       56       54       52       50       49       48       47       47       47       47       48       49       50       52       54       57       60       64       69       74       81       88       98      109      122      139      159      183      213      250      297      357      433      531      660      832     1064     1386     1846     2532     3613     5452     8906    16165   31192
        4141    6739    11282    13208     8256     4058     2132     1246      795      542      389      291      225      179      145      121      102       88       77       68       61       55       51       47       44       42       40       39       37       37       36       36       36       37       38       39       41       43       45       48       52       57       63       70       79       91      105      123      146      177      217      270      342      439      569      737      941     1161     1356     1480     1515     1481     1415     1348     1301     1285     1307     1377     1514     1749     2146    2841
        4760    8469    10023     6043     2940     1564      931      606      421      308      234      184      149      123      104       89       78       69       62       57       52       48       45       43       41       40       39       39       38       38       39       40       41       42       45       47       50       54       59       65       72       81       92      106      122      144      170      203      244      293      351      414      479      536      579      603      608      599      583      567      554      547      550      564      593      641      715      829     1007     1297     1800    2760
        2719    2143     1674     1314     1041      836      681      562      470      398      341      296      259      229      204      184      167      153      141      131      122      115      109      104      100       97       94       92       91       90       89       89       90       91       93       95       98      101      106      110      116      123      131      140      150      162      177      193      212      234      259      289      324      365      414      472      541      624      725      849     1002     1193     1434     1738     2121     2591     3134     3683     4095     4194     3909    3354
        2130    1383      951      691      526      416      339      284      244      214      190      172      158      147      139      132      127      123      121      120      119      120      121      123      126      129      133      138      143      147      152      157      161      165      167      168      169      168      166      164      161      158      154      151      148      146      144      143      143      144      146      150      155      162      171      182      197      217      242      275      319      380      464      586      771     1064     1554     2396     3734     5044     4821    3367
        2896    3925     3932     2832     1775     1122      747      525      387      297      236      193      161      138      120      106       95       87       80       75       71       68       66       64       63       63       63       65       66       69       72       76       81       87       95      105      117      131      149      171      197      228      264      305      347      388      421      442      448      440      421      397      371      346      325      307      293      284      279      279      283      293      308      332      365      412      480      577      723      949     1317    1930
         686     756      812      837      821      765      682      589      499      420      354      300      256      221      194      171      153      139      127      118      110      104       99       95       92       90       89       89       89       91       93       96       99      104      110      117      125      135      147      160      176      193      213      235      257      280      302      321      336      347      352      352      347      340      332      323      314      307      302      299      299      301      307      317      330      349      373      404      443      491      548     614
        1982    1921     1533     1101      773      554      410      314      248      201      167      142      123      109       98       89       82       77       73       70       68       67       66       66       67       69       71       75       80       86       93      103      116      132      153      180      217      267      335      430      558      726      917     1081     1142     1072      921      756      615      505      423      363      318      286      262      245      234      228      226      229      236      248      267      294      331      383      457      564      720      950     1279    1681
         533     609      667      689      664      601      519      437      364      304      257      219      190      167      148      134      123      114      107      102       99       96       95       95       96       98      102      107      113      122      133      147      165      189      220      260      313      382      473      587      716      836      908      899      817      699      581      479      399      336      289      252      225      204      188      176      167      162      158      157      159      163      169      178      190      207      228      256      291      335      391     458
         235     261      289      318      345      364      374      370      354      328      297      266      236      210      187      168      152      138      128      119      112      107      103      101       99       99      100      102      105      109      116      124      134      148      165      188      217      254      303      367      449      550      662      766      828      822      751      647      540      447      372      313      267      233      206      185      169      157      148      141      137      134      133      134      136      140      146      154      164      177      193     212
         243     283      323      357      372      363      331      287      241      200      166      139      118      101       88       78       70       64       59       55       52       50       48       47       47       47       48       49       51       53       57       62       68       75       86       99      116      140      173      219      285      378      506      659      788      818      729      587      454      351      278      225      187      160      140      125      114      106      101       97       95       94       95       97      101      107      115      126      140      157      180     208
         289     295      288      270      245      216      188      162      140      122      107       95       85       77       70       65       61       57       55       53       52       51       51       51       52       53       55       57       61       65       70       76       84       94      106      120      137      157      180      205      229      250      264      269      263      249      231      210      191      173      157      144      134      125      119      114      111      109      109      110      112      116      122      129      139      151      166      183      204      228      252     274
         383     445      437      365      277      206      154      118       94       76       64       55       48       43       39       36       33       32       31       30       30       30       30       31       33       35       37       41       45       51       58       68       81       98      121      149      182      215      238      241      222      191      158      129      106       88       75       64       57       51       46       42       40       38       37       36       36       36       37       39       41       44       48       54       61       71       84      103      129      167      222     296
          81      89       97      106      114      121      125      126      124      119      112      104       96       88       81       75       70       65       61       58       56       54       53       53       53       54       55       57       60       64       69       75       83       93      106      121      140      162      187      212      233      245      244      229      206      180      155      132      114       98       86       76       68       62       57       53       50       48       46       45       44       44       45       45       47       49       51       54       58       62       68      74
          85      96      107      117      126      132      133      129      122      112      102       91       82       74       67       61       56       53       50       47       46       44       44       44       44       45       47       49       52       56       61       67       75       85       97      111      129      147      166      182      190      188      177      160      140      121      104       89       78       68       61       55       50       46       43       41       39       38       37       37       37       37       38       39       41       44       47       50       55       61       68      76
         185     216      238      240      222      191      157      127      103       85       70       60       51       45       40       36       33       31       29       28       27       27       26       27       27       28       29       31       33       36       39       44       50       58       69       83      101      126      157      194      231      256      258      237      203      168      137      113       94       80       70       62       55       51       47       45       43       42       42       42       43       44       46       50       54       59       67       76       89      106      127     154
         169     160      147      131      116      102       90       79       70       63       57       52       48       45       42       40       38       37       36       36       36       36       37       38       39       41       44       47       51       56       61       68       76       86       98      111      124      138      151      160      164      163      157      147      136      125      114      104       96       89       83       78       75       72       71       70       70       71       73       75       79       84       90       97      106      116      128      140      153      164      171     173
         110     100       89       78       69       61       54       48       44       40       37       34       32       30       29       28       28       27       27       27       28       29       30       31       33       35       38       41       45       50       56       63       70       79       89       99      107      114      117      117      113      107      100       92       84       77       71       66       62       58       56       54       53       52       52       52       53       55       58       61       65       70       76       84       92      101      110      118      124      127      125     119
          79      80       81       81       82       83       83       83       83       84       83       83       83       83       82       81       81       80       79       78       76       75       74       72       70       69       67       65       64       62       60       59       57       56       54       53       52       51       50       49       49       48       48       47       47       47       47       47       48       48       49       49       50       51       52       53       54       56       57       59       60       62       64       65       67       69       70       72       74       75       76      78
          69      75       83       91       99      108      115      121      123      121      117      109      100       91       82       73       66       59       54       49       45       42       39       37       36       34       33       33       32       32       32       33       34       35       36       37       39       41       44       46       49       52       55       58       61       63       65       65       65       64       63       61       59       57       54       52       50       48       47       46       45       44       44       44       45       46       47       49       52       55       59      63
          43      49       57       68       81       99      120      145      169      187      190      178      156      132      109       90       75       64       55       48       43       39       35       33       31       29       28       28       27       27       28       28       29       30       31       33       35       38       40       43       46       48       51       52       53       53       52       50       47       44       41       38       35       33       31       29       27       26       25       24       24       23       23       23       24       25       26       27       29       31       34      38
          30      34       39       44       52       62       75       93      117      147      185      223      250      253      232      198      162      131      107       89       75       64       56       50       45       41       38       36       34       33       32       31       31       31       31       31       32       32       33       33       34       34       34       34       34       34       33       32       31       30       28       27       26       24       23       22       21       21       20       19       19       19       19       19       19       20       20       21       22       24       25      28
          41      46       53       60       67       73       79       81       81       78       72       66       59       52       47       42       38       34       32       29       28       26       25       25       24       24       24       24       25       26       27       28       30       31       34       36       39       42       45       47       49       50       50       49       47       44       41       38       35       32       30       28       26       24       23       22       21       20       20       19       19       19       20       20       21       22       23       25       27       30       33      37
          33      37       43       50       59       68       77       84       87       86       80       72       63       54       47       41       36       31       28       26       23       22       21       20       19       18       18       18       18       19       19       20       21       22       23       25       27       29       32       34       36       38       40       40       40       39       37       35       32       30       27       25       23       22       20       19       18       17       17       16       16       16       16       16       17       18       19       20       21       23       26      29
          42      45       48       51       54       57       58       59       60       59       58       57       56       54       53       51       50       49       49       48       48       49       49       50       51       53       55       57       59       62       64       66       67       68       68       67       64       61       58       54       50       46       42       39       35       33       30       28       26       25       24       23       22       21       21       20       20       20       20       20       21       21       22       23       24       26       27       29       31       33       36      39
          31      31       31       30       29       29       28       27       26       25       24       23       22       22       21       21       21       21       21       22       22       23       24       25       27       29       31       34       38       42       47       53       60       66       73       78       81       81       79       74       67       61       54       48       43       38       34       31       29       27       25       23       22       22       21       20       20       20       20       20       21       21       22       23       24       24       26       27       28       29       29      30
          35      38       42       45       49       51       54       55       56       55       53       51       48       46       43       40       38       36       34       32       31       30       29       29       28       28       29       29       29       30       31       32       34       35       36       38       39       40       41       42       41       41       40       38       36       34       32       30       29       27       25       24       23       22       21       20       20       19       19       19       19       19       20       20       21       22       23       24       26       28       30      32
          22      24       27       30       34       39       43       48       51       54       54       52       49       45       40       36       32       28       25       23       21       19       18       17       16       15       15       14       14       14       14       14       14       14       15       15       15       16       17       17       18       18       19       19       19       19       19       19       18       17       17       16       16       15       14       14       13       13       13       13       12       12       12       13       13       13       14       15       15       17       18      20
          16      18       20       23       27       31       37       44       53       63       72       79       81       77       70       61       52       44       37       32       27       24       21       19       18       16       15       15       14       14       13       13       13       13       14       14       14       15       15       16       17       17       18       19       19       19       19       19       19       18       17       17       16       15       14       13       13       12       12       11       11       11       11       11       11       11       11       12       12       13       14      15
          13      14       15       16       18       19       21       23       25       27       29       31       32       33       34       34       33       32       31       29       27       26       25       23       22       21       20       20       19       19       18       18       18       18       18       17       17       17       17       17       17       17       17       17       17       16       16       15       15       14       14       13       13       12       12       11       11       10       10       10       10       10       10       10       10       10       10       10       11       11       12      13
           6       7        8        8       10       11       13       16       20       24       31       38       47       54       58       55       48       40       33       27       22       19       16       14       12       11       10       10        9        9        9        9        9        9        9       10       10       11       12       13       15       17       19       21       23       25       26       26       25       23       20       18       15       13       12       10        9        8        7        7        6        6        5        5        5        5        5        5        5        5        6       6
           7       7        8        9       10       12       13       15       18       20       22       24       26       26       26       25       24       22       20       18       17       16       14       14       13       12       12       12       12       12       12       12       13       14       14       15       16       17       18       19       20       20       20       19       18       17       15       14       12       11       10        9        8        7        7        6        6        5        5        5        5        5        5        4        5        5        5        5        5        5        6       6
           7       7        7        7        8        8        8        9        9       10       11       11       12       13       14       15       16       17       18       19       20       21       21       22       22       22       23       23       22       22       22       22       22       21       21       21       20       20       20       19       19       18       18       17       16       16       15       14       13       13       12       11       11       10       10        9        9        8        8        8        7        7        7        7        6        6        6        6        6        6        6       6
           3       3        4        4        5        6        6        8        9       11       13       16       18       22       24       26       26       26       24       21       19       17       15       14       13       12       11       10       10       10       10       10       10       10       11       11       12       13       13       14       14       14       14       13       13       11       10        9        8        7        6        6        5        4        4        4        3        3        3        3        3        2        2        2        2        2        2        2        2        3        3       3
          13      13       14       14       14       14       14       14       14       13       13       13       13       13       12       12       12       12       12       12       13       13       13       13       13       13       13       13       13       13       13       12       12       11       11       10       10        9        8        8        7        7        7        6        6        6        5        5        5        5        5        5        5        5        5        5        5        5        6        6        6        6        7        7        8        8        9        9       10       11       11      12
          20      19       18       17       17       17       17       18       18       19       21       23       25       27       30       32       32       31       29       25       21       17       14       11        9        8        6        5        5        4        4        3        3        3        2        2        2        2        2        2        2        2        2        2        2        2        2        2        2        2        2        3        3        3        4        4        5        5        6        7        9       10       12       14       17       19       21       22       23       22       22      21
          12      14       15       17       19       20       22       23       24       24       24       23       22       21       19       18       16       15       14       13       12       11       10       10        9        9        8        8        7        7        7        7        6        6        6        6        5        5        5        5        5        5        4        4        4        4        4        4        4        4        4        4        4        4        4        4        4        4        4        4        5        5        5        5        6        6        7        7        8        9       10      11
          11      12       12       13       13       13       13       13       12       12       12       11       11       11       10       10       10       10       10       10       10       10       10       10       10       10       11       11       11       11       11       11       11       11       10       10       10        9        9        8        7        7        7        6        6        5        5        5        5        5        4        4        4        4        4        4        4        5        5        5        5        5        6        6        6        7        7        8        8        9       10      10
           5       5        6        7        8        9       11       13       15       16       17       16       15       14       12       10        9        8        7        6        5        5        4        4        4        3        3        3        3        3        3        3        3        3        3        3        3        4        4        4        4        4        4        4        4        4        4        4        4        4        4        4        3        3        3        3        3        3        3        3        3        2        2        3        3        3        3        3        3        3        4       4
           3       3        4        4        4        5        5        6        6        7        8        9       10       11       12       13       13       13       13       13       13       12       12       11       10       10        9        9        9        8        8        8        8        8        8        8        8        8        8        8        8        8        8        8        7        7        7        6        6        5        5        5        4        4        4        3        3        3        3        3        3        3        3        2        2        2        2        2        3        3        3       3
           2       2        2        3        3        4        4        5        6        8       10       12       16       20       25       28       29       28       25       21       18       15       12       11        9        8        7        7        6        6        6        5        5        5        5        5        5        5        5        4        4        4        4        4        4        3        3        3        3        2        2        2        2        2        2        2        1        1        1        1        1        1        1        1        1        1        1        1        1        1        2       2
           4       4        5        6        7        8        9       11       13       15       16       17       16       15       13       12       10        9        8        7        6        5        5        4        4        4        4        4        4        4        4        4        4        4        4        5        5        5        6        6        6        6        7        7        7        6        6        6        5        5        4        4        4        3        3        3        3        2        2        2        2        2        2        2        2        2        2        2        3        3        3       3
           2       3        3        3        3        3        3        3        4        4        5        5        6        7        8       10       12       14       17       19       20       19       17       15       12       10        8        6        5        5        4        3        3        3        2        2        2        2        2        2        2        1        1        1        1        1        1        2        2        2        2        2        2        2        2        2        2        2        2        2        2        3        3        3        3        3        3        3        2        2        2       2
           1       1        1        1        1        2        2        2        3        4        5        7       10       13       16       18       17       15       12       10        8        6        5        5        4        4        3        3        3        3        3        3        3        3        3        3        3        3        3        3        3        3        3        2        2        2        2        1        1        1        1        1        1        1        1        0        0        0        0        0        0        0        0        0        0        0        0        0        0        0        0       1
           2       2        2        2        3        3        3        4        4        5        5        6        6        7        7        7        7        7        7        6        6        6        6        6        5        5        5        5        5        5        5        5        5        5        5        5        4        4        4        4        4        3        3        3        3        2        2        2        2        2        2        1        1        1        1        1        1        1        1        1        1        1        1        1        1        1        1        1        1        1        1       2
           2       2        2        2        3        3        4        4        5        6        7        9       10       12       13       13       13       12       10        9        7        6        5        4        4        3        3        3        2        2        2        2        2        2        1        1        1        1        1        1        1        1        1        1        1        1        1        1        1        1        1        1        1        1        1        1        1        1        1        1        1        1        1        1        1        1        1        1        1        1        1       1
           2       2        2        3        3        3        3        4        4        5        6        7        8        9       10       11       12       12       11       10        9        7        6        5        4        3        3        2        2        2        2        1        1        1        1        1        1        1        1        1        1        1        1        1        1        1        1        1        1        1        1        1        1        1        1        1        1        1        1        2        2        2        2        2        2        2        2        2        2        2        2       2
