SWAN 1
LOCATIONS
     1
     -67.28  18.38
AFREQ
     56
     0.0300
     0.0400
     0.0500
     0.0600
     0.0700
     0.0800
     0.0900
     0.1000
     0.1100
     0.1200
     0.1300
     0.1400
     0.1500
     0.1600
     0.1700
     0.1800
     0.1900
     0.2000
     0.2100
     0.2200
     0.2300
     0.2400
     0.2500
     0.2600
     0.2700
     0.2800
     0.2900
     0.3000
     0.3100
     0.3200
     0.3300
     0.3400
     0.3500
     0.3600
     0.3700
     0.3800
     0.3900
     0.4000
     0.4100
     0.4200
     0.4300
     0.4400
     0.4500
     0.4600
     0.4700
     0.4800
     0.4900
     0.5000
     0.5100
     0.5200
     0.5300
     0.5400
     0.5500
     0.5600
     0.5700
     0.5800
NDIR
     72
     5.0000
     10.0000
     15.0000
     20.0000
     25.0000
     30.0000
     35.0000
     40.0000
     45.0000
     50.0000
     55.0000
     60.0000
     65.0000
     70.0000
     75.0000
     80.0000
     85.0000
     90.0000
     95.0000
     100.0000
     105.0000
     110.0000
     115.0000
     120.0000
     125.0000
     130.0000
     135.0000
     140.0000
     145.0000
     150.0000
     155.0000
     160.0000
     165.0000
     170.0000
     175.0000
     180.0000
     185.0000
     190.0000
     195.0000
     200.0000
     205.0000
     210.0000
     215.0000
     220.0000
     225.0000
     230.0000
     235.0000
     240.0000
     245.0000
     250.0000
     255.0000
     260.0000
     265.0000
     270.0000
     275.0000
     280.0000
     285.0000
     290.0000
     295.0000
     300.0000
     305.0000
     310.0000
     315.0000
     320.0000
     325.0000
     330.0000
     335.0000
     340.0000
     345.0000
     350.0000
     355.0000
     360.0000
QUANT
     1
VaDens
m2/Hz/degr
     -999.000000
FACTOR
     1.00000E-06
          46      43       40       36       33       30       28       25       24       22       21       20       19       18       18       17       17       16       16       16       15       15       14       14       13       13       12       11       11       10        9        9        8        8        7        7        7        6        6        6        6        5        5        5        5        5        5        5        5        6        6        6        7        7        7        8        9       10       11       12       14       16       18       21       25       29       33       38       42       46       47      47
         173     159      146      134      123      113      105       98       91       86       81       76       72       69       66       63       60       58       56       54       52       50       49       47       46       45       44       43       42       41       40       40       39       39       38       38       38       38       38       39       39       40       41       42       44       46       48       50       53       56       60       65       70       77       84       92      102      114      127      142      158      176      193      210      223      233      237      235      228      217      204     189
        1509    1723     1995     2292     2510     2497     2192     1725     1273      920      669      495      375      291      231      187      154      129      110       95       84       74       67       61       56       52       48       46       44       42       41       40       39       39       39       40       40       42       43       45       48       51       55       59       65       72       80       91      104      121      141      168      202      246      304      378      473      591      730      880     1021     1132     1196     1214     1201     1175     1150     1139     1147     1181     1247    1353
      687670   43683    12384     5624     3142     1979     1349      974      735      574      461      379      319      273      238      210      188      171      157      145      136      129      124      120      117      115      114      114      115      117      121      125      132      139      149      161      175      193      216      244      280      325      384      461      563      701      890     1152     1516     2014     2661     3408     4092     4480     4460     4137     3705     3298     2973     2741     2599     2543     2573     2701     2953     3386     4114     5389     7851    13561    32865  251322
      595449  766372   111718    36343    17414    10059     6494     4517     3318     2540     2010     1635     1361     1156      999      877      781      705      644      595      555      524      499      479      465      455      448      446      447      452      461      474      491      512      539      571      611      658      715      782      863      958     1070     1202     1357     1535     1739     1966     2213     2472     2732     2981     3206     3399     3557     3684     3791     3891     4001     4136     4318     4568     4916     5405     6098     7104     8614    11005    15093    22965    41410  104504
       36560  190119   758190    81087    20927     9261     5138     3238     2217     1610     1222      962      779      646      547      472      415      369      333      304      282      263      249      237      229      222      218      216      216      218      222      227      235      245      259      275      295      319      349      385      429      482      547      626      723      840      980     1145     1332     1537     1745     1939     2098     2208     2264     2272     2247     2207     2167     2139     2133     2156     2218     2329     2504     2769     3165     3765     4712     6308     9295   15947
       32366  286136   669010    40647    12075     5636     3217     2063     1430     1047      801      634      515      429      365      316      278      248      224      206      190      178      169      161      156      152      149      148      148      150      153      157      163      170      180      192      206      224      246      273      305      345      394      454      528      618      727      857     1006     1169     1335     1487     1607     1683     1712     1702     1668     1624     1582     1552     1541     1553     1596     1675     1803     1999     2295     2748     3473     4718     7117   12746
       12388   25946    98995   326273    66301    16525     6996     3743     2285     1520     1075      796      611      484      393      326      275      236      206      182      163      148      136      126      117      111      106      102       99       96       95       94       95       96       97      100      104      108      114      121      130      140      153      168      187      210      238      273      316      369      436      518      622      748      902     1082     1285     1500     1711     1900     2055     2176     2270     2356     2453     2585     2778     3070     3520     4236     5436    7644
       17079   26990    52964   111959    96497    35133    14075     6962     3972     2496     1680     1192      881      673      529      426      350      293      250      216      189      168      150      137      125      116      108      102       97       94       91       89       87       87       87       87       89       91       94       98      103      109      117      126      137      151      168      189      214      247      288      340      407      496      615      774      993     1295     1714     2292     3066     4039     5136     6179     6976     7453     7706     7915     8264     8944    10211   12547
        7390   10392    17744    42524   121238    70783    18166     6955     3450     1987     1261      857      613      457      352      279      226      187      157      135      117      103       92       83       76       70       65       61       58       55       54       52       51       51       51       51       52       53       55       57       60       64       68       74       80       89       99      111      127      147      173      207      252      312      395      512      682      936     1327     1939     2895     4297     5986     7289     7535     6931     6119     5475     5105     5026     5273    5960
        7365    9849    15107    27984    55561    53193    21799     8918     4409     2507     1570     1054      746      550      420      330      265      218      182      155      134      117      104       93       84       77       72       67       63       60       58       56       55       54       53       53       54       55       56       58       61       64       68       72       78       85       94      104      117      133      154      180      213      256      312      388      490      631      827     1102     1483     1996     2641     3357     4014     4478     4713     4799     4863     5019     5375    6071
       11862   16320    21511    22927    17678    11044     6624     4120     2701     1860     1337      996      766      604      487      401      336      286      247      216      192      172      156      143      132      123      116      110      106      102       99       98       97       96       97       98      100      103      106      111      117      124      133      143      156      171      189      212      239      272      314      365      428      507      606      730      884     1074     1303     1573     1879     2212     2559     2907     3251     3602     3984     4439     5029     5853     7064    8926
       13556   16971    17955    15174    10852     7279     4891     3376     2408     1773     1343     1043      829      671      553      463      394      339      295      260      232      208      189      173      160      149      140      133      127      122      118      115      112      111      110      110      111      113      115      118      122      128      134      141      150      160      172      187      204      224      248      276      309      349      396      453      521      603      701      820      963     1136     1348     1607     1928     2331     2847     3525     4439     5712     7529   10122
        1888    2247     2854     3919     5849     8986    11207     8639     4816     2615     1530      968      653      464      344      263      208      168      139      117      100       87       76       68       61       56       52       48       45       43       41       40       39       38       38       38       38       39       40       42       43       46       49       52       56       62       68       76       86       98      114      134      159      192      235      292      369      470      603      772      973     1187     1378     1509     1566     1561     1526     1490     1471     1486     1548    1672
        2766    2629     2699     2996     3605     4662     6130     6933     5568     3369     1894     1108      690      455      316      229      171      132      104       84       70       58       50       43       38       34       30       27       25       23       22       21       20       19       18       18       18       17       18       18       18       19       19       20       21       23       24       26       29       32       36       41       47       55       65       78       95      119      153      201      273      385      569      885     1458     2519     4270     6011     6119     4960     3851    3145
        1508    1878     2530     3761     6173     9757     9831     5684     2854     1554      934      608      421      306      231      180      145      118       99       84       73       64       57       51       47       43       40       38       36       34       33       33       32       32       32       32       33       34       35       37       39       41       44       48       53       59       67       76       87      102      122      147      181      226      288      374      492      654      862     1104     1332     1480     1511     1446     1339     1233     1149     1096     1078     1099     1165    1291
        2005    2983     5045     9423    13213     8602     3942     1963     1113      697      470      335      249      192      152      124      103       87       74       65       57       51       47       43       40       37       35       33       32       31       30       30       30       30       30       31       31       33       34       36       38       41       44       48       53       59       66       74       85       98      114      134      159      190      227      271      321      377      436      492      543      584      618      645      671      700      738      793      874      996     1184    1486
        2680    3587     4782     5692     5275     3790     2416     1529     1004      690      494      367      281      221      178      147      123      105       90       79       70       63       57       52       49       45       43       41       39       38       37       36       36       36       36       37       38       39       40       42       45       47       51       55       60       66       73       82       93      106      122      141      164      193      228      270      320      377      442      511      583      655      724      790      855      924     1003     1102     1234     1417     1682    2078
        1149    1560     2265     3422     4713     4623     3105     1809     1080      687      465      332      247      190      151      122      102       86       74       65       57       52       47       43       40       38       36       34       33       32       31       31       31       31       32       32       33       35       37       39       41       45       49       53       59       66       74       84       97      112      130      152      178      208      241      278      314      348      377      400      416      426      434      440      449      463      485      517      565      636      741     899
         554     673      852     1122     1517     1995     2285     2055     1494      993      660      454      324      241      185      146      118       98       83       71       62       55       50       45       41       38       36       34       33       32       31       30       30       30       31       31       32       33       35       37       39       42       46       50       55       62       69       79       90      104      121      141      165      192      222      252      281      305      323      333      336      335      331      326      323      323      327      337      354      380      418     474
        1405    1990     2847     3623     3433     2414     1502      942      620      430      312      235      183      146      120      100       85       74       65       58       52       48       44       41       39       37       35       34       33       33       33       33       33       34       34       36       37       39       42       44       48       52       57       63       70       79       89      102      116      133      153      175      200      226      252      276      298      316      329      340      348      356      365      377      393      417      451      499      567      667      815    1042
        2976    3349     2770     1845     1160      749      506      357      263      200      156      125      103       86       72       62       54       48       43       39       35       33       30       28       27       25       24       24       23       23       22       22       22       22       23       23       24       25       26       27       29       30       32       35       38       41       45       49       54       60       67       74       83       93      105      118      132      149      167      188      212      240      273      313      363      429      516      639      818     1090     1517    2171
        1366    2454     4522     4985     2674     1245      656      390      253      176      128       98       76       62       51       43       37       32       28       25       23       21       19       18       17       16       16       15       15       15       15       15       15       15       16       16       17       18       19       21       23       25       27       31       35       39       45       53       62       72       86      101      119      139      160      180      198      213      223      229      233      236      240      246      256      272      296      333      388      475      618     870
         251     331      471      735     1247     1947     1888     1111      588      336      211      142      102       76       59       47       39       33       28       24       21       19       17       16       15       14       13       13       12       12       12       12       12       12       13       13       14       15       16       17       19       21       23       26       30       34       40       47       57       69       83      101      121      141      160      172      177      174      166      155      144      135      127      122      119      119      121      126      135      149      170     201
         822    1174     1733     2442     2741     2181     1397      861      552      372      263      194      148      116       94       77       64       55       47       41       36       33       30       27       25       23       22       21       20       19       18       18       17       17       17       17       17       18       18       19       19       20       21       22       23       25       27       29       31       34       37       41       45       50       55       61       68       76       84       94      105      118      132      149      169      192      221      258      307      373      466     605
         705     967     1250     1367     1192      879      610      426      306      228      176      139      113       94       80       69       61       54       49       44       41       38       36       34       33       32       31       30       30       30       30       30       31       32       32       34       35       36       38       40       42       44       46       49       52       54       57       60       62       65       67       70       72       74       77       79       82       85       88       93       98      105      113      123      136      153      176      206      247      306      391     517
         664    1416     3408     3654     1486      627      328      198      132       94       71       55       44       37       31       27       24       21       19       17       16       15       14       14       13       13       13       13       13       13       14       14       15       16       17       18       19       21       23       25       28       31       35       39       43       47       52       56       59       62       63       63       63       62       61       60       59       58       58       58       59       61       64       69       75       84       96      114      141      182      252     382
         642     770      959     1204     1410     1365     1041      682      431      277      186      130       94       70       54       43       34       28       24       20       17       15       13       12       11       10        9        8        8        7        7        7        7        7        7        6        7        7        7        7        7        8        8        9        9       10       11       12       14       15       18       20       24       28       34       41       51       63       79      101      128      163      205      253      300      344      380      409      435      463      501     557
         266     376      583      965     1354     1117      613      324      187      118       80       57       42       33       26       21       17       15       13       11       10        9        8        7        7        6        6        6        6        6        5        5        5        6        6        6        6        6        7        7        8        9       10       11       13       15       17       20       24       30       37       47       59       76       98      123      148      168      176      173      163      150      138      129      122      119      118      122      130      144      167     204
         630     707      747      737      679      591      494      403      324      260      209      168      137      112       93       77       65       55       47       41       36       32       28       25       23       21       19       18       16       15       14       14       13       13       12       12       12       12       12       12       12       12       12       13       13       14       14       15       16       17       19       20       22       24       27       31       35       39       45       53       62       73       87      104      126      154      190      234      291      361      444     537
         103     127      163      220      308      438      570      588      459      308      202      136       97       71       55       43       35       29       25       22       19       17       15       14       13       12       12       11       11       11       11       11       11       11       12       12       13       13       14       16       17       19       21       24       27       31       36       41       47       54       61       67       72       75       76       74       72       68       64       61       58       55       54       53       52       53       54       57       61       67       75      86
         267     300      309      292      259      221      185      155      130      110       94       81       70       61       54       47       42       37       33       29       26       24       21       19       17       16       15       13       12       11       11       10        9        9        8        8        8        8        7        7        7        7        7        7        7        7        7        8        8        8        9        9       10       11       12       13       14       16       18       20       23       26       31       37       45       54       67       85      108      138      177     222
         172     159      147      136      128      122      117      113      110      107      104       99       94       87       80       71       63       55       47       41       35       30       26       22       20       17       15       14       12       11       10        9        9        8        8        7        7        7        7        7        7        7        7        7        7        7        8        8        9        9       10       11       12       14       15       18       20       24       28       34       41       50       62       78       97      121      147      171      189      197      194     185
         219     262      323      409      521      631      665      572      418      284      192      133       95       70       53       42       33       27       23       19       16       14       12       11       10        9        8        8        7        7        7        6        6        6        6        6        6        6        6        6        6        7        7        7        8        8        9       10       11       12       14       15       18       20       23       27       31       36       42       49       57       65       74       83       93      102      112      122      134      148      165     188
         248     267      294      334      391      468      554      611      580      461      324      217      147      101       72       53       40       31       25       20       17       14       12       10        9        8        7        6        6        5        5        5        4        4        4        4        4        4        4        4        4        4        4        4        5        5        5        6        6        7        8        8       10       11       13       15       18       21       26       32       40       50       63       79      100      123      147      171      192      208      221     234
         199     192      185      181      181      186      196      212      233      257      278      285      267      225      175      130       95       70       53       40       31       25       20       17       14       12       10        9        8        7        6        6        5        5        5        4        4        4        4        4        4        4        4        4        4        4        4        5        5        5        6        6        7        8        9       10       12       14       17       20       24       30       38       49       64       83      107      136      165      188      201     204
         111     114      118      121      126      132      139      148      157      164      168      165      155      138      117       96       78       63       50       41       33       27       23       19       17       14       13       11       10        9        8        8        7        7        6        6        6        6        5        5        5        5        5        6        6        6        6        7        7        7        8        9       10       11       12       13       15       18       20       24       28       33       39       46       54       63       72       82       90       98      103     108
          54      45       40       37       36       37       39       43       52       65       89      133      203      256      203      116       63       37       23       16       11        8        6        5        4        3        3        2        2        2        1        1        1        1        1        1        1        1        1        1        1        1        1        1        1        1        1        1        1        1        1        1        2        2        2        3        3        4        5        6        8       11       15       22       34       52       81      112      125      110       87      67
         185     173      159      147      137      131      128      127      128      130      130      128      121      108       92       76       60       47       37       29       23       19       15       13       11        9        8        7        6        5        5        4        4        4        3        3        3        3        3        3        3        3        3        3        3        3        3        3        3        3        4        4        4        5        6        6        7        9       10       12       15       18       23       30       39       51       69       92      121      152      177     188
          83      79       76       76       77       83       92      110      140      194      298      479      604      435      225      118       67       42       28       20       14       11        9        7        6        5        4        3        3        2        2        2        2        2        1        1        1        1        1        1        1        1        1        1        1        1        1        1        2        2        2        2        2        3        3        4        4        5        6        8        9       12       15       20       26       35       46       59       72       82       87      86
         175     204      214      209      198      188      184      186      198      219      252      295      330      327      269      190      125       82       55       38       28       20       16       12       10        8        6        5        5        4        3        3        3        2        2        2        2        2        2        2        2        1        1        1        1        1        2        2        2        2        2        2        2        2        3        3        3        4        5        5        7        8       10       12       15       20       27       36       50       71       99     136
          80      76       72       70       69       70       74       81       94      113      143      186      233      249      205      139       88       56       37       26       19       14       11        8        7        6        5        4        3        3        3        2        2        2        2        2        1        1        1        1        1        1        1        1        1        1        1        1        2        2        2        2        2        3        3        3        4        5        6        7        8       10       13       17       22       28       37       49       61       72       79      81
          82      83       82       80       80       80       82       86       93      102      114      128      139      143      133      112       86       64       47       35       26       20       16       12       10        8        7        6        5        4        4        3        3        3        3        2        2        2        2        2        2        2        2        2        2        2        2        2        2        2        3        3        3        3        4        4        5        6        7        8        9       11       14       17       21       27       34       43       53       64       73      79
          74      89      101      108      111      109      107      104      102      102      103      106      110      114      117      116      110       97       82       65       51       40       31       24       19       15       12       10        8        7        6        5        5        4        4        3        3        3        3        2        2        2        2        2        2        2        2        2        2        2        2        2        3        3        3        3        4        4        5        5        6        7        8       10       12       14       18       23       29       37       47      60
          58      63       69       75       83       93      107      124      145      165      173      161      131       97       69       49       35       26       19       15       12        9        8        6        5        4        4        3        3        3        2        2        2        2        2        2        1        1        1        1        1        1        1        1        1        1        2        2        2        2        2        2        3        3        3        4        4        5        6        7        8       10       11       14       17       21       25       30       35       41       47      52
          21      19       18       17       17       17       18       19       21       23       28       34       43       57       75       90       90       72       50       33       23       16       12        9        7        5        4        4        3        3        2        2        2        2        1        1        1        1        1        1        1        1        1        1        1        1        1        1        1        1        2        2        2        2        3        3        4        5        6        7        9       12       16       20       25       30       33       33       32       29       26      23
          69      72       74       75       78       82       89      100      117      142      175      210      225      197      144       96       63       43       30       21       16       12        9        8        6        5        4        4        3        3        2        2        2        2        2        1        1        1        1        1        1        1        1        1        1        1        1        1        1        2        2        2        2        2        3        3        3        4        5        6        7        8       10       13       16       21       26       33       41       50       58      65
         105     112      117      120      123      129      138      153      172      196      218      225      203      159      114       79       54       38       28       21       16       12       10        8        6        5        5        4        3        3        3        2        2        2        2        2        2        1        1        1        1        1        1        1        1        1        1        2        2        2        2        2        2        3        3        3        4        4        5        6        7        9       11       14       18       23       30       39       50       64       79      93
          76     105      137      161      168      159      143      126      113      103       97       93       90       89       87       85       80       72       62       52       42       33       26       21       16       13       11        9        7        6        5        4        4        3        3        3        2        2        2        2        2        2        2        2        2        2        2        2        2        2        2        2        2        2        2        2        3        3        3        4        4        5        6        7        8       10       13       17       22       29       39      55
          86      86       84       83       83       85       90      100      116      140      174      210      225      194      138       90       58       38       27       19       14       11        8        7        5        4        4        3        3        2        2        2        2        1        1        1        1        1        1        1        1        1        1        1        1        1        1        1        1        1        1        2        2        2        2        3        3        4        4        5        6        8       10       13       16       22       28       38       49       62       74      82
          62      68       71       71       69       66       64       63       63       63       65       67       69       70       68       63       54       45       36       28       22       17       13       11        8        7        6        5        4        3        3        3        2        2        2        2        2        1        1        1        1        1        1        1        1        1        1        1        1        1        1        2        2        2        2        2        3        3        3        4        5        5        7        8       10       13       16       21       27       34       43      53
          24      25       26       26       27       28       30       32       35       39       44       52       62       73       82       84       75       59       43       31       22       16       12        9        7        6        5        4        3        3        2        2        2        2        1        1        1        1        1        1        1        1        1        1        1        1        1        1        1        1        1        1        1        2        2        2        2        2        3        3        4        5        5        6        8        9       11       13       15       18       20      22
          29      33       38       44       50       58       68       80       96      118      146      179      208      217      193      150      107       75       53       39       29       22       17       13       11        9        7        6        5        5        4        4        3        3        3        2        2        2        2        2        2        2        2        2        2        2        2        2        2        2        2        2        2        3        3        3        3        4        4        5        5        6        7        8        9       10       12       14       16       19       22      25
          36      41       45       48       50       51       52       53       55       57       60       63       66       69       69       65       58       49       39       31       24       19       15       12        9        7        6        5        4        4        3        3        2        2        2        2        2        1        1        1        1        1        1        1        1        1        1        1        1        1        1        1        2        2        2        2        2        3        3        3        4        5        5        6        8        9       11       14       17       21       26      31
          35      39       45       50       57       64       73       83       94      105      114      117      111       98       80       63       48       36       28       22       17       14       11        9        8        6        5        5        4        4        3        3        3        2        2        2        2        2        2        2        2        2        2        2        2        2        2        2        2        2        2        2        2        3        3        3        3        4        4        5        6        7        8        9       10       12       14       17       19       23       26      30
          32      36       40       43       46       48       51       54       57       60       63       66       68       67       63       56       48       39       31       25       19       15       12       10        8        7        6        5        4        3        3        3        2        2        2        2        2        2        1        1        1        1        1        1        1        1        1        1        1        1        1        2        2        2        2        2        3        3        3        4        4        5        6        7        8       10       12       14       17       20       24      28
