SWAN 1
LOCATIONS
     1
     681726.07 2033118.57
AFREQ
     56
     0.0300
     0.0400
     0.0500
     0.0600
     0.0700
     0.0800
     0.0900
     0.1000
     0.1100
     0.1200
     0.1300
     0.1400
     0.1500
     0.1600
     0.1700
     0.1800
     0.1900
     0.2000
     0.2100
     0.2200
     0.2300
     0.2400
     0.2500
     0.2600
     0.2700
     0.2800
     0.2900
     0.3000
     0.3100
     0.3200
     0.3300
     0.3400
     0.3500
     0.3600
     0.3700
     0.3800
     0.3900
     0.4000
     0.4100
     0.4200
     0.4300
     0.4400
     0.4500
     0.4600
     0.4700
     0.4800
     0.4900
     0.5000
     0.5100
     0.5200
     0.5300
     0.5400
     0.5500
     0.5600
     0.5700
     0.5800
NDIR
     72
     5.0000
     10.0000
     15.0000
     20.0000
     25.0000
     30.0000
     35.0000
     40.0000
     45.0000
     50.0000
     55.0000
     60.0000
     65.0000
     70.0000
     75.0000
     80.0000
     85.0000
     90.0000
     95.0000
     100.0000
     105.0000
     110.0000
     115.0000
     120.0000
     125.0000
     130.0000
     135.0000
     140.0000
     145.0000
     150.0000
     155.0000
     160.0000
     165.0000
     170.0000
     175.0000
     180.0000
     185.0000
     190.0000
     195.0000
     200.0000
     205.0000
     210.0000
     215.0000
     220.0000
     225.0000
     230.0000
     235.0000
     240.0000
     245.0000
     250.0000
     255.0000
     260.0000
     265.0000
     270.0000
     275.0000
     280.0000
     285.0000
     290.0000
     295.0000
     300.0000
     305.0000
     310.0000
     315.0000
     320.0000
     325.0000
     330.0000
     335.0000
     340.0000
     345.0000
     350.0000
     355.0000
     360.0000
QUANT
     1
VaDens
m2/Hz/degr
     -999.000000
FACTOR
     1.00000E-06
          39      42       44       46       47       46       45       42       39       36       33       30       27       24       22       20       18       17       16       15       14       13       13       12       12       12       12       12       12       12       12       13       13       14       15       15       16       17       18       19       21       22       23       24       25       25       26       26       26       25       25       24       24       23       23       22       22       22       21       21       21       22       22       23       24       25       26       28       29       32       34      37
         223     215      206      197      188      179      171      162      155      147      141      134      129      124      119      115      111      108      105      102      100       98       96       94       93       92       91       90       89       88       88       88       88       88       88       88       89       89       90       91       92       94       95       97       99      101      104      107      111      115      119      124      129      135      141      148      155      163      172      181      190      199      208      216      224      230      235      238      239      237      234     229
         663     630      611      604      609      623      647      680      718      758      793      813      807      770      705      622      533      449      375      312      262      221      188      162      141      125      111      100       91       84       78       73       69       66       63       62       60       60       60       60       61       63       65       68       72       76       82       90       99      110      124      142      165      194      232      284      353      447      576      752      981     1253     1517     1685     1692     1560     1365     1172     1008      880      784     713
       44501   27475    15871     9644     6265     4315     3117     2339     1812     1442     1173      973      822      704      612      539      480      432      393      361      334      312      294      279      267      257      249      244      240      237      236      237      240      243      249      256      265      276      289      304      322      343      368      396      429      467      511      561      619      686      762      849      949     1062     1193     1342     1513     1711     1942     2215     2545     2950     3464     4134     5043     6328     8242    11263    16337    25233    39545   51787
       61878   27090    15144     9685     6753     5004     3880     3119     2581     2189     1896     1673     1500     1364     1258     1175     1110     1060     1023      996      980      973      974      983     1000     1026     1060     1103     1155     1217     1289     1372     1465     1568     1679     1797     1917     2035     2146     2245     2325     2384     2420     2434     2430     2411     2383     2353     2324     2302     2291     2294     2314     2356     2423     2522     2659     2845     3094     3429     3881     4504     5383     6674     8666    11968    18047    31216    69384   284908  1294060  255055
       54946   29471    18423    12666     9296     7160     5723     4712     3977     3427     3006     2678     2420     2214     2048     1914     1806     1719     1649     1593     1550     1518     1495     1480     1473     1471     1476     1485     1499     1516     1536     1559     1583     1609     1635     1661     1687     1712     1737     1762     1786     1811     1838     1867     1899     1935     1978     2030     2091     2165     2254     2363     2495     2658     2858     3107     3419     3815     4326     4997     5901     7154     8959    11692    16117    23984    40082    81734   253603  1330160   664940  136948
       48716   26472    16386    11046     7902     5907     4566     3626     2944     2435     2046     1743     1504     1312     1157     1030      924      837      763      702      650      606      568      537      510      488      469      454      442      432      426      421      419      420      422      427      434      444      457      473      491      514      540      571      608      650      700      758      826      906     1001     1113     1248     1409     1605     1846     2144     2518     2996     3620     4451     5592     7219     9647    13500    20148    33054    62879   150183   364953   296048  110141
       27068   13853     8360     5579     3987     2996     2340     1885     1558     1316     1133      991      880      791      721      664      617      580      550      526      507      493      483      476      473      473      477      483      492      505      520      539      561      587      616      650      687      728      772      821      873      928      985     1045     1106     1168     1231     1295     1361     1429     1500     1577     1662     1759     1873     2009     2174     2381     2644     2986     3442     4069     4962     6298     8427    12142    19552    38039   110056   682962   436813   73148
       69666   40949    25362    16662    11518     8304     6196     4760     3747     3013     2468     2055     1737     1489     1292     1134     1006      902      816      745      686      637      597      563      535      513      494      480      469      462      458      457      459      464      472      484      499      518      541      569      603      642      690      745      811      889      982     1091     1222     1379     1566     1792     2066     2397     2801     3295     3903     4654     5590     6766     8264    10203    12774    16289    21288    28755    40558    60244    93235   137617   154975  116337
       33312   40439    49430    51389    38757    22903    12794     7439     4597     3008     2068     1482     1099      840      659      528      432      360      305      262      228      201      179      162      148      136      126      118      112      107      103      100       98       97       96       96       97       99      102      105      110      116      123      132      142      155      172      191      216      247      285      335      399      484      599      756      977     1300     1785     2546     3799     5975     9960    17453    30352    45047    49361    42790    35185    30459    28671   29550
       20859   22557    23912    23190    19425    14143     9513     6281     4212     2908     2073     1523     1152      893      708      573      472      396      337      291      254      225      202      182      167      154      144      135      128      123      118      115      113      112      111      112      113      115      119      123      129      136      145      155      169      185      204      229      259      297      344      406      486      592      735      933     1213     1622     2240     3207     4779     7420    11875    18819    27012    31776    30557    26558    22953    20663    19660   19779
       28632   27958    26029    22473    17826    13205     9413     6639     4717     3410     2517     1899     1464     1152      923      753      625      526      449      388      339      301      269      243      222      205      190      178      169      161      155      150      147      144      143      143      144      146      150      154      160      168      177      188      202      219      240      265      296      334      381      439      514      609      733      897     1116     1415     1830     2418     3266     4506     6329     8973    12624    17165    21875    25635    27782    28587    28746   28750
       19471   28503    28139    16817     8573     4635     2744     1754     1192      851      631      484      381      307      253      212      181      156      137      122      109       99       91       85       79       75       71       69       67       65       64       64       64       65       66       68       70       73       77       82       88       95      104      115      128      145      165      191      224      266      321      395      493      627      811     1069     1426     1915     2550     3298     4045     4625     4938     5018     4990     4980     5086     5390     6001     7108     9088   12742
       13226    9304     6971     5457     4399     3612     2998     2502     2091     1749     1462     1222     1023      858      723      612      521      447      386      336      295      261      232      209      189      173      159      147      138      130      123      117      113      109      107      105      104      104      104      105      107      110      114      118      124      132      141      151      165      180      200      224      253      290      337      397      474      577      715      908     1182     1587     2212     3230     5006     8384    15471    31016    54727    55383    34671   20488
       10294    8881     7637     6409     5181     4030     3045     2264     1679     1253      947      726      566      449      362      296      246      207      177      153      134      118      106       96       87       80       75       70       66       63       60       59       57       56       56       56       56       57       58       60       62       65       69       73       78       85       93      103      115      130      149      173      203      242      294      363      458      592      787     1079     1537     2292     3609     6060    10846    19738    30852    33497    26728    19684    15054   12183
        6935   10496    16590    19511    12629     6175     3158     1792     1111      738      517      379      287      224      179      147      122      104       89       78       69       62       56       51       47       44       42       40       38       37       36       36       35       36       36       37       38       39       41       43       46       49       53       59       65       73       83       95      111      132      159      196      246      318      421      577      822     1223     1907     3091     4991     7202     8158     7288     5870     4758     4060     3693     3589     3738     4194    5126
        8439    8351     7994     7196     5994     4651     3443     2496     1809     1327      990      753      585      463      373      306      255      215      185      160      141      125      112      102       93       86       81       76       72       69       66       65       63       63       62       63       63       65       66       69       72       76       80       86       93      101      112      124      140      159      184      214      254      305      373      464      589      762     1010     1370     1899     2681     3809     5323     7068     8597     9442     9552     9248     8870     8598    8473
        6881    6543     5960     5123     4150     3208     2413     1797     1344     1015      779      608      483      390      320      266      225      192      167      146      130      116      105       96       89       83       78       74       70       68       66       64       63       63       63       64       65       66       68       71       75       79       85       91       99      109      121      135      153      176      204      240      286      347      428      537      687      898     1199     1632     2260     3151     4344     5756     7097     7988     8274     8123     7802     7491     7256    7080
        6082    8371    11585    13398    10669     6414     3639     2163     1371      921      650      477      363      283      227      186      155      131      113       99       87       78       71       65       60       56       53       50       48       47       46       45       45       45       45       46       47       49       51       53       57       61       66       72       79       89      100      114      132      156      185      224      276      347      444      579      770     1041     1417     1912     2491     3041     3407     3520     3445     3302     3184     3148     3227     3461     3915    4713
        2264    2862     4026     6437    11053    13706     8443     3903     1953     1103      685      457      322      237      180      142      114       94       78       67       58       51       45       41       37       34       32       30       28       27       26       25       25       25       25       25       25       26       27       28       29       31       33       36       40       44       49       56       64       75       88      107      131      165      213      283      388      555      828     1294     2087     3278     4426     4610     3891     3061     2457     2079     1867     1780     1804    1950
        1548    1860     2373     3151     4027     4217     3256     2054     1241      775      510      352      254      190      147      116       94       78       65       56       49       43       38       34       31       29       27       25       24       23       22       22       21       21       21       22       22       23       23       24       26       27       30       32       35       39       44       50       58       68       81       98      121      154      200      268      371      535      804     1249     1945     2790     3285     3076     2519     2013     1659     1436     1311     1261     1278    1368
        1870    2055     2289     2503     2564     2349     1905     1412     1005      712      512      377      284      220      174      140      115       96       82       70       62       54       49       44       40       37       35       33       31       30       29       28       28       28       28       28       28       29       30       31       33       35       37       41       44       49       55       62       71       83       98      117      143      179      228      298      401      555      793     1161     1710     2423     3077     3319     3095     2677     2289     2004     1821     1724     1703    1752
        1078    1089     1150     1273     1483     1819     2332     3011     3549     3339     2446     1569      990      645      439      312      230      176      138      111       91       76       64       56       49       43       39       35       32       30       28       27       26       25       24       23       23       23       23       24       24       25       26       27       29       31       34       37       41       46       52       60       69       82       99      121      151      193      252      339      468      661      942     1314     1705     1951     1943     1757     1528     1335     1198    1114
        5074    5313     4514     3152     2005     1266      824      558      393      287      216      167      132      107       88       74       63       54       47       42       37       34       31       29       27       25       24       23       22       21       21       21       21       21       21       21       22       23       24       25       27       29       31       34       38       42       48       54       63       74       87      105      129      161      204      264      348      466      633      865     1169     1530     1892     2183     2363     2455     2519     2616     2797     3113     3614    4321
         917    1212     1787     3009     5319     6140     3462     1593      815      471      299      203      145      108       84       66       54       45       38       33       28       25       23       20       19       17       16       15       15       14       14       13       13       13       13       14       14       15       15       16       17       18       20       22       24       28       31       36       43       51       62       77       99      129      174      245      357      543      847     1288     1714     1805     1549     1222      969      801      697      638      615      623      666     755
         363     433      551      760     1174     2103     4123     5193     2848     1261      640      372      238      164      119       90       70       56       47       39       34       29       26       23       21       19       18       17       16       15       15       14       14       14       14       14       15       15       16       17       18       19       21       23       26       29       33       39       46       55       68       85      110      145      198      277      393      552      725      831      810      700      575      473      398      347      313      292      283      284      296     321
         348     389      457      567      747     1039     1455     1774     1573     1047      632      390      254      175      126       94       73       58       47       39       33       29       25       22       20       18       17       16       15       14       13       13       13       12       12       12       13       13       13       14       15       16       17       18       20       22       25       29       34       40       47       58       73       94      125      171      245      364      556      840     1137     1232     1071      833      642      511      425      371      338      320      316     325
         965    1089     1211     1298     1305     1209     1030      825      637      486      372      288      227      181      147      122      102       87       75       65       58       51       46       42       39       36       34       32       30       29       28       28       27       27       27       27       27       28       29       30       31       32       34       37       39       43       47       51       57       63       71       81       92      106      123      142      165      191      222      255      292      331      370      410      450      491      533      578      630      691      766     856
         448     467      490      515      535      542      529      493      437      373      308      251      203      165      135      111       93       79       68       59       51       46       41       37       34       31       29       28       26       25       24       24       23       23       23       23       24       24       25       26       27       29       31       34       37       41       45       51       58       67       78       92      111      134      164      202      251      309      376      444      503      542      557      549      527      500      474      453      438      430      429     435
         103     111      124      144      176      227      311      453      672      862      775      508      303      186      122       85       61       47       36       29       24       20       17       15       13       12       11       10        9        9        8        8        8        8        8        8        8        8        8        9        9       10       10       11       12       14       16       18       22       26       31       39       51       67       92      132      196      298      434      539      523      418      312      235      184      150      128      114      105       99       97      98
         282     344      453      654     1035     1600     1690     1048      541      295      177      114       79       57       43       33       26       22       18       15       13       11       10        9        8        8        7        7        6        6        6        6        5        5        5        6        6        6        6        6        7        7        8        9       10       11       12       14       16       19       23       29       36       47       62       86      122      180      272      407      556      630      582      477      382      313      268      240      225      221      228     247
         262     255      252      252      254      257      260      261      257      248      233      213      189      164      140      118      100       84       72       61       53       46       40       36       32       29       26       24       23       21       20       19       18       18       17       17       17       17       17       18       18       19       20       21       22       24       25       28       31       35       39       45       52       61       72       87      106      131      163      203      250      303      353      391      409      405      386      360      333      308      288     273
          94      96      102      112      126      148      181      231      308      424      566      648      571      405      265      175      121       86       65       50       40       32       27       23       20       17       15       14       13       12       11       11       10       10       10        9        9       10       10       10       10       11       12       13       14       15       17       19       22       26       31       37       46       59       77      104      144      204      285      371      417      395      329      260      207      168      141      122      109      101       96      93
          47      52       58       67       81      102      135      192      293      469      679      669      440      256      154      100       70       51       39       31       25       21       18       15       13       12       11       10       10        9        9        8        8        8        8        8        8        9        9       10       11       11       13       14       16       19       22       26       32       40       52       69       94      128      173      215      233      215      178      141      111       90       74       63       56       50       46       44       43       42       43      44
          79      83       89       98      112      133      162      204      262      328      370      349      276      197      137       96       70       52       40       32       26       21       18       16       14       12       11       10        9        8        8        7        7        7        7        7        7        7        7        7        7        8        8        9       10       11       12       13       15       17       20       24       29       35       44       55       71       90      112      135      152      159      154      142      127      113      101       92       85       81       78      78
         121     142      172      214      273      349      430      474      442      352      258      184      133       99       75       59       48       39       33       28       24       21       19       17       16       15       14       13       12       12       11       11       11       11       11       11       12       12       13       13       14       15       16       17       19       21       23       25       28       32       35       39       44       48       53       57       60       63       65       67       67       68       68       68       69       71       73       76       80       86       94     105
          30      32       36       42       52       67       93      141      243      453      636      438      214      112       65       42       29       21       16       13       10        9        7        6        5        5        4        4        4        3        3        3        3        3        3        3        3        3        3        3        4        4        4        5        5        6        7        8       10       12       15       20       26       36       50       72      102      134      148      135      108       83       65       52       43       37       33       30       28       28       27      28
          37      43       52       65       86      121      187      317      545      677      470      252      141       87       58       41       31       24       19       16       13       12       10        9        8        8        7        7        6        6        6        6        6        6        6        6        7        7        8        8        9       10       12       14       16       19       23       29       36       47       61       79       98      113      116      107       91       76       62       52       44       39       35       32       29       28       27       27       28       29       31      33
          54      58       64       72       85      103      130      174      246      365      531      636      536      351      217      139       95       68       50       39       31       26       21       18       16       14       13       12       11       10        9        9        9        8        8        8        8        8        9        9        9       10       11       11       12       14       15       17       20       23       26       31       37       43       51       59       67       74       79       80       78       74       70       65       60       56       53       51       50       49       50      51
          27      31       35       42       51       65       88      125      188      291      405      404      285      176      111       74       52       39       30       24       20       17       14       13       11       10        9        9        8        8        8        7        7        7        8        8        8        8        9       10       10       11       13       14       16       18       21       25       28       33       38       42       45       47       46       45       41       38       34       31       29       26       24       23       22       21       21       21       21       22       23      25
          28      30       33       37       43       52       64       83      112      159      225      290      293      226      151      100       68       48       36       28       22       18       15       13       11       10        9        8        7        7        7        6        6        6        6        6        6        6        6        7        7        8        8        9       10       11       13       15       18       21       25       30       37       44       51       58       62       63       60       56       50       45       40       36       32       30       28       27       26       26       26      27
          43      45       49       55       63       75       91      114      144      179      207      207      177      135       98       71       52       40       31       25       20       17       14       12       11       10        9        8        7        7        7        6        6        6        6        6        6        6        6        6        7        7        8        8        9       10       11       13       15       17       20       24       29       35       43       51       60       68       73       75       73       68       63       57       52       48       45       42       41       40       40      41
          78      88      100      113      127      140      149      152      148      137      121      104       88       74       62       52       44       38       32       28       25       22       20       18       17       15       14       13       13       12       11       11       11       10       10       10       10       10       10       10       10       11       11       11       12       12       13       13       14       15       15       16       17       18       19       21       22       23       25       26       28       30       32       34       37       40       43       47       51       56       62      69
          35      38       41       46       53       62       74       91      115      147      184      213      216      187      146      108       80       60       46       36       29       24       20       17       15       14       12       11       10       10        9        9        8        8        8        8        8        8        8        9        9       10       10       11       12       13       15       17       19       21       24       28       31       35       39       43       45       47       47       46       44       42       40       38       36       34       33       32       32       32       32      34
          27      26       26       27       28       29       32       35       39       45       53       64       78       95      114      128      128      115       93       72       55       42       33       26       21       18       15       13       11       10        9        8        7        7        7        6        6        6        6        6        6        6        6        6        7        7        8        8        9       10       11       13       14       17       19       23       27       31       36       41       45       47       48       47       44       41       38       35       33       30       29      27
          20      20       21       22       23       25       28       32       37       45       55       68       86      107      126      131      118       95       72       54       41       31       25       20       17       14       12       10        9        8        8        7        7        6        6        6        6        6        6        6        6        6        6        7        7        8        9       10       11       12       14       16       19       22       26       30       35       39       42       43       42       40       37       34       31       28       26       24       22       21       21      20
          14      15       16       17       19       22       25       30       37       48       63       88      123      166      189      169      124       86       59       42       32       24       19       16       13       11       10        9        8        7        7        6        6        6        6        6        6        6        6        6        6        7        7        8        9       10       11       12       14       16       18       20       23       25       27       29       29       28       27       25       23       21       19       18       16       15       15       14       14       13       13      14
          12      12       12       13       14       16       18       22       27       35       48       69      106      162      205      175      112       68       43       29       21       15       12       10        8        7        6        5        4        4        4        3        3        3        3        3        3        3        3        3        3        3        3        4        4        4        5        6        7        8        9       11       14       17       22       28       34       40       43       43       39       34       29       25       21       18       16       15       13       13       12      12
          23      24       26       30       34       40       48       61       79      105      135      155      148      118       84       59       42       31       23       18       14       12       10        8        7        6        6        5        5        4        4        4        4        4        4        4        4        4        4        4        4        4        5        5        5        6        7        7        8       10       11       13       16       18       22       25       29       32       34       35       34       33       31       29       27       25       24       23       22       22       22      22
           6       6        6        7        8        9       11       13       16       22       31       48       82      149      217      175       96       53       32       21       15       11        9        7        6        5        4        4        3        3        3        3        3        2        2        2        2        3        3        3        3        3        4        4        5        5        6        8        9       12       15       19       24       29       33       33       30       26       21       17       14       12       10        9        8        7        6        6        6        5        5       5
           7       8        8        8        9       10       11       12       15       18       23       32       46       70      112      161      161      110       66       41       27       19       14       11        8        7        6        5        4        4        3        3        3        3        3        3        3        3        3        3        3        3        3        3        4        4        5        6        7        8       10       12       16       20       27       35       43       48       47       41       34       27       21       17       14       12       11       10        9        8        8       8
           6       6        6        7        7        8        9       10       12       14       18       23       31       44       62       81       85       69       48       33       23       16       12        9        8        6        5        4        4        3        3        3        3        2        2        2        2        2        2        2        2        3        3        3        3        4        4        5        5        6        7        9       11       13       16       18       21       22       22       20       18       16       14       12       10        9        8        7        7        6        6       6
          11      12       14       16       19       23       28       36       48       64       84      103      110       99       78       58       43       32       25       20       16       14       12       10        9        8        7        7        7        6        6        6        6        6        6        6        6        6        7        7        8        8        9       10       10       11       12       13       14       14       14       14       14       14       13       12       11       11       10       10        9        9        8        8        8        8        8        8        8        9        9      10
           6       6        7        7        8        9       11       12       15       18       23       31       41       55       70       78       73       59       43       32       24       18       14       11        9        8        7        6        5        5        4        4        4        4        4        4        3        3        4        4        4        4        4        4        5        5        5        6        6        7        7        8        8        8        8        9        8        8        8        8        7        7        7        6        6        6        6        6        6        6        6       6
           4       5        5        5        6        6        7        9       10       13       17       23       33       50       79      113      116       84       52       33       22       16       12        9        7        6        5        4        4        3        3        3        3        3        2        2        2        2        3        3        3        3        3        3        4        4        5        6        7        8        9       11       12       14       15       15       15       14       13       11       10        9        8        7        6        6        5        5        5        4        4       4
           4       4        4        4        5        6        7        8       10       13       18       27       44       79      135      141       85       45       26       16       11        8        6        5        4        3        3        2        2        2        2        2        2        1        1        1        1        1        1        2        2        2        2        2        2        3        3        4        5        6        7        9       11       13       15       16       16       15       13       11        9        8        7        6        5        5        4        4        4        4        4       4
