SWAN 1
LOCATIONS
     1
     -67.28  18.38
AFREQ
     56
     0.0300
     0.0400
     0.0500
     0.0600
     0.0700
     0.0800
     0.0900
     0.1000
     0.1100
     0.1200
     0.1300
     0.1400
     0.1500
     0.1600
     0.1700
     0.1800
     0.1900
     0.2000
     0.2100
     0.2200
     0.2300
     0.2400
     0.2500
     0.2600
     0.2700
     0.2800
     0.2900
     0.3000
     0.3100
     0.3200
     0.3300
     0.3400
     0.3500
     0.3600
     0.3700
     0.3800
     0.3900
     0.4000
     0.4100
     0.4200
     0.4300
     0.4400
     0.4500
     0.4600
     0.4700
     0.4800
     0.4900
     0.5000
     0.5100
     0.5200
     0.5300
     0.5400
     0.5500
     0.5600
     0.5700
     0.5800
NDIR
     72
     5.0000
     10.0000
     15.0000
     20.0000
     25.0000
     30.0000
     35.0000
     40.0000
     45.0000
     50.0000
     55.0000
     60.0000
     65.0000
     70.0000
     75.0000
     80.0000
     85.0000
     90.0000
     95.0000
     100.0000
     105.0000
     110.0000
     115.0000
     120.0000
     125.0000
     130.0000
     135.0000
     140.0000
     145.0000
     150.0000
     155.0000
     160.0000
     165.0000
     170.0000
     175.0000
     180.0000
     185.0000
     190.0000
     195.0000
     200.0000
     205.0000
     210.0000
     215.0000
     220.0000
     225.0000
     230.0000
     235.0000
     240.0000
     245.0000
     250.0000
     255.0000
     260.0000
     265.0000
     270.0000
     275.0000
     280.0000
     285.0000
     290.0000
     295.0000
     300.0000
     305.0000
     310.0000
     315.0000
     320.0000
     325.0000
     330.0000
     335.0000
     340.0000
     345.0000
     350.0000
     355.0000
     360.0000
QUANT
     1
VaDens
m2/Hz/degr
     -999.000000
FACTOR
     1.00000E-06
          13      12       12       11       11       11       11       11       11       11       12       12       13       14       15       16       18       19       21       22       24       24       24       24       22       21       19       17       15       14       12       11       10        9        8        8        7        7        7        6        6        6        6        6        6        6        7        7        8        8        9       10       11       12       13       15       17       19       21       23       25       27       27       27       26       24       22       20       18       17       15      14
          55      52       50       48       48       48       50       52       55       60       66       74       85       99      119      144      175      209      240      253      242      210      172      137      108       86       70       58       49       42       37       33       29       27       25       24       22       22       21       21       21       21       22       22       24       25       27       30       33       37       43       51       62       76       98      130      180      258      377      528      630      585      447      318      228      170      132      106       88       76       66      60
         778     772      786      822      883      974     1101     1275     1500     1766     2024     2167     2091     1804     1431     1088      818      621      480      379      305      251      210      179      155      136      121      110      100       93       86       82       78       75       73       72       71       71       72       74       76       79       83       88       95      103      113      126      142      163      191      226      275      341      434      570      774     1090     1589     2355     3355     4154     4122     3397     2588     1970     1547     1264     1073      945      860     807
       13024    9865     7624     6029     4869     4006     3346     2831     2420     2087     1812     1584     1392     1229     1091      973      871      783      708      643      586      537      495      458      426      399      375      355      337      323      310      300      292      285      280      277      276      276      278      282      287      295      304      316      331      348      370      395      426      463      507      560      625      704      803      925     1080     1278     1536     1877     2338     2976     3879     5191     7141    10061    14303    19706    24458    25439    22134   17281
       27400   13855     8365     5616     4052     3081     2439     1995     1677     1442     1265     1129     1025      944      881      833      797      772      755      747      748      755      771      796      830      874      930     1000     1087     1194     1325     1484     1677     1908     2181     2494     2840     3197     3529     3791     3942     3960     3855     3658     3413     3156     2911     2694     2509     2360     2245     2163     2112     2092     2105     2151     2236     2367     2557     2823     3195     3723     4490     5651     7513    10772    17275    33488    97711  1109680   790356   78391
       22191   12407     8012     5668     4272     3376     2770     2342     2032     1802     1630     1499     1402     1330     1278     1245     1228     1225     1235     1260     1298     1350     1417     1500     1599     1715     1847     1992     2145     2296     2435     2546     2614     2631     2592     2504     2378     2231     2075     1922     1779     1650     1538     1442     1363     1299     1250     1214     1191     1182     1185     1203     1235     1285     1354     1448     1573     1738     1957     2252     2657     3229     4067     5363     7513    11467    20003    44525   185756  1917710   263988   52120
       43485   20458    11871     7777     5517     4141     3244     2627     2187     1862     1616     1427     1278     1160     1065      989      927      876      836      803      777      757      741      730      723      719      718      720      724      729      737      745      755      766      777      789      801      813      825      837      849      862      875      890      906      924      945      969      998     1033     1074     1124     1184     1258     1348     1459     1597     1770     1991     2278     2658     3176     3904     4973     6634     9417    14618    26131    60396   240658   575411  142796
       33754   16612     9781     6413     4521     3359     2599     2076     1702     1427     1220     1060      936      837      758      694      642      600      566      538      517      500      487      478      473      471      472      476      484      494      508      525      545      569      597      629      665      706      752      802      857      917      982     1050     1123     1199     1277     1359     1443     1530     1621     1718     1824     1940     2073     2229     2415     2643     2929     3296     3782     4442     5373     6748     8906    12589    19696    36415    93307   465955   539848   98196
       74997   39372    22226    13656     8984     6232     4508     3372     2593     2042     1642     1344     1117      943      806      698      611      541      483      436      397      365      338      315      297      281      269      258      250      244      240      237      236      236      238      242      247      254      263      274      288      304      324      347      375      408      447      493      549      615      696      793      911     1056     1234     1455     1731     2078     2518     3082     3813     4776     6069     7852    10398    14208    20269    30691    50201    87614   136675  129345
       70793   40852    24718    15974    10905     7768     5720     4325     3342     2632     2107     1712     1409     1175      991      845      728      634      557      494      441      398      362      332      306      285      267      252      240      230      222      215      210      207      205      204      205      207      210      215      221      230      240      252      267      285      307      333      363      400      445      498      564      645      744      869     1027     1229     1491     1836     2299     2933     3824     5113     7049    10087    15136    24113    41165    73173   113004  110532
       43632   24914    14033     8318     5232     3470     2406     1733     1289      985      771      617      503      417      351      300      259      227      201      180      163      149      137      128      120      113      108      104      100       98       96       96       95       96       97       99      102      106      110      116      123      132      142      154      169      188      210      237      270      312      364      430      515      624      766      954     1205     1543     2002     2626     3474     4618     6140     8132    10711    14060    18543    24884    34365    48289    63114   62932
       38795   47942    32642    15678     7710     4222     2541     1645     1128      810      603      463      365      295      242      203      173      149      131      116      104       95       87       80       75       71       67       65       63       61       60       60       60       60       61       63       65       67       71       75       81       87       95      105      117      132      150      174      204      243      295      365      462      598      797     1098     1571     2348     3687     6065    10154    15823    19931    19383    16376    13717    12136    11583    12034    13737    17472   25085
       10899   18292    34426    47627    29111    12742     6210     3474     2155     1440     1019      753      577      455      368      304      256      219      191      168      150      136      124      115      107      101       96       93       90       88       86       86       86       87       89       91       95       99      105      112      120      131      144      160      180      204      235      275      326      394      483      604      769      999     1322     1771     2380     3142     3959     4621     4924     4855     4569     4237     3965     3798     3759     3868     4162     4721     5706    7476
       14526   25327    33071    21085     9681     4786     2680     1655     1100      774      568      433      339      273      224      188      160      139      122      108       98       89       82       76       72       68       65       63       61       60       59       59       60       61       62       65       67       71       75       81       88       96      106      119      135      156      182      216      261      322      406      526      702      972     1401     2117     3358     5499     8666    11378    11243     9095     7009     5586     4718     4238     4045     4102     4432     5140     6486    9096
       14141   20846    28062    24920    14395     7462     4116     2470     1594     1090      781      581      446      352      284      234      197      168      145      127      113      102       93       85       79       74       70       67       64       63       61       60       60       60       61       62       64       67       70       74       79       85       92      101      112      126      143      165      193      229      277      341      429      553      733     1005     1428     2118     3281     5263     8384    12002    13751    12616    10435     8638     7496     6921     6831     7234     8271   10312
        8410    7891     7161     6139     4934     3761     2777     2029     1489     1107      838      646      507      406      330      273      230      196      169      148      130      117      105       96       89       82       77       73       70       67       65       64       63       62       62       63       64       66       68       71       75       79       85       91      100      110      122      138      157      181      212      252      305      376      474      612      813     1117     1597     2400     3833     6586    12197    22881    34590    33548    24413    17378    13297    10998     9690    8926
       17189   12381     8076     5133     3314     2208     1523     1086      798      603      467      369      298      244      204      173      148      129      113      101       91       82       75       70       65       61       58       56       54       52       51       50       50       50       51       52       53       55       57       60       63       67       73       79       86       96      107      120      137      159      185      219      263      321      397      499      638      831     1102     1485     2028     2795     3847     5226     6915     8829    10874    13037    15389    17902    19999   20164
        6046    6063     5891     5359     4471     3445     2521     1807     1298      945      702      532      412      326      263      215      179      152      130      113      100       89       80       72       66       62       58       54       52       50       48       47       46       46       45       46       46       47       49       51       53       56       60       65       70       77       85       96      109      125      145      171      205      250      311      394      511      681      934     1322     1929     2888     4347     6288     8162     9049     8745     7891     7064     6477     6148    6032
        8840   11171    11460     8580     5258     3111     1914     1244      850      607      450      344      271      218      179      150      127      110       96       85       76       69       64       59       55       52       50       48       46       45       44       44       44       45       46       47       49       51       54       57       61       66       73       81       90      103      118      138      163      196      240      301      385      506      685      957     1384     2065     3133     4629     6175     6924     6576     5724     4925     4367     4058     3979     4131     4558     5366    6736
        1378    1797     2599     4258     7433     9259     5761     2717     1386      796      502      340      242      181      139      110       90       75       63       54       47       42       38       34       31       29       27       26       25       24       23       23       23       23       23       23       24       25       26       28       30       32       35       38       43       49       56       65       77       93      115      146      191      259      367      551      892     1604     3297     7273    10683     7336     4004     2454     1718     1332     1120     1005      956      960     1018    1145
        1251    1965     3790     9898    18110     7762     2606     1181      649      403      271      194      145      112       90       73       61       52       45       40       36       32       30       27       26       24       23       22       22       21       21       21       21       22       23       24       25       26       28       30       33       37       42       48       55       65       78       96      120      155      207      287      418      642     1042     1723     2569     2849     2306     1638     1176      894      721      615      550      515      504      513      546      609      718     906
        1386    1945     3081     5632    10068     9531     4623     2139     1138      682      446      311      228      173      136      110       91       77       66       57       51       45       41       38       35       33       31       30       29       28       28       27       28       28       28       29       30       32       34       36       39       43       47       53       60       70       81       97      117      145      184      239      320      442      628      911     1308     1747     2012     1944     1661     1357     1116      946      833      762      726      719      742      799      904    1081
        3313    4468     5509     5281     3801     2372     1466      945      640      454      334      255      200      161      132      111       94       82       72       64       57       52       48       45       42       40       38       37       36       35       35       35       35       36       37       38       40       42       45       48       52       57       63       71       80       92      107      127      152      186      231      292      377      494      656      874     1144     1433     1668     1779     1756     1650     1522     1411     1333     1294     1299     1352     1466     1663     1984    2500
        2239    2820     3678     4720     5311     4662     3269     2087     1335      886      614      444      332      256      203      165      136      115       98       86       75       67       61       56       51       48       45       43       41       40       39       38       38       38       38       39       40       42       44       46       49       53       57       63       70       78       89      102      119      140      168      205      254      320      411      534      701      917     1175     1440     1649     1749     1738     1658     1557     1468     1410     1389     1412     1487     1629    1865
         831     935     1095     1335     1678     2109     2467     2438     1960     1371      918      621      434      314      235      181      143      116       96       81       69       60       53       47       43       39       36       34       32       30       29       28       28       27       27       27       28       28       29       30       32       34       36       39       43       47       53       60       69       80       94      112      137      170      215      276      361      477      629      812      994     1124     1162     1114     1023      925      842      781      743      727      735     768
         516     535      574      638      734      873     1063     1294     1493     1523     1317      995      705      494      353      259      195      151      120       98       81       69       59       51       46       41       37       34       31       29       28       27       26       25       25       24       24       25       25       26       27       28       30       32       34       38       42       46       53       61       71       84      101      125      158      205      272      373      525      750     1052     1366     1536     1466     1252     1026      845      714      624      565      530     514
         590     639      707      798      907     1016     1087     1072      956      779      599      450      338      257      199      157      126      104       86       73       63       55       49       43       39       36       33       31       29       28       27       26       25       25       25       25       25       26       27       28       29       31       33       35       38       42       47       53       60       69       81       96      115      140      173      216      273      346      435      534      629      700      732      724      692      649      608      575      552      542      544     559
         380     364      352      345      339      334      328      320      309      294      274      252      228      204      180      158      138      121      106       94       83       74       66       60       55       51       47       44       41       39       38       36       35       35       34       34       34       35       36       37       38       40       42       45       49       53       58       65       73       84       97      113      135      164      202      254      323      418      542      695      858      990     1044     1007      910      794      687      597      527      473      432     402
         571     693      866     1103     1377     1568     1506     1206      863      597      417      300      222      170      133      107       88       74       63       55       48       43       39       35       32       30       28       27       26       25       24       24       24       24       24       25       25       26       27       29       31       33       35       39       43       47       53       60       69       79       92      108      126      148      173      200      228      255      278      296      308      314      317      317      318      321      328      340      359      387      428     487
         385     447      536      665      836     1020     1118     1025      792      557      383      268      193      143      110       86       69       57       48       41       35       31       28       25       23       21       20       18       18       17       16       16       16       16       16       16       16       17       17       18       19       21       22       25       27       30       34       39       45       53       62       75       91      112      140      174      216      263      310      348      371      376      366      348      329      312      300      293      293      301      317     344
         366     403      460      544      660      806      943      984      870      664      469      326      231      168      125       96       76       61       51       43       36       32       28       25       22       20       19       17       16       16       15       15       14       14       14       14       14       15       15       16       16       17       19       20       22       25       28       31       36       42       50       61       75       94      120      157      210      285      386      508      622      685      674      611      534      465      412      374      349      336      335     344
         111     127      151      186      239      325      463      678      917      961      734      475      303      201      141      103       79       62       50       42       36       31       27       24       22       20       19       18       17       16       16       16       16       16       16       16       17       18       19       20       22       24       26       30       34       39       45       53       64       77       94      114      136      158      176      184      181      170      155      139      124      112      102       94       89       85       83       82       84       87       92     100
          92      97      107      122      144      179      236      331      493      733      895      742      464      276      172      114       80       59       45       35       29       24       20       17       15       13       12       11       10       10        9        9        8        8        8        8        8        8        8        9        9       10       10       11       12       14       16       18       21       24       29       36       45       57       76      102      139      190      248      295      306      278      234      191      158      134      116      104       96       91       88      89
         112     121      134      154      184      227      293      392      526      655      673      545      379      253      173      122       89       68       53       43       35       30       26       22       20       18       16       15       14       13       12       12       12       11       11       11       11       12       12       12       13       14       15       16       18       20       22       25       29       35       41       50       61       76       96      120      149      180      205      217      215      200      180      160      143      129      118      111      106      104      104     106
          69      72       77       84       95      109      129      157      197      253      324      393      417      372      288      209      150      109       82       63       50       41       34       29       25       22       19       17       16       15       14       13       12       12       12       12       12       12       12       12       13       13       14       15       16       17       19       21       24       27       31       36       42       49       58       68       78       88       96      101      103      101       97       91       85       80       75       72       69       67       67      67
          93     100      108      120      134      152      173      192      205      205      190      164      134      107       85       68       55       45       37       31       27       23       20       18       16       15       14       13       12       12       11       11       11       11       11       11       11       11       12       12       13       14       15       17       19       21       24       27       32       38       46       57       71       89      112      139      168      192      205      202      188      168      148      131      117      106       98       93       89       87       88      90
          61      76      101      143      222      373      583      591      366      198      114       72       49       35       26       21       16       14       11       10        9        8        7        6        6        5        5        5        5        5        5        5        5        5        5        5        5        6        6        7        8        9       10       11       14       16       20       25       31       40       53       69       87      103      111      108       97       82       69       59       51       45       41       38       36       35       35       36       37       40       44      51
          46      53       63       78      100      135      192      289      432      553      505      346      217      140       95       69       52       40       32       27       23       20       17       15       14       13       12       11       11       10       10       10       10       10       10       10       11       11       12       13       14       15       17       18       20       23       26       29       32       36       39       42       44       45       45       44       42       40       38       36       34       32       31       30       30       30       30       31       32       34       37      41
          32      34       37       42       48       58       72       93      129      190      293      429      473      353      217      133       86       60       43       33       26       21       17       15       13       11       10        9        8        8        7        7        7        7        7        7        7        7        7        8        8        9        9       10       12       13       15       18       22       27       33       43       55       72       94      117      134      136      124      105       86       70       58       50       43       39       35       33       31       31       30      31
          55      56       59       64       72       83      100      127      168      232      327      422      428      326      213      137       91       63       46       35       27       22       18       15       13       11       10        9        8        7        7        6        6        6        6        6        6        6        6        6        6        6        7        7        8        8        9       11       12       14       16       19       23       29       36       46       59       77       99      122      140      146      138      123      106       91       79       70       64       59       56      55
          39      41       43       45       49       54       61       70       82       97      118      142      169      189      195      180      152      121       95       74       59       47       39       32       28       24       21       19       17       15       14       13       13       12       12       12       11       11       12       12       12       13       13       14       15       16       18       19       21       24       27       31       35       39       44       49       54       57       60       61       60       58       55       52       49       46       44       42       40       39       39      39
          30      33       37       43       51       61       77       98      128      165      202      219      201      162      122       91       68       52       41       34       28       24       20       18       16       15       13       13       12       11       11       11       11       11       11       11       11       12       12       13       14       15       17       18       20       22       25       27       30       33       36       38       39       39       38       37       35       33       31       29       27       26       25       24       23       23       23       23       23       24       25      27
          28      30       32       35       38       42       47       54       61       68       76       81       84       81       75       66       57       48       40       34       28       24       21       18       16       14       13       12       11       10       10        9        9        8        8        8        8        8        8        8        8        9        9       10       10       11       11       12       13       14       15       16       17       19       20       21       22       23       23       24       24       24       24       24       24       24       24       24       25       25       26      27
          20      21       22       24       26       30       36       44       57       76      109      162      234      271      222      145       91       59       40       29       22       17       14       11        9        8        7        6        6        5        5        4        4        4        4        4        4        4        4        4        4        4        4        5        5        5        6        7        8        9       10       11       13       15       18       21       24       27       29       31       31       30       29       27       25       24       22       21       20       19       19      19
           9      10       10       11       13       15       17       21       27       36       51       77      125      202      253      199      120       71       45       31       22       17       13       11        9        8        7        6        5        5        4        4        4        4        4        4        4        4        4        4        4        5        5        6        6        7        8        9       10       12       14       16       18       20       22       22       22       21       19       17       16       14       13       12       11       10        9        9        9        9        9       9
           8       8        9       10       11       12       14       16       19       23       29       36       45       56       64       66       61       50       40       31       24       19       16       13       11       10        9        8        7        6        6        6        6        5        5        5        5        6        6        6        7        7        8        9       10       11       13       14       17       19       22       24       25       26       25       24       21       19       17       15       13       12       11       10        9        8        8        8        8        7        8       8
          16      17       17       18       19       20       22       24       27       30       34       38       43       48       52       53       51       47       41       35       30       25       21       18       15       13       11       10        9        8        8        7        7        6        6        6        6        6        6        6        6        6        6        6        7        7        8        8        9       10       11       12       14       15       17       19       20       22       23       23       23       23       22       22       21       20       19       18       17       17       17      16
           7       7        8        8        9       10       11       13       16       20       26       34       47       63       79       83       70       51       36       26       19       14       11        9        7        6        5        5        4        4        3        3        3        3        3        3        3        3        3        3        3        3        3        4        4        4        5        5        6        7        8        9       11       12       14       15       16       16       16       15       13       12       11       10        9        8        8        7        7        7        7       7
          10      10       11       13       14       17       20       24       30       38       49       64       80       91       90       78       61       46       35       27       21       17       14       12       11        9        8        8        7        7        6        6        6        6        6        6        6        6        7        7        7        8        9       10       11       12       13       15       17       18       19       20       21       20       20       18       17       16       14       13       12       11       10       10        9        9        9        8        8        9        9       9
          13      14       15       17       19       22       26       31       38       46       56       65       70       68       61       51       40       32       25       21       17       14       12       10        9        8        7        7        6        6        5        5        5        5        5        5        5        5        5        5        6        6        6        7        7        8        8        9       10       10       11       12       13       13       14       14       14       14       13       13       12       12       12       11       11       11       11       11       11       11       12      12
          15      16       18       20       23       26       31       38       46       57       69       79       84       80       69       56       44       34       27       22       18       15       13       11       10        9        8        7        7        6        6        6        6        6        6        6        6        6        6        6        7        7        8        8        9       10       11       13       14       15       17       18       20       21       21       21       21       20       19       18       17       16       15       14       14       13       13       13       13       13       14      14
          10      11       13       15       17       20       23       27       32       37       42       45       46       45       42       37       33       28       25       21       19       17       15       14       13       12       11       11       10       10       10        9        9        9        9        9        9        9       10       10       10       10       10       10        9        9        9        9        8        8        8        8        7        7        7        6        6        6        6        6        6        6        6        6        6        6        6        7        7        8        8       9
          10      10       11       12       14       16       18       21       26       33       42       55       74       98      121      128      114       89       66       49       37       29       23       19       16       13       12       10        9        9        8        7        7        7        7        6        6        6        6        7        7        7        7        8        8        8        9        9       10       10       10       11       11       11       11       11       11       10       10       10        9        9        9        9        8        8        8        8        8        8        9       9
           3       4        4        4        5        5        6        7        8       10       13       17       24       36       54       81      101       90       63       41       27       19       14       11        9        7        6        5        5        4        4        3        3        3        3        3        3        3        3        3        3        3        4        4        4        5        5        6        6        7        7        7        8        8        8        7        7        6        6        5        5        5        4        4        4        3        3        3        3        3        3       3
           5       5        5        5        6        7        7        9       11       13       18       25       37       59       91      110       89       55       33       21       15       10        8        6        5        4        3        3        3        2        2        2        2        2        2        2        2        2        2        2        2        2        2        2        2        3        3        4        4        5        6        8        9       12       14       17       18       19       18       16       14       12       10        9        8        7        6        6        5        5        5       5
           6       7        8        9       10       12       16       20       29       44       74      141      258      263      143       72       41       26       18       13       10        8        6        5        5        4        3        3        3        3        3        2        2        2        2        2        2        3        3        3        3        3        4        4        5        5        6        7        8        9       10       12       13       13       13       13       12       11       10        9        8        7        7        6        6        6        5        5        5        5        6       6
