SWAN 1
LOCATIONS
     1
     -67.28  18.38
AFREQ
     56
     0.0300
     0.0400
     0.0500
     0.0600
     0.0700
     0.0800
     0.0900
     0.1000
     0.1100
     0.1200
     0.1300
     0.1400
     0.1500
     0.1600
     0.1700
     0.1800
     0.1900
     0.2000
     0.2100
     0.2200
     0.2300
     0.2400
     0.2500
     0.2600
     0.2700
     0.2800
     0.2900
     0.3000
     0.3100
     0.3200
     0.3300
     0.3400
     0.3500
     0.3600
     0.3700
     0.3800
     0.3900
     0.4000
     0.4100
     0.4200
     0.4300
     0.4400
     0.4500
     0.4600
     0.4700
     0.4800
     0.4900
     0.5000
     0.5100
     0.5200
     0.5300
     0.5400
     0.5500
     0.5600
     0.5700
     0.5800
NDIR
     72
     5.0000
     10.0000
     15.0000
     20.0000
     25.0000
     30.0000
     35.0000
     40.0000
     45.0000
     50.0000
     55.0000
     60.0000
     65.0000
     70.0000
     75.0000
     80.0000
     85.0000
     90.0000
     95.0000
     100.0000
     105.0000
     110.0000
     115.0000
     120.0000
     125.0000
     130.0000
     135.0000
     140.0000
     145.0000
     150.0000
     155.0000
     160.0000
     165.0000
     170.0000
     175.0000
     180.0000
     185.0000
     190.0000
     195.0000
     200.0000
     205.0000
     210.0000
     215.0000
     220.0000
     225.0000
     230.0000
     235.0000
     240.0000
     245.0000
     250.0000
     255.0000
     260.0000
     265.0000
     270.0000
     275.0000
     280.0000
     285.0000
     290.0000
     295.0000
     300.0000
     305.0000
     310.0000
     315.0000
     320.0000
     325.0000
     330.0000
     335.0000
     340.0000
     345.0000
     350.0000
     355.0000
     360.0000
QUANT
     1
VaDens
m2/Hz/degr
     -999.000000
FACTOR
     1.00000E-06
          47      69      106      163      212      198      140       91       61       43       32       24       20       16       14       12       11       10        9        9        8        8        8        8        8        9        9       10       11       12       13       16       18       22       27       33       40       49       56       59       57       50       41       33       27       21       18       15       13       11       10        9        8        8        7        7        7        7        7        7        7        7        8        8        9       10       12       14       16       20       25      34
         663     937     1199     1228      985      693      476      336      247      189      150      122      102       88       77       69       62       57       54       51       49       47       46       46       46       47       48       50       53       56       60       65       71       78       87       97      108      120      133      146      156      163      165      162      155      145      134      123      113      104       96       89       84       79       76       74       73       73       73       75       78       82       88       96      106      120      140      166      203      258      340     467
        9938    3595     1808     1088      731      529      404      322      266      225      196      174      157      145      135      128      123      120      119      119      120      124      129      136      145      157      173      194      221      256      303      366      451      566      718      907     1110     1265     1298     1193     1012      823      664      540      447      377      326      287      258      236      220      209      201      197      197      199      205      214      229      249      277      315      369      446      561      743     1052     1641     2977     7068    25515   35420
        7560    4733     3227     2341     1779     1403     1140      950      808      701      618      553      501      460      427      401      380      363      351      342      335      332      331      333      337      343      352      363      377      394      414      437      463      492      524      560      598      638      680      723      766      807      845      881      913      942      968      993     1017     1042     1070     1104     1145     1197     1263     1348     1457     1600     1790     2046     2399     2902     3650     4828     6828    10611    18918    40418    81909    68645    29407   13665
       35018   21634    14096     9628     6845     5037     3816     2966     2358     1912     1578     1324     1128      973      851      752      673      608      555      511      475      445      421      402      386      374      365      359      356      356      358      363      371      382      396      414      436      463      496      536      585      644      715      802      910     1044     1211     1422     1692     2040     2495     3098     3905     4999     6495     8552    11380    15228    20347    26914    34956    44388    55273    68245    84950   108348   141969   182976   202630   165552   103930   59709
       21161   12475     8018     5487     3941     2942     2266     1793     1451     1199     1008      861      746      656      583      525      477      439      407      382      361      344      331      321      314      310      308      308      311      317      325      337      351      369      392      420      454      495      546      608      685      781      901     1054     1250     1506     1844     2298     2919     3781     4996     6725     9185    12607    17101    22364    27466    31254    33263    34046    34614    35933    38923    44873    56371    79973   136238   298911   539270   283417    95258   40721
       20829   12496     8120     5601     4047     3035     2348     1864     1514     1254     1057      905      786      692      617      556      507      466      434      407      385      368      355      344      337      333      331      332      336      343      352      365      381      401      426      457      494      540      596      665      749      855      987     1154     1369     1647     2013     2502     3162     4065     5309     7024     9355    12404    16104    20076    23658    26276    27857    28841    29880    31638    34856    40653    51236    71812   116413   218379   324085   203219    84021   38791
       21804   15845    11907     9199     7272     5863     4807     3999     3372     2878     2482     2163     1903     1690     1513     1365     1241     1137     1050      976      913      860      815      778      747      721      701      685      674      667      664      665      670      678      691      709      731      759      792      832      879      935     1001     1079     1171     1280     1409     1562     1746     1967     2235     2561     2964     3466     4097     4903     5948     7329     9195    11785    15494    21016    29609    43619    67170   104717   146754   152674   114175    73381    46894   31243
      182106  147919    99186    61574    38384    24793    16700    11705     8499     6365     4897     3859     3105     2546     2124     1799     1546     1346     1186     1058      953      867      797      740      692      654      623      598      578      564      554      549      548      551      558      570      587      609      636      671      713      764      826      901      992     1104     1241     1410     1620     1883     2218     2647     3204     3936     4910     6221     8004    10445    13788    18320    24306    31847    40700    50229    59710    68884    78317    89381   104055   124565   151667  178303
      373371  262077   126352    61340    33027    19536    12440     8390     5925     4344     3286     2554     2031     1649     1363     1146      977      845      740      656      588      533      487      450      419      394      374      357      344      334      327      323      321      321      324      330      338      349      363      381      403      430      463      502      550      609      680      768      876     1012     1184     1402     1684     2053     2542     3198     4092     5324     7039     9438    12778    17348    23380    30920    39767    49674    60885    74784    94704   127686   188379  294956
       21057   27266    37697    52017    58804    45381    26893    15270     9126     5821     3934     2791     2060     1572     1234      993      816      683      581      503      441      392      352      320      294      273      256      242      231      223      217      212      210      209      210      213      218      224      233      245      259      277      298      325      358      399      449      513      594      697      833     1012     1255     1592     2071     2770     3823     5455     8033    12058    17788    24027    27542    26555    23092    19600    17011    15396    14637    14667    15541   17493
       13716   22402    48096   155049   194237    51319    17324     8105     4540     2843     1922     1374     1025      792      630      513      427      362      312      273      243      218      198      182      169      159      151      144      139      136      133      132      132      134      136      140      145      151      159      170      183      199      219      243      274      312      362      426      509      622      775      992     1305     1776     2511     3707     5716     9059    13906    18278    18599    15444    11970     9441     7813     6826     6292     6113     6265     6795     7862    9847
       13039   18315    29816    59419   119568    98648    38234    16211     8332     4895     3152     2169     1570     1182      919      734      600      501      426      367      322      286      257      234      215      200      187      177      170      164      159      156      155      154      155      158      162      167      174      183      194      208      225      246      271      303      343      392      456      537      643      784      974     1235     1600     2121     2870     3947     5440     7322     9256    10597    10889    10321     9419     8577     7968     7646     7635     7979     8787   10297
       20186   38717    96740   136995    52526    18486     8527     4691     2889     1924     1356      999      763      600      484      398      334      286      247      218      194      174      159      146      136      128      121      116      112      109      107      105      105      106      107      110      113      117      123      130      139      149      162      178      198      222      252      290      337      398      476      578      713      895     1140     1473     1921     2510     3244     4074     4878     5502     5853     5963     5946     5929     6011     6279     6836     7848     9653   13039
       29586   68637   144936    81147    26062    10981     5716     3395     2203     1523     1106      834      649      519      424      353      300      258      226      200      180      163      149      138      129      122      116      112      108      106      105      104      104      105      107      110      114      119      125      133      143      155      169      187      208      235      268      310      363      431      520      636      789      996     1273     1646     2139     2765     3505     4279     4959     5431     5668     5742     5765     5841     6059     6515     7345     8810    11480   16829
       12193   17060    27551    48015    56133    30890    13524     6639     3709     2284     1511     1057      772      584      455      364      297      247      209      180      157      139      124      113      103       95       89       84       79       76       74       72       71       70       70       71       72       74       76       79       83       88       95      102      112      123      138      155      178      206      242      289      351      436      552      716      955     1313     1867     2747     4157     6325     9162    11660    12426    11533    10144     9016     8364     8220     8635    9797
        2713    3245     4256     6337    11393    25901    41773    20192     7243     3284     1782     1088      720      505      372      283      223      179      148      124      106       92       81       72       65       60       55       51       48       46       44       43       42       41       41       41       41       42       43       45       47       50       53       57       62       68       76       86       98      113      133      159      194      242      308      402      543      758     1099     1655     2552     3846     5161     5629     5054     4137     3371     2848     2528     2365     2335    2440
        5029    6074     8172    12750    24328    48479    42322    16540     6841     3436     1980     1254      851      608      452      348      275      223      184      155      133      116      102       91       82       75       69       64       61       58       55       53       52       51       51       51       51       52       53       55       58       61       65       69       75       82       91      102      116      133      155      184      222      272      342      441      584      800     1139     1693     2633     4242     6744     9452    10365     9086     7277     5891     5018     4546     4390    4532
        8660    9950    12661    17943    26465    30185    20070     9992     5081     2841     1732     1132      781      563      420      324      256      206      170      143      122      105       92       82       73       66       61       56       53       50       47       45       44       43       42       42       42       42       43       44       45       47       50       53       56       61       66       73       81       92      104      120      141      168      203      250      314      404      534      726     1021     1493     2269     3565     5643     8426    10783    11321    10395     9227     8453    8235
        4472    5137     6546     9531    16386    29517    29255    13432     5704     2835     1608     1003      671      473      348      265      207      166      136      114       97       83       73       65       58       53       48       45       42       39       37       36       35       34       34       33       33       34       34       35       37       38       40       43       46       50       55       61       68       77       89      103      122      147      181      226      290      382      520      733     1080     1666     2690     4424     6821     8584     8327     6922     5630     4788     4348    4243
        6492    6899     7980    10106    13850    18657    19088    12712     6833     3707     2164     1358      906      635      463      349      271      216      176      146      123      105       91       80       71       64       59       54       50       47       44       42       41       40       39       38       38       38       39       40       41       42       44       47       50       53       58       63       70       79       89      102      119      140      169      206      257      328      430      579      808     1173     1778     2815     4589     7285    10065    10999     9916     8365     7217    6604
        2663    2497     2528     2768     3302     4339     6312     9508    11134     7681     3948     2055     1171      726      481      337      246      186      145      115       94       78       66       57       50       44       39       35       32       30       28       26       25       24       23       23       22       22       22       22       23       23       24       25       27       28       31       33       36       40       45       51       59       69       82       99      121      153      198      263      363      524      798     1301     2295     4335     7746     9726     7841     5396     3894    3080
        4798    5303     6164     7560     9569    11456    11050     7951     4808     2830     1732     1117      756      535      392      297      230      183      149      123      104       88       77       67       60       54       49       45       41       39       36       35       33       32       31       31       30       30       30       31       32       33       34       35       37       40       43       47       51       56       63       71       82       94      111      132      159      196      244      311      404      534      720      986     1359     1860     2473     3118     3671     4053     4295    4503
        5838    5419     5106     4851     4545     4078     3416     2659     1955     1396      990      709      517      384      292      226      179      144      118       98       83       71       62       54       48       43       39       36       33       31       29       27       26       25       25       24       24       24       24       24       24       25       26       27       28       30       32       35       38       42       46       52       59       68       79       94      112      137      170      215      279      370      505      710     1030     1535     2329     3493     4906     6077     6511    6293
        3049    3028     3076     3219     3459     3751     3951     3828     3263     2459     1718     1171      805      566      408      303      231      180      143      116       96       81       69       59       52       46       41       37       34       31       29       28       26       25       24       23       23       23       23       23       23       23       24       25       26       28       29       31       34       37       41       46       52       59       68       80       95      115      141      175      223      290      385      522      722     1010     1408     1907     2432     2844     3053    3087
        3117    2907     2787     2762     2832     2987     3201     3398     3439     3185     2650     2015     1458     1039      746      546      408      313      244      195      159      132      111       95       82       72       64       57       52       47       44       41       39       37       35       34       33       33       32       32       33       33       34       35       36       38       40       43       47       51       56       62       70       79       91      106      126      152      186      232      295      385      513      701      978     1383     1946     2628     3261     3611     3604    3382
        2188    2092     2078     2167     2385     2774     3371     4091     4474     3911     2726     1704     1058      680      456      320      232      174      135      107       86       71       60       51       44       38       34       31       28       25       23       22       21       20       19       18       18       17       17       17       17       18       18       19       20       21       22       23       25       28       31       34       38       44       50       59       70       85      104      131      167      219      294      405      573      824     1185     1647     2110     2402     2446    2332
        1995    2300     2858     3914     5989     9483    10749     6594     3146     1595      900      555      367      256      186      140      108       86       70       58       49       42       36       32       28       25       23       21       20       18       17       17       16       15       15       15       15       15       15       15       16       16       17       18       19       20       22       24       26       29       33       38       43       51       60       72       88      109      138      178      233      311      421      572      771     1010     1256     1461     1597     1677     1738    1829
        4365    2435     1627     1235     1030      922      876      874      907      966     1033     1071     1033      899      709      525      378      273      199      149      114       89       71       57       48       40       34       29       26       23       21       19       17       16       15       14       13       13       12       12       12       12       12       12       12       13       13       14       14       15       17       18       20       22       25       29       33       39       46       56       70       89      117      159      226      339      548      982     2053     5194    11244    9070
        2037    1301      961      791      711      688      715      795      949     1210     1596     1950     1837     1271      757      449      280      184      128       92       69       53       42       34       28       24       20       17       15       14       12       11       10        9        9        8        8        8        7        7        7        7        7        7        8        8        8        9        9       10       11       12       13       15       17       19       22       27       32       40       50       65       87      121      177      276      468      896     2021     4865     6447    3783
         800     595      483      420      387      377      385      413      465      548      670      822      944      921      732      506      335      224      154      110       82       62       49       39       32       27       23       19       17       15       14       12       11       10       10        9        9        8        8        8        8        8        8        8        8        9        9       10       10       11       12       13       15       17       19       22       26       31       38       48       61       81      112      161      248      411      755     1523     2803     3031     1969    1193
         434     376      346      338      349      382      447      565      785     1225     2060     2756     1965      969      491      277      172      115       81       59       45       36       29       24       20       17       15       13       11       10        9        9        8        8        7        7        7        6        6        6        6        6        7        7        7        7        8        9        9       10       11       13       14       17       19       23       28       35       44       58       78      109      160      251      421      754     1315     1739     1498     1034      718     537
         327     259      222      202      195      199      214      246      303      410      633     1187     2758     3894     1719      643      303      169      105       71       50       37       29       23       19       15       13       11       10        9        8        7        6        6        6        5        5        5        5        5        5        5        5        5        5        5        5        6        6        7        7        8        9       11       12       14       17       21       27       34       45       63       91      142      243      476     1127     2741     2920     1424      732     456
         830     629      515      451      418      409      422      459      529      648      846     1160     1544     1673     1294      802      477      296      194      134       96       72       56       44       36       30       25       22       19       17       15       13       12       11       11       10        9        9        9        9        9        9        9        9        9        9       10       10       11       12       13       14       15       17       20       23       27       32       39       49       62       82      112      159      239      383      663     1215     2042     2354     1787    1189
        1086     933      846      812      829      901     1053     1336     1858     2781     3851     3563     2113     1105      612      369      239      164      118       88       68       54       43       36       30       26       22       20       17       16       14       13       12       11       11       10       10       10       10       10       10       10       10       10       10       11       11       12       13       14       16       17       19       22       25       29       35       42       51       64       82      108      147      207      303      460      719     1106     1528     1718     1579    1314
         926     670      538      470      443      448      486      570      732     1053     1710     2767     2809     1533      723      377      219      139       94       67       50       38       30       24       20       17       14       12       11       10        9        8        7        7        6        6        6        6        5        5        5        5        5        5        6        6        6        6        7        7        8        9       10       11       13       15       18       21       26       32       41       54       74      105      157      252      444      874     1822     2858     2368    1442
         560     442      364      316      288      276      278      293      326      386      489      676     1025     1616     2042     1530      825      440      256      161      109       77       57       44       35       28       23       20       17       15       13       11       10        9        9        8        8        7        7        7        7        7        7        7        7        7        7        8        8        8        9       10       11       12       14       16       18       22       26       32       40       51       67       90      128      188      288      451      679      871      873     722
         112      92       80       73       70       70       72       79       90      109      142      205      344      745     2189     2571      794      289      140       80       51       35       26       19       15       12       10        8        7        6        5        5        4        4        4        3        3        3        3        3        3        3        3        3        3        3        3        4        4        4        5        5        6        7        8        9       11       14       17       23       31       43       65      104      186      370      728      892      586      333      208     146
         328     340      362      399      459      553      708      964     1379     1885     1999     1464      873      513      318      209      145      105       79       61       49       40       33       28       24       21       18       17       15       14       13       12       11       11       10       10       10        9        9        9       10       10       10       10       11       11       12       13       14       16       17       19       22       25       29       34       41       49       59       73       90      113      141      174      211      248      281      304      317      321      322     323
         339     286      252      233      227      232      250      287      353      473      702     1146     1719     1551      844      423      232      140       91       63       46       35       27       21       17       15       12       11        9        8        7        7        6        6        5        5        5        5        4        4        4        4        4        4        5        5        5        5        6        6        7        7        8        9       11       12       14       17       21       26       33       43       58       81      117      174      265      391      516      559      504     415
        1391     991      675      498      403      354      336      341      370      428      525      660      773      732      532      333      203      128       85       59       42       32       24       19       15       13       10        9        8        7        6        5        5        4        4        4        3        3        3        3        3        3        3        3        3        3        3        3        3        4        4        4        5        5        6        7        8        9       10       13       15       19       25       32       44       61       90      141      238      437      837    1361
         133     115      104       99       97      101      109      123      148      192      275      451      898     1874     1748      717      306      158       93       61       42       31       23       18       15       12       10        9        7        7        6        5        5        4        4        4        4        4        3        3        3        3        3        4        4        4        4        4        5        5        6        6        7        8       10       11       14       17       21       28       37       51       74      112      175      274      386      426      363      274      206     161
          80      72       68       66       66       69       75       85      101      128      174      260      433      739      885      568      286      153       91       59       41       30       22       18       14       12       10        8        7        6        6        5        5        4        4        4        4        4        3        3        3        3        4        4        4        4        4        5        5        5        6        7        8        9       11       13       16       20       26       34       47       66       96      142      203      254      259      221      174      136      109      91
         250     254      257      260      267      279      300      330      373      432      503      572      603      562      459      340      243      172      125       92       70       54       43       35       29       24       21       18       16       14       12       11       10        9        9        8        8        8        7        7        7        7        7        7        7        7        8        8        9        9       10       11       12       13       14       16       18       21       25       29       35       42       51       63       79       98      121      148      177      204      227     242
         496     392      315      265      234      218      214      220      239      275      338      444      620      856      964      749      452      262      159      103       70       50       37       29       22       18       15       13       11        9        8        7        6        6        5        5        5        4        4        4        4        4        4        4        4        4        4        4        5        5        5        6        6        7        8        9       10       12       14       17       21       26       34       45       62       87      129      198      309      462      588     590
         156     152      147      143      141      142      146      154      168      188      217      257      308      365      404      395      332      250      178      127       92       68       51       40       32       26       22       18       16       13       12       11       10        9        8        7        7        7        6        6        6        6        6        6        6        6        6        7        7        7        8        8        9       10       11       13       14       17       19       23       27       33       40       50       61       76       94      113      131      146      156     158
         217     191      168      150      139      134      134      141      155      180      222      292      409      571      663      534      329      191      116       74       51       36       27       21       16       13       11        9        8        7        6        5        5        4        4        4        3        3        3        3        3        3        3        3        3        3        3        3        3        3        4        4        4        5        6        6        7        8       10       12       15       18       23       30       41       56       78      109      151      197      230     235
         280     202      154      124      107       96       92       92       96      106      123      153      206      305      486      698      633      366      192      108       67       44       31       23       17       13       11        9        7        6        5        5        4        4        3        3        3        3        2        2        2        2        2        2        2        2        2        2        3        3        3        3        4        4        4        5        6        7        8       10       12       15       20       27       37       54       82      133      222      351      433     382
         179     141      113       94       83       77       75       77       83       95      115      150      212      313      410      369      229      127       74       46       31       21       16       12        9        7        6        5        4        3        3        3        2        2        2        2        2        1        1        1        1        1        1        1        1        1        1        1        2        2        2        2        2        2        3        3        4        4        5        6        8       10       13       17       24       34       50       77      120      177      221     217
          98      78       66       58       53       51       51       52       57       64       77       98      137      216      403      832      996      487      207      105       61       39       27       19       14       11        9        7        6        5        4        4        3        3        3        3        2        2        2        2        2        2        2        2        2        2        2        2        2        3        3        3        4        4        5        5        6        8        9       12       15       19       27       38       56       87      137      206      252      232      177     130
          93      80       71       64       59       56       55       56       59       64       72       84      102      131      177      245      317      332      260      171      108       71       48       35       26       20       16       13       10        9        8        7        6        5        5        4        4        4        4        3        3        3        3        3        3        3        3        3        4        4        4        4        5        5        6        7        8       10       11       14       17       21       27       36       48       64       84      107      124      129      121     107
         169     120       93       76       67       62       60       61       66       74       89      116      165      261      438      575      409      207      107       61       39       26       18       14       10        8        7        5        4        4        3        3        3        2        2        2        2        2        2        1        1        1        1        1        1        1        2        2        2        2        2        2        2        3        3        4        4        5        6        7        9       12       16       22       32       50       81      142      254      377      363     254
         156     116       92       77       68       63       61       61       64       70       81       99      130      184      285      447      536      387      212      116       69       45       31       22       17       13       10        8        7        6        5        4        4        3        3        3        3        2        2        2        2        2        2        2        2        2        2        2        2        3        3        3        3        4        4        5        6        7        8       10       13       17       22       31       44       67      108      180      284      351      306     220
         105      79       63       53       46       42       40       40       41       43       47       55       66       86      121      191      343      625      670      358      168       90       54       35       24       18       14       11        9        7        6        5        4        4        3        3        3        3        2        2        2        2        2        2        2        2        2        2        2        3        3        3        3        4        4        5        6        7        8       10       13       16       22       30       44       68      110      179      257      270      211     148
          79      65       54       46       40       36       34       33       33       34       36       40       47       57       74      105      163      280      452      440      248      126       70       43       28       20       15       11        9        7        6        5        4        4        3        3        3        2        2        2        2        2        2        2        2        2        2        2        2        2        2        2        3        3        3        4        4        5        6        7        8       10       13       16       22       30       41       57       77       94      100      92
         195     188      160      132      110       95       85       79       78       79       84       95      113      143      196      291      440      537      414      235      130       77       49       33       24       18       13       11        9        7        6        5        4        4        3        3        3        2        2        2        2        2        2        2        2        2        2        2        2        2        2        2        2        3        3        3        4        4        5        6        7        8       10       13       17       22       30       42       60       88      128     171
