SWAN 1
LOCATIONS
     1
     -67.28  18.38
AFREQ
     56
     0.0300
     0.0400
     0.0500
     0.0600
     0.0700
     0.0800
     0.0900
     0.1000
     0.1100
     0.1200
     0.1300
     0.1400
     0.1500
     0.1600
     0.1700
     0.1800
     0.1900
     0.2000
     0.2100
     0.2200
     0.2300
     0.2400
     0.2500
     0.2600
     0.2700
     0.2800
     0.2900
     0.3000
     0.3100
     0.3200
     0.3300
     0.3400
     0.3500
     0.3600
     0.3700
     0.3800
     0.3900
     0.4000
     0.4100
     0.4200
     0.4300
     0.4400
     0.4500
     0.4600
     0.4700
     0.4800
     0.4900
     0.5000
     0.5100
     0.5200
     0.5300
     0.5400
     0.5500
     0.5600
     0.5700
     0.5800
NDIR
     72
     5.0000
     10.0000
     15.0000
     20.0000
     25.0000
     30.0000
     35.0000
     40.0000
     45.0000
     50.0000
     55.0000
     60.0000
     65.0000
     70.0000
     75.0000
     80.0000
     85.0000
     90.0000
     95.0000
     100.0000
     105.0000
     110.0000
     115.0000
     120.0000
     125.0000
     130.0000
     135.0000
     140.0000
     145.0000
     150.0000
     155.0000
     160.0000
     165.0000
     170.0000
     175.0000
     180.0000
     185.0000
     190.0000
     195.0000
     200.0000
     205.0000
     210.0000
     215.0000
     220.0000
     225.0000
     230.0000
     235.0000
     240.0000
     245.0000
     250.0000
     255.0000
     260.0000
     265.0000
     270.0000
     275.0000
     280.0000
     285.0000
     290.0000
     295.0000
     300.0000
     305.0000
     310.0000
     315.0000
     320.0000
     325.0000
     330.0000
     335.0000
     340.0000
     345.0000
     350.0000
     355.0000
     360.0000
QUANT
     1
VaDens
m2/Hz/degr
     -999.000000
FACTOR
     1.00000E-06
         225     210      195      181      167      154      142      131      121      112      103       95       88       81       75       69       64       59       55       51       47       44       41       38       36       34       32       31       29       28       27       26       25       25       24       24       24       24       24       24       25       25       26       27       28       29       31       33       35       37       40       44       48       53       59       66       75       85       97      110      126      144      165      186      207      227      243      254      259      257      250     239
         264     319      401      528      728     1040     1458     1758     1601     1147      754      501      347      252      190      149      120      100       85       73       64       58       53       48       45       43       41       40       39       39       39       39       40       42       44       47       50       55       61       68       78       91      108      132      166      215      289      406      597      904     1336     1688     1617     1233      868      618      459      357      290      244      212      190      175      164      158      156      156      161      169      181      200     226
        6992    6091     5068     4083     3230     2541     2004     1592     1279     1040      857      715      604      517      447      391      346      309      279      254      234      217      202      191      181      174      167      163      159      157      156      156      157      160      163      168      174      182      192      204      218      234      255      279      308      343      385      436      499      575      668      783      925     1099     1312     1570     1879     2242     2656     3114     3602     4105     4609     5105     5593     6078     6563     7038     7466     7775     7858    7609
       57286   30694    18341    11846     8110     5811     4320     3311     2605     2096     1720     1436     1219     1049      915      809      722      653      596      549      510      479      453      433      417      404      395      389      387      387      390      397      406      419      436      457      484      516      555      602      660      729      815      920     1050     1213     1418     1679     2016     2455     3036     3811     4860     6290     8248    10919    14505    19167    24913    31521    38606    45947    53881    63618    77670   101212   146696   249737   495634   657131   325634  125071
      404113  182163    97408    58302    37750    25907    18599    13847    10624     8362     6729     5521     4609     3909     3362     2930     2585     2307     2080     1895     1743     1618     1515     1431     1363     1308     1266     1234     1213     1200     1197     1203     1218     1242     1276     1321     1378     1449     1536     1641     1768     1921     2106     2330     2602     2935     3343     3849     4481     5274     6281     7569     9228    11383    14194    17870    22670    28897    36873    46907    59276    74290    92520   115296   145618   190066   263791   406574   744828  1676840  2464620 1123050
      427139  141178    61367    32112    18928    12113     8236     5869     4343     3315     2599     2084     1706     1421     1203     1033      900      793      707      638      581      535      496      465      440      419      403      390      381      375      372      372      375      380      389      401      417      437      461      491      528      572      626      691      772      870      992     1145     1338     1584     1902     2318     2870     3612     4623     6020     7966    10685    14454    19552    26133    34042    42780    51839    61333    72545    88457   115407   169445   303294   709476 1070720
      125810   99433    54950    28730    16098     9778     6358     4367     3136     2336     1794     1414     1140      938      786      669      578      506      448      402      364      334      309      288      272      258      248      240      234      230      227      227      229      232      237      245      254      267      282      301      324      352      386      429      481      545      626      728      859     1028     1252     1551     1960     2527     3332     4492     6187     8659    12172    16807    22067    26706    29512    30422    30401    30536    31664    34544    40273    50916    70313  101766
      136270  167009   164529   119866    72813    42959    26335    17012    11546     8179     6009     4554     3545     2825     2298     1904     1604     1372     1189     1045      929      835      758      696      644      602      568      540      518      501      488      480      475      474      477      483      494      508      527      551      582      619      664      718      785      866      965     1087     1237     1425     1663     1964     2353     2860     3529     4423     5629     7272     9513    12550    16575    21674    27681    34074    40149    45451    50131    54931    61000    69863    83636  105192
      525539  439661   164577    66726    32992    18727    11684     7805     5491     4025     3051     2379     1900     1549     1287     1087      933      811      714      636      573      522      480      445      417      394      376      361      350      342      336      334      334      336      341      349      360      374      392      414      441      474      513      562      620      692      780      889     1025     1196     1414     1693     2055     2531     3162     4007     5143     6671     8708    11362    14681    18593    22879    27274    31669    36316    41932    49864    62692    86190   136112  262597
       33927   57950   117053   171629    94670    37459    17450     9534     5821     3846     2694     1975     1501     1176      945      777      651      555      480      421      375      338      307      283      263      247      234      224      216      211      207      205      205      206      209      215      222      231      243      258      276      299      327      361      404      457      525      611      722      867     1063     1330     1703     2241     3038     4258     6176     9228    13913    20093    25551    26972    24407    20660    17520    15388    14179    13774    14161    15493    18218   23425
       54044   65693    76175    77221    63952    44604    28766    18443    12141     8282     5854     4275     3213     2479     1956     1575     1292     1078      912      783      681      600      534      481      437      401      371      347      327      311      298      287      280      274      271      270      270      273      278      285      295      307      322      341      364      391      424      465      514      573      646      735      846      985     1161     1385     1673     2047     2539     3188     4050     5196     6711     8683    11185    14246    17829    21855    26290    31257    37118   44488
       14858   22199    37565    66638    79349    46791    21987    11362     6608     4210     2872     2064     1546     1197      954      778      648      550      474      415      368      331      300      276      256      240      228      218      210      204      200      198      197      199      201      206      212      221      232      245      262      283      308      338      376      422      479      551      641      754      900     1087     1328     1639     2038     2539     3144     3828     4527     5144     5590     5830     5898     5870     5825     5830     5940     6205     6691     7501     8821   11014
       46406   55625    50499    35219    21933    13641     8814     5954     4190     3054     2296     1772     1399     1127      925      771      652      560      486      427      380      341      309      283      261      243      228      216      206      197      191      186      183      181      180      181      183      186      190      196      204      213      224      238      255      274      298      326      359      400      448      507      578      665      772      903     1066     1269     1522     1838     2234     2731     3356     4142     5136     6404     8049    10239    13260    17602    24078   33746
       11724   17546    28914    42884    36646    19034     9358     5090     3059     1986     1369      989      742      574      456      371      308      260      223      194      171      153      138      126      116      108      102       97       93       89       87       85       85       84       85       86       88       91       94       99      105      112      120      130      143      159      178      202      231      268      315      376      455      559      697      881     1129     1460     1892     2433     3058     3697     4247     4631     4844     4951     5040     5198     5508     6067     7033    8705
        8832    9135     9702    10442    11062    11016     9855     7825     5689     3971     2761     1949     1409     1044      794      618      491      398      328      275      234      202      177      156      140      126      116      107       99       93       88       84       81       79       77       77       76       76       77       79       81       84       87       92       98      105      113      123      136      152      171      194      224      262      311      374      458      571      725      939     1243     1680     2311     3211     4437     5940     7463     8600     9113     9122     8929    8785
       15587   19833    22309    19872    14118     8991     5663     3677     2485     1747     1272      955      736      581      468      384      320      271      233      203      179      159      143      130      120      111      103       98       93       89       86       83       82       81       80       80       81       82       84       87       91       95      100      107      114      124      135      148      165      184      208      238      274      319      375      445      534      647      790      972     1203     1492     1851     2290     2815     3436     4167     5036     6104     7478     9342   11962
       13804   15161    14232    11647     8741     6308     4509     3241     2361     1747     1315     1007      784      620      498      406      335      280      237      204      176      154      137      122      110      100       92       85       79       74       70       67       64       62       61       60       59       59       59       60       61       62       64       67       70       73       78       84       90       98      108      119      133      151      172      198      230      271      323      390      477      593      747      956     1245     1648     2220     3039     4217     5899     8205   11054
        7734   13086    18933    16811     9956     5526     3290     2121     1460     1058      798      622      498      408      341      290      250      219      194      174      158      144      133      124      116      110      105      101       97       95       93       91       91       90       91       92       93       95       97      100      104      108      114      119      126      134      143      153      164      176      190      206      224      244      267      292      320      353      390      432      482      541      611      698      807      948     1135     1393     1763     2324     3229    4801
        4944    6550     8540     9980     9261     6727     4291     2682     1724     1154      804      581      433      331      260      208      170      141      119      101       88       77       68       61       55       51       47       43       41       38       37       35       34       33       33       32       32       33       33       34       34       36       37       39       41       44       48       52       56       62       69       78       88      101      116      136      160      190      229      278      340      419      520      648      808     1008     1253     1554     1923     2386     2987    3800
        2472    2732     3140     3746     4536     5234     5185     4133     2796     1782     1146      762      527      378      280      214      167      134      109       91       77       66       57       50       45       40       37       34       31       29       28       26       25       25       24       24       24       24       24       24       25       26       27       28       30       32       34       37       41       46       51       58       67       78       92      109      133      163      204      259      335      439      580      768     1008     1287     1573     1820     2000     2118     2207    2311
        1540    1690     1957     2417     3202     4451     5776     5549     3675     2070     1181      717      464      317      227      168      129      101       81       67       56       47       41       36       31       28       26       23       22       20       19       18       17       17       16       16       16       16       16       16       16       17       18       19       20       21       23       25       27       30       34       38       44       51       60       72       88      109      136      174      226      299      400      536      710      912     1111     1268     1362     1405     1427    1463
        3156    3880     4310     4389     4219     3917     3538     3094     2595     2079     1598     1194      880      647      480      360      275      213      168      135      110       91       76       64       55       48       42       38       34       31       28       26       24       23       22       21       20       19       19       19       18       18       19       19       19       20       21       22       23       24       26       29       31       35       39       43       50       57       67       79       95      116      144      182      235      309      416      573      808     1157     1665    2353
        2430    2595     2442     2110     1753     1442     1191      992      832      702      593      501      423      356      300      252      213      180      152      130      111       96       83       73       64       57       51       46       42       38       35       33       31       29       28       26       25       25       24       24       23       23       24       24       24       25       26       27       28       30       32       35       37       41       45       51       57       65       75       88      105      126      154      191      242      314      415      561      773     1080     1500    1998
        1674    1478     1333     1242     1198     1196     1230     1295     1374     1437     1434     1324     1118      876      656      484      358      268      205      159      126      102       84       70       60       51       45       40       35       32       29       27       25       23       22       21       20       20       20       19       19       19       20       20       21       21       23       24       25       27       30       33       36       41       47       54       63       75       90      111      139      178      233      314      435      616      882     1247     1658     1966     2031    1889
        5216    3416     2003     1310      960      772      667      613      595      606      647      719      828      966     1094     1126      996      763      537      370      257      184      135      102       79       63       51       42       36       30       26       23       21       19       17       16       15       14       13       12       12       12       11       11       11       11       12       12       12       13       14       15       16       17       19       21       24       27       31       37       44       54       68       87      115      158      228      349      577     1059     2180    4355
        2449    2260     1856     1504     1261     1109     1023      984      980      999     1023     1025      974      858      698      534      397      292      216      163      125       97       77       63       52       43       37       32       28       24       22       20       18       16       15       14       14       13       12       12       12       12       12       12       12       12       12       13       14       14       15       17       18       20       22       25       28       32       38       45       54       66       83      106      140      191      269      395      603      953     1495    2125
        1789    1658     1425     1214     1060      962      906      884      885      898      907      887      820      706      567      435      326      243      182      139      108       85       68       56       46       39       33       29       25       22       20       18       17       15       14       14       13       12       12       12       11       11       11       11       12       12       12       13       13       14       15       16       18       20       22       25       28       32       38       45       55       67       84      109      143      195      273      396      590      887     1283    1654
        1930    2489     2399     1895     1428     1109      908      782      705      661      640      633      635      635      621      585      522      442      358      282      219      170      133      105       85       69       57       48       40       35       30       27       24       21       20       18       17       16       15       14       14       13       13       13       13       13       13       13       13       14       15       15       16       18       19       21       24       26       30       35       41       48       59       72       91      118      158      219      315      477      755    1234
         746    1216     1846     2245     2065     1619     1239      983      820      718      655      617      594      577      559      529      482      419      349      280      220      172      134      105       84       67       55       46       38       33       28       24       22       19       17       16       14       13       13       12       11       11       10       10       10       10       10       10       10       11       11       11       12       13       14       15       16       18       20       23       26       30       36       43       53       66       84      110      148      208      304     465
        1404    1907     1630     1108      764      572      465      407      379      375      392      435      510      631      804      980     1003      793      522      326      208      138       96       69       52       40       32       26       21       18       15       13       11       10        9        8        8        7        7        6        6        6        6        6        5        5        6        6        6        6        6        7        7        8        8        9       10       12       13       15       18       22       26       33       42       55       75      106      157      248      423     777
         593     797      932      938      855      755      675      623      600      601      626      670      723      759      738      643      501      363      256      181      130       95       72       55       44       35       29       24       20       17       15       13       12       11       10        9        8        8        7        7        7        6        6        6        6        6        6        6        7        7        7        8        8        9       10       10       12       13       15       17       20       24       29       35       44       55       72       97      134      190      277     409
         476     492      493      487      483      486      499      526      569      627      694      751      763      701      577      437      318      229      167      124       94       73       58       46       38       32       27       23       20       18       16       14       13       12       11       11       10       10        9        9        9        9        9        9        9        9        9       10       10       11       11       12       13       15       16       18       20       23       27       32       38       46       56       70       88      113      146      190      246      311      378     437
         755     787      752      685      619      566      531      512      509      521      547      582      619      642      630      572      477      374      282      211      158      120       93       73       59       48       40       34       29       25       22       19       17       16       15       13       13       12       11       11       11       10       10       10       10       10       10       11       11       12       12       13       14       15       17       19       21       24       27       32       37       45       54       68       86      111      147      199      273      376      509     650
         632    1868     3748     2002      841      464      309      233      193      171      161      160      168      187      219      275      366      506      653      648      462      279      167      105       70       49       36       27       21       17       14       11       10        8        7        6        6        5        5        4        4        4        4        3        3        3        3        3        3        3        4        4        4        4        4        5        5        6        7        7        9       10       12       15       18       23       31       42       60       91      149     279
         535     881     1224     1240      988      740      575      475      419      391      387      404      445      514      615      735      812      755      575      388      253      168      115       82       60       46       36       28       23       19       16       14       12       11        9        8        8        7        7        6        6        6        5        5        5        5        5        5        5        5        6        6        6        7        7        8        9       10       11       12       14       17       20       24       30       38       49       65       91      131      199     319
        1444    1071      700      483      364      296      258      238      232      238      258      295      359      467      645      892     1043      863      542      318      193      124       85       61       45       34       27       22       18       15       13       11       10        9        8        7        7        6        6        5        5        5        5        5        5        5        5        5        5        6        6        6        7        7        8        9       10       12       13       16       19       23       29       37       48       66       94      141      227      396      737    1258
         779     520      359      267      214      182      164      155      153      158      172      196      236      304      419      605      824      846      597      352      207      129       86       60       44       33       26       21       17       14       12       10        9        8        7        7        6        6        5        5        5        5        5        5        5        5        5        5        5        5        6        6        6        7        8        9       10       11       13       16       19       24       30       39       53       74      110      174      294      523      862    1004
         288     397      520      623      680      691      681      673      684      725      808      944     1136     1326     1343     1081      723      450      283      185      126       89       65       49       38       30       24       20       17       14       12       11       10        9        8        7        7        6        6        5        5        5        5        5        5        5        5        5        5        5        5        6        6        6        7        8        8        9       11       12       14       16       19       23       29       36       45       59       78      105      145     204
         199     283      399      533      639      672      636      571      509      462      432      418      418      431      452      477      493      483      436      361      280      208      153      114       85       65       51       40       33       27       23       19       16       14       13       11       10        9        9        8        7        7        7        6        6        6        6        6        6        6        6        7        7        7        8        8        9       10       11       12       13       15       18       21       24       29       36       45       58       76      102     141
        1137     909      649      477      377      319      287      275      279      301      346      427      575      848     1294     1593     1195      650      347      201      126       84       60       44       33       26       21       17       14       12       11        9        8        7        7        6        6        5        5        5        5        5        4        4        4        4        5        5        5        5        5        6        6        7        8        8       10       11       13       15       18       22       28       36       48       65       93      140      222      377      656    1019
         224     363      575      781      807      666      509      398      327      284      260      250      252      266      291      328      375      417      425      379      296      213      148      104       75       55       41       32       25       21       17       14       12       10        9        8        7        7        6        6        5        5        5        4        4        4        4        4        4        4        4        4        5        5        5        6        6        7        8        8       10       11       13       15       19       23       29       37       49       67       96     143
         110     160      242      373      564      775      891      851      731      614      525      464      422      394      370      346      315      276      231      185      144      111       85       65       50       40       32       26       21       18       15       13       11       10        8        8        7        6        6        5        5        5        4        4        4        4        4        4        4        4        4        4        4        5        5        5        6        6        7        7        8        9       11       13       15       18       22       27       34       43       57      78
         247     337      409      425      390      340      295      262      243      235      238      254      285      338      422      548      691      739      603      398      246      155      102       70       51       38       29       23       18       15       13       11        9        8        7        6        6        5        5        5        4        4        4        4        4        4        4        4        4        4        4        4        4        5        5        6        6        7        8        9       10       12       14       17       21       26       34       44       60       83      118     171
         333     471      594      636      598      528      467      426      406      407      432      483      572      702      853      918      786      544      343      216      141       96       68       50       38       29       23       19       16       13       11       10        9        8        7        6        6        5        5        5        4        4        4        4        4        4        4        4        4        4        4        5        5        5        6        6        7        8        9       10       12       14       17       20       25       32       41       55       74      104      151     224
         232     175      133      104       86       74       66       61       59       60       62       67       76       90      113      153      229      389      714      956      620      295      151       88       56       38       28       21       16       13       11        9        8        6        6        5        5        4        4        4        3        3        3        3        3        3        3        3        3        3        4        4        4        4        5        5        6        7        8       10       12       14       18       23       31       42       60       90      138      207      271     279
          94     146      235      369      498      520      441      348      279      236      211      200      201      213      239      285      358      455      533      501      363      229      142       91       61       43       31       23       18       14       12        9        8        7        6        5        5        4        4        3        3        3        3        3        2        2        2        2        2        2        2        2        3        3        3        3        3        4        4        5        5        6        7        8       10       12       14       18       24       32       44      63
         199     275      339      359      334      290      251      222      203      195      196      207      231      274      347      471      667      863      815      540      310      181      113       75       52       38       28       22       17       14       12       10        8        7        6        6        5        5        4        4        4        4        3        3        3        3        3        3        3        3        3        4        4        4        4        5        5        6        7        7        9       10       12       14       17       22       28       36       49       67       95     138
          71     109      175      283      420      495      449      355      278      228      197      182      177      182      199      231      285      367      467      515      431      285      174      108       70       48       34       25       19       15       12       10        8        7        6        5        4        4        3        3        3        3        3        2        2        2        2        2        2        2        2        2        2        2        3        3        3        3        3        4        4        5        6        7        8       10       12       15       19       25       34      48
         125     221      369      452      372      258      182      138      113       98       91       89       92      101      117      147      199      296      453      560      424      233      125       73       46       31       22       16       12        9        8        6        5        4        4        3        3        3        2        2        2        2        2        2        2        1        1        1        1        1        2        2        2        2        2        2        2        3        3        3        4        4        5        6        8       10       12       16       22       31       47      74
         135     234      381      470      410      301      222      175      148      134      129      133      147      174      228      335      572     1028     1118      572      252      127       73       46       31       22       16       12       10        8        6        5        4        4        3        3        3        2        2        2        2        2        2        2        1        1        1        1        1        1        2        2        2        2        2        2        2        3        3        3        4        5        6        7        8       10       13       18       24       35       51      81
         164     209      224      206      175      147      126      113      106      104      107      117      135      166      222      326      505      676      565      319      169       96       60       39       28       20       15       12        9        8        6        5        5        4        3        3        3        3        2        2        2        2        2        2        2        2        2        2        2        2        2        2        2        2        3        3        3        4        4        5        5        7        8       10       12       15       20       27       37       53       78     115
          76      96      120      148      179      212      245      278      310      344      379      416      448      463      446      392      316      238      174      127       93       69       52       40       32       25       21       17       14       12       11        9        8        7        6        6        5        5        5        4        4        4        4        4        4        4        4        4        4        4        4        4        4        4        5        5        6        6        7        7        8       10       11       13       15       18       21       25       31       38       48      60
          86     113      138      150      148      137      124      114      107      105      107      114      128      153      196      270      390      517      490      318      179      103       64       42       29       21       16       12       10        8        6        5        5        4        3        3        3        2        2        2        2        2        2        2        2        2        2        2        2        2        2        2        2        2        2        2        3        3        3        4        4        5        6        7        9       11       14       18       24       33       45      62
         175     228      199      139       96       71       56       47       42       40       39       41       45       52       64       87      135      252      589      892      413      153       71       40       24       16       12        8        6        5        4        3        3        2        2        2        1        1        1        1        1        1        1        1        1        1        1        1        1        1        1        1        1        1        1        1        1        2        2        2        3        3        4        5        6        8       11       16       23       36       60     104
          79      97      103       96       82       69       58       50       45       42       41       41       42       45       51       61       77      106      159      260      405      409      245      127       70       43       28       20       14       11        8        7        5        5        4        3        3        3        2        2        2        2        2        2        1        1        1        1        1        1        1        2        2        2        2        2        2        2        3        3        4        4        5        6        8       10       12       16       22       30       42      59
          56      86      131      184      215      205      172      140      117      102       94       91       93      101      116      144      196      291      454      575      433      231      122       70       43       29       20       15       11        9        7        6        5        4        3        3        2        2        2        2        2        1        1        1        1        1        1        1        1        1        1        1        1        1        1        2        2        2        2        2        3        3        4        5        5        7        8       11       14       19       26      38
