SWAN 1
LOCATIONS
     1
     681726.07 2033118.57
AFREQ
     56
     0.0300
     0.0400
     0.0500
     0.0600
     0.0700
     0.0800
     0.0900
     0.1000
     0.1100
     0.1200
     0.1300
     0.1400
     0.1500
     0.1600
     0.1700
     0.1800
     0.1900
     0.2000
     0.2100
     0.2200
     0.2300
     0.2400
     0.2500
     0.2600
     0.2700
     0.2800
     0.2900
     0.3000
     0.3100
     0.3200
     0.3300
     0.3400
     0.3500
     0.3600
     0.3700
     0.3800
     0.3900
     0.4000
     0.4100
     0.4200
     0.4300
     0.4400
     0.4500
     0.4600
     0.4700
     0.4800
     0.4900
     0.5000
     0.5100
     0.5200
     0.5300
     0.5400
     0.5500
     0.5600
     0.5700
     0.5800
NDIR
     72
     5.0000
     10.0000
     15.0000
     20.0000
     25.0000
     30.0000
     35.0000
     40.0000
     45.0000
     50.0000
     55.0000
     60.0000
     65.0000
     70.0000
     75.0000
     80.0000
     85.0000
     90.0000
     95.0000
     100.0000
     105.0000
     110.0000
     115.0000
     120.0000
     125.0000
     130.0000
     135.0000
     140.0000
     145.0000
     150.0000
     155.0000
     160.0000
     165.0000
     170.0000
     175.0000
     180.0000
     185.0000
     190.0000
     195.0000
     200.0000
     205.0000
     210.0000
     215.0000
     220.0000
     225.0000
     230.0000
     235.0000
     240.0000
     245.0000
     250.0000
     255.0000
     260.0000
     265.0000
     270.0000
     275.0000
     280.0000
     285.0000
     290.0000
     295.0000
     300.0000
     305.0000
     310.0000
     315.0000
     320.0000
     325.0000
     330.0000
     335.0000
     340.0000
     345.0000
     350.0000
     355.0000
     360.0000
QUANT
     1
VaDens
m2/Hz/degr
     -999.000000
FACTOR
     1.00000E-06
          36      32       28       25       22       20       18       17       16       15       14       14       13       13       13       13       14       14       14       15       16       17       19       20       22       24       26       28       30       32       33       34       34       33       31       29       27       24       22       21       19       18       16       16       15       14       14       13       13       13       13       14       14       15       16       17       18       20       22       25       28       32       36       41       46       51       54       55       54       51       46      41
         435     348      284      238      203      177      157      141      129      120      112      106      101       98       95       92       91       89       88       87       86       85       83       82       80       78       76       73       70       68       65       62       60       57       55       53       51       49       48       47       46       45       45       45       45       46       47       48       50       52       56       59       64       70       77       87       98      113      133      159      194      242      309      402      532      700      881     1006     1001      876      707     554
        5387    2764     1658     1102      788      594      467      379      316      270      236      209      189      173      160      150      143      137      133      130      129      129      130      132      135      140      146      153      162      172      184      198      214      231      250      270      290      309      327      341      351      357      359      356      350      342      334      325      318      311      307      305      306      310      318      330      347      371      403      447      506      589      705      877     1142     1582     2383     4065     8361    20437    27974   13000
      120174   38568    17443     9682     6078     4139     2988     2253     1759     1413     1162      975      832      722      635      565      509      464      427      396      371      351      334      321      311      303      297      293      292      292      294      298      304      312      322      335      349      367      387      410      437      467      502      541      586      636      691      753      821      897      980     1071     1172     1282     1403     1539     1693     1870     2077     2327     2635     3026     3540     4240     5237     6738     9164    13497    22453    45832   131798  285501
     1490480  140177    39743    18559    10742     7025     4977     3734     2925     2373     1979     1691     1475     1311     1183     1085     1008      948      903      869      846      832      827      830      841      860      888      925      972     1030     1101     1186     1287     1406     1542     1698     1870     2056     2247     2433     2599     2730     2813     2843     2822     2758     2664     2555     2442     2335     2240     2162     2102     2063     2046     2054     2087     2151     2251     2395     2594     2868     3244     3769     4521     5639     7394    10371    16037    29032    71542  446428
      249831 1499670    92594    23925    10786     6101     3919     2735     2024     1566     1256     1036      877      757      667      597      543      500      467      442      423      410      401      397      398      402      411      425      445      471      504      547      601      671      760      876     1028     1232     1510     1900     2457     3273     4482     6235     8533    10782    11686    10646     8617     6678     5198     4149     3415     2901     2538     2282     2105     1990     1925     1906     1930     2001     2127     2323     2613     3041     3689     4712     6442     9709    17093   40682
      162374  377863   290109   100695    42281    22051    13200     8660     6064     4460     3408     2688     2175     1800     1519     1304     1137     1005      900      816      747      692      647      611      582      560      543      531      523      520      521      526      535      549      567      591      621      657      701      755      819      896      989     1100     1234     1396     1591     1825     2105     2439     2832     3286     3799     4360     4949     5541     6106     6624     7088     7508     7910     8336     8838     9480    10347    11566    13332    15995    20220    27450    41275   72591
       85002  159158   301820   296661   138448    61614    32013    18865    12161     8369     6054     4555     3538     2823     2305     1920     1627     1401     1224     1083      970      879      805      744      695      655      622      597      577      562      552      547      546      549      556      568      584      605      632      666      707      756      816      888      974     1078     1203     1354     1537     1761     2032     2364     2767     3255     3842     4538     5346     6261     7265     8327     9413    10500    11584    12696    13904    15322    17119    19556    23064    28424    37206   52976
      100835  119446   136491   136229   108441    71010    42896    26012    16371    10768     7385     5258     3867     2927     2271     1802     1458     1201     1006      855      737      643      568      507      457      417      383      356      333      315      300      288      279      272      268      265      265      266      270      275      283      294      307      324      344      369      399      435      480      534      600      682      784      913     1077     1289     1565     1932     2426     3104     4049     5390     7321    10129    14208    20034    27990    38042    49476    61253    72994   85607
       90768   87362    59119    34685    20597    12926     8582     5980     4338     3254     2511     1985     1603     1319     1103      937      807      704      621      554      499      454      417      387      361      341      324      310      299      290      284      280      278      278      280      284      289      297      308      321      337      356      379      407      440      479      526      581      648      728      824      940     1081     1252     1460     1715     2026     2406     2870     3436     4124     4963     5987     7249     8830    10862    13574    17366    22973    31757    46080   68229
       20350   23735    27587    30062    28410    22552    15791    10534     7051     4842     3434     2514     1895     1466     1162      940      775      650      553      478      418      371      332      301      276      255      238      224      213      204      197      192      188      186      186      187      190      194      199      207      217      229      243      262      284      310      343      383      433      495      573      671      798      962     1178     1465     1853     2382     3106     4093     5409     7083     9031    11006    12659    13748    14306    14571    14834    15341    16296   17900
       16659   21402    26237    26798    21000    13705     8515     5414     3597     2499     1807     1353     1044      826      669      553      465      397      345      303      270      243      221      204      189      178      169      161      155      151      148      146      146      147      149      152      157      163      171      181      193      208      226      249      277      311      354      409      478      568      685      841     1054     1347     1760     2351     3203     4425     6101     8167    10216    11571    11844    11296    10458     9711     9226     9070     9287     9955    11218   13330
       27241   18329    11200     6946     4516     3085     2200     1628     1243      974      782      640      533      452      388      338      298      266      240      218      201      186      174      164      156      150      145      141      139      137      136      137      138      140      144      148      154      161      170      180      193      208      226      247      272      302      338      381      432      494      568      657      764      891     1043     1223     1433     1676     1957     2278     2646     3074     3581     4202     4994     6057     7554     9776    13216    18558    25787   30883
       12720    9335     6814     5062     3853     3006     2399     1954     1620     1364     1165     1007      880      778      693      623      565      516      474      439      409      383      361      343      327      313      302      292      284      278      273      270      268      267      267      269      272      276      282      289      298      308      321      335      352      372      394      420      451      486      528      576      633      700      781      877      995     1139     1317     1543     1832     2209     2711     3396     4351     5714     7677    10450    13990    17344    18461   16377
       14557   16559    10639     5646     3193     1989     1341      962      723      566      456      378      320      277      243      217      197      181      168      159      151      145      141      138      137      137      139      141      146      151      159      168      180      194      211      232      258      289      326      370      422      483      551      624      697      764      818      851      861      851      825      790      753      717      686      662      645      637      637      648      670      706      759      836      945     1101     1330     1678     2236     3198     5001    8598
        5105    3321     2174     1488     1068      801      623      500      412      347      299      262      233      210      193      179      168      159      153      148      145      143      143      144      146      150      155      162      170      180      193      208      226      247      271      300      332      367      406      446      485      520      549      570      580      581      574      561      545      528      512      499      489      484      483      488      500      519      548      588      644      720      825      973     1185     1498     1982     2752     3990     5774     7348    7024
        3831    2823     1896     1276      890      647      489      382      308      254      215      185      162      145      131      120      112      105      100       96       93       92       91       91       93       95       98      103      109      116      126      137      152      171      194      224      263      312      375      456      558      681      819      952     1050     1085     1051      968      864      762      673      599      541      496      463      440      427      421      424      435      456      489      537      605      702      842     1049     1362     1845     2574     3509    4160
        2645    2402     1818     1267      877      623      458      349      274      221      182      154      132      116      103       93       85       78       73       70       67       64       63       62       62       63       64       65       68       71       76       81       88       97      107      121      138      160      188      225      272      335      416      519      642      773      884      944      935      871      778      683      599      531      477      436      406      387      375      372      376      389      412      447      497      570      674      826     1049     1379     1838    2358
        5071    5192     3795     2378     1492      985      687      503      383      302      245      203      173      149      131      117      106       97       90       84       80       77       74       72       71       71       71       72       74       76       79       83       88       93      100      109      119      131      145      162      181      204      229      256      285      314      341      364      381      391      394      392      387      379      372      366      362      362      365      374      388      410      441      485      547      635      760      947     1236     1703     2478    3706
        2142    1591     1123      797      582      440      343      275      226      191      164      143      127      115      105       98       92       87       84       81       80       79       79       80       82       85       88       93       99      106      116      127      141      158      178      203      233      268      309      352      396      436      465      479      477      461      435      405      375      347      323      304      288      277      269      266      266      271      281      296      318      349      391      450      532      648      817     1065     1425     1902     2365    2495
         861     646      499      396      322      267      226      195      170      151      136      124      114      106       99       94       90       87       85       83       82       82       82       83       84       86       89       92       96      100      105      111      118      126      134      143      153      163      174      185      196      207      217      227      236      245      254      262      271      280      290      302      317      334      357      385      420      467      527      607      716      866     1077     1377     1800     2350     2913     3173     2888     2260     1643    1180
         564     639      699      721      692      617      520      423      340      274      222      182      152      129      111       96       85       76       69       63       58       55       52       49       48       46       45       45       45       45       46       47       49       51       54       57       61       66       71       78       87       97      108      122      138      156      176      196      217      236      252      263      268      269      265      259      252      245      238      233      231      230      232      238      247      260      278      302      334      375      427     491
         787     714      602      486      386      307      246      200      166      140      119      104       91       82       74       67       62       58       55       53       51       49       48       48       47       48       48       49       51       52       55       57       61       64       69       74       80       86       94      101      110      118      126      134      141      147      152      156      158      159      159      159      158      158      159      161      164      168      174      183      194      209      229      254      287      330      385      455      542      640      734     793
         688     537      400      298      226      176      140      115       96       82       71       63       57       52       48       44       42       40       39       38       38       37       38       38       39       40       42       44       47       50       54       58       63       69       75       82       89       96      103      108      112      114      114      113      110      106      102       98       94       91       88       86       85       84       85       86       89       93       98      106      116      129      147      170      203      248      312      401      521      662      776     790
         320     247      193      153      124      102       86       74       64       57       51       46       43       40       37       35       34       33       32       32       32       32       33       33       34       36       38       40       43       46       50       54       59       65       72       79       88       96      104      112      119      123      126      127      127      125      122      119      115      113      111      109      109      110      112      116      122      129      140      154      172      197      230      274      333      407      493      575      618      595      514     412
         485     534      500      403      297      214      156      117       89       71       57       47       40       34       30       26       24       22       20       19       18       17       16       16       16       16       16       16       16       17       18       19       20       21       23       26       29       33       37       43       51       61       73       89      108      130      154      176      190      195      189      176      161      145      131      119      110      103       99       96       95       96       99      105      113      125      141      165      198      245      310     395
         147     182      225      275      316      328      301      249      194      149      115       90       72       58       49       41       36       31       28       25       23       22       20       19       19       18       18       18       18       18       18       19       20       21       22       24       26       28       31       35       39       44       50       57       65       73       80       86       91       92       91       88       84       78       73       68       64       61       58       56       55       54       54       55       57       60       65       70       78       89      103     122
         114     119      126      134      143      152      161      166      167      162      152      137      121      104       89       76       65       56       49       43       38       34       30       28       25       24       22       21       20       20       19       19       19       19       19       20       20       21       22       24       25       28       31       34       38       44       51       60       72       88      109      136      170      212      258      298      320      317      294      261      227      197      172      153      138      127      119      113      110      108      108     110
          43      42       40       39       38       37       36       35       35       34       33       32       32       31       30       30       29       28       28       27       26       26       25       25       24       24       24       24       24       24       24       24       25       25       26       26       27       29       30       32       34       36       39       42       46       50       55       60       66       73       80       87       93       99      103      105      105      103      100       95       89       84       78       72       67       63       59       55       52       49       47      45
          49      49       50       51       52       54       55       57       58       59       59       59       58       56       54       51       48       45       42       39       36       34       31       29       27       26       24       23       22       21       21       20       20       20       20       20       20       21       21       22       23       24       26       27       29       32       34       37       40       44       48       51       55       59       62       64       65       66       65       64       63       61       58       56       54       53       51       50       49       49       48      48
          85      90       94       96       96       93       86       78       68       59       50       42       36       31       26       23       20       17       16       14       13       12       11       10        9        9        8        8        8        8        8        7        7        8        8        8        8        8        9        9       10       11       11       12       14       15       17       18       20       23       26       29       32       35       39       42       45       48       50       52       54       55       56       58       59       60       62       65       67       71       75      80
          46      51       56       61       66       70       71       69       65       59       52       45       39       33       28       24       21       19       16       15       13       12       11       10       10        9        9        8        8        8        8        8        7        8        8        8        8        8        9        9        9       10       11       11       12       13       14       15       16       17       18       19       20       21       22       23       24       24       25       25       25       26       26       27       28       29       30       32       34       36       39      42
          19      20       21       22       24       27       30       35       41       49       61       77       99      125      151      164      152      125       95       71       54       41       32       26       22       18       16       14       12       11       10        9        9        8        8        8        7        7        7        7        7        8        8        8        9        9       10       10       11       12       13       14       16       17       18       19       21       21       22       22       22       22       22       21       20       20       19       19       19       18       19      19
          19      20       21       22       24       26       28       30       33       35       37       38       39       38       36       33       30       26       23       20       18       15       14       12       11       10        9        8        7        7        6        6        6        6        5        5        5        5        5        5        5        5        5        6        6        6        6        7        7        7        8        8        9        9       10       11       11       12       12       13       13       14       14       14       15       15       15       16       16       17       17      18
          20      21       21       21       22       22       22       22       22       21       21       21       20       20       19       19       18       17       17       16       15       14       13       13       12       11       10       10        9        9        8        8        7        7        7        6        6        6        6        6        6        5        5        5        5        5        6        6        6        6        6        6        7        7        7        8        8        9        9       10       11       11       12       13       14       15       16       17       18       18       19      20
          21      22       24       26       28       30       33       36       39       41       42       42       40       37       34       30       26       22       19       17       15       13       11       10        9        8        8        7        7        6        6        6        5        5        5        5        5        5        5        5        5        6        6        6        6        7        7        7        8        9        9       10       10       11       12       12       13       14       14       15       15       15       16       16       16       17       17       17       18       18       19      20
           9      11       12       14       17       22       28       37       51       72       96      111      102       78       55       39       29       22       17       14       11       10        8        7        7        6        6        5        5        5        5        5        5        5        5        6        6        6        7        8        9       10       12       14       16       19       22       25       27       28       27       25       23       20       17       15       13       11       10        9        8        8        7        7        7        7        7        7        7        7        8       8
          11      11       12       12       13       13       14       14       15       16       16       17       17       17       17       17       17       16       16       15       14       13       12       11       10       10        9        8        8        7        7        7        6        6        6        5        5        5        5        5        5        5        5        5        5        5        5        5        5        5        5        5        6        6        6        6        6        6        7        7        7        7        8        8        8        8        9        9        9       10       10      10
           5       5        6        6        7        8        9       11       12       14       17       20       23       25       27       27       26       23       20       17       15       12       11        9        8        7        6        6        5        5        5        4        4        4        4        4        4        4        4        4        4        4        4        4        4        4        4        4        5        5        5        5        5        5        5        5        4        4        4        4        4        4        4        4        4        4        4        4        4        4        5       5
           8       8        8        9        9        9       10       10       11       12       12       13       14       15       16       17       18       18       18       17       16       15       13       12       10        9        8        7        6        6        5        5        4        4        4        3        3        3        3        3        3        3        3        3        3        3        3        3        3        3        3        3        3        4        4        4        4        4        5        5        5        6        6        6        6        7        7        7        7        7        8       8
           5       5        5        5        6        6        6        7        8        9       10       12       14       16       19       21       23       23       22       19       16       13       11        9        7        6        5        4        4        3        3        3        2        2        2        2        2        2        2        2        2        2        2        2        2        2        3        3        3        4        4        4        5        6        6        7        8        8        9        9        9        8        8        8        7        7        6        6        6        5        5       5
           4       4        5        6        6        7        9       10       12       14       17       19       21       22       22       21       19       17       15       13       11       10        9        8        7        7        6        6        5        5        5        5        5        5        5        5        5        5        5        5        5        5        5        5        5        5        5        4        4        4        4        4        4        3        3        3        3        3        3        3        3        3        3        3        3        3        3        3        3        3        3       4
           3       3        3        3        4        4        5        5        5        5        5        5        5        5        5        4        4        4        3        3        3        2        2        2        2        2        2        1        1        1        1        1        1        1        1        1        1        1        1        1        1        1        1        1        1        1        1        1        1        1        1        1        1        1        1        1        1        1        1        1        1        1        1        1        2        2        2        2        2        2        2       2
           1       1        1        1        2        2        2        3        3        4        5        6        7        9       10       12       12       12       11       10        8        7        6        5        5        4        4        3        3        3        3        3        3        3        3        3        3        3        3        3        4        4        4        4        4        4        4        4        4        3        3        3        2        2        2        2        1        1        1        1        1        1        1        1        1        1        1        1        1        1        1       1
           1       2        2        2        3        3        4        6        7       10       14       20       25       28       26       21       16       12        9        7        6        5        4        3        3        3        3        2        2        2        2        2        2        2        2        2        2        2        2        2        2        2        2        2        2        2        2        2        2        1        1        1        1        1        1        1        1        1        1        1        1        1        1        1        1        1        1        1        1        1        1       1
           0       0        1        1        1        1        2        2        4        5        9       16       30       42       34       20       11        7        5        3        3        2        2        1        1        1        1        1        1        1        1        1        1        1        1        1        2        2        3        3        4        6        7        9        9        8        7        5        4        3        2        2        1        1        1        1        0        0        0        0        0        0        0        0        0        0        0        0        0        0        0       0
           1       1        1        1        1        1        1        1        1        2        2        3        3        4        5        7        9       12       14       15       13       11        8        6        5        4        3        3        2        2        2        1        1        1        1        1        1        1        1        1        1        1        1        1        1        1        1        1        1        2        2        2        2        2        2        2        1        1        1        1        1        1        1        1        1        1        1        1        1        1        1       1
           1       1        1        1        1        2        2        2        3        4        5        7        9       13       16       18       18       15       12        9        7        5        4        4        3        3        2        2        2        2        2        2        2        2        2        2        2        2        3        3        3        4        4        4        4        4        4        4        3        3        3        2        2        2        1        1        1        1        1        1        1        1        1        0        0        0        0        0        0        1        1       1
           1       2        2        2        3        3        4        4        5        6        7        8        9        9        9        8        8        7        7        6        5        5        5        5        4        4        4        4        4        4        4        5        5        5        5        5        4        4        4        4        3        3        3        2        2        2        1        1        1        1        1        1        1        1        1        1        1        0        0        0        0        0        0        0        1        1        1        1        1        1        1       1
           1       1        1        1        1        2        2        2        3        3        3        4        5        6        7        8       10       11       11       11       11       10        9        8        6        6        5        4        4        3        3        2        2        2        2        2        1        1        1        1        1        1        1        1        1        1        1        1        1        1        1        1        1        1        1        0        0        0        0        0        0        0        0        0        1        1        1        1        1        1        1       1
           0       0        0        0        1        1        1        1        1        1        2        2        2        3        3        3        4        4        4        4        4        3        3        3        3        2        2        2        2        2        2        2        2        2        2        2        2        2        2        2        2        2        2        2        2        2        2        2        2        1        1        1        1        1        1        1        1        0        0        0        0        0        0        0        0        0        0        0        0        0        0       0
           2       2        2        2        3        3        3        3        3        3        4        4        4        4        4        4        3        3        3        3        3        3        3        3        3        3        3        3        3        3        3        3        3        3        3        2        2        2        2        2        2        1        1        1        1        1        1        1        1        1        1        1        1        1        1        1        1        1        1        1        1        1        1        1        1        1        1        1        1        1        1       2
           0       0        0        0        0        0        1        1        1        2        2        3        5        6        8        9        8        7        6        5        4        3        3        3        2        2        2        2        2        2        2        3        3        4        4        4        5        5        4        4        3        2        2        1        1        1        0        0        0        0        0        0        0        0        0        0        0        0        0        0        0        0        0        0        0        0        0        0        0        0        0       0
           1       1        1        1        1        1        2        2        3        4        5        6        7        8        8        8        7        6        5        4        4        3        3        2        2        2        2        2        2        2        2        2        2        2        2        2        2        2        2        2        2        1        1        1        1        1        1        1        1        1        0        0        0        0        0        0        0        0        0        0        0        0        0        0        0        0        0        0        0        0        0       0
           0       0        0        0        0        0        1        1        1        1        2        3        4        6        9       11       11        9        7        5        4        3        2        2        1        1        1        1        1        1        1        1        1        1        1        1        1        1        1        1        2        2        2        2        2        2        1        1        1        1        1        0        0        0        0        0        0        0        0        0        0        0        0        0        0        0        0        0        0        0        0       0
           0       0        0        0        0        1        1        1        1        2        2        3        4        6        7        7        6        5        4        3        2        2        1        1        1        1        1        0        0        0        0        0        0        0        0        0        0        0        0        0        0        0        0        1        1        1        1        1        1        1        1        1        0        0        0        0        0        0        0        0        0        0        0        0        0        0        0        0        0        0        0       0
