SWAN 1
LOCATIONS
     1
     681724.29 2033118.57
AFREQ
     56
     0.0300
     0.0400
     0.0500
     0.0600
     0.0700
     0.0800
     0.0900
     0.1000
     0.1100
     0.1200
     0.1300
     0.1400
     0.1500
     0.1600
     0.1700
     0.1800
     0.1900
     0.2000
     0.2100
     0.2200
     0.2300
     0.2400
     0.2500
     0.2600
     0.2700
     0.2800
     0.2900
     0.3000
     0.3100
     0.3200
     0.3300
     0.3400
     0.3500
     0.3600
     0.3700
     0.3800
     0.3900
     0.4000
     0.4100
     0.4200
     0.4300
     0.4400
     0.4500
     0.4600
     0.4700
     0.4800
     0.4900
     0.5000
     0.5100
     0.5200
     0.5300
     0.5400
     0.5500
     0.5600
     0.5700
     0.5800
NDIR
     72
     5.0000
     10.0000
     15.0000
     20.0000
     25.0000
     30.0000
     35.0000
     40.0000
     45.0000
     50.0000
     55.0000
     60.0000
     65.0000
     70.0000
     75.0000
     80.0000
     85.0000
     90.0000
     95.0000
     100.0000
     105.0000
     110.0000
     115.0000
     120.0000
     125.0000
     130.0000
     135.0000
     140.0000
     145.0000
     150.0000
     155.0000
     160.0000
     165.0000
     170.0000
     175.0000
     180.0000
     185.0000
     190.0000
     195.0000
     200.0000
     205.0000
     210.0000
     215.0000
     220.0000
     225.0000
     230.0000
     235.0000
     240.0000
     245.0000
     250.0000
     255.0000
     260.0000
     265.0000
     270.0000
     275.0000
     280.0000
     285.0000
     290.0000
     295.0000
     300.0000
     305.0000
     310.0000
     315.0000
     320.0000
     325.0000
     330.0000
     335.0000
     340.0000
     345.0000
     350.0000
     355.0000
     360.0000
QUANT
     1
VaDens
m2/Hz/degr
     -999.000000
FACTOR
     1.00000E-06
          18      19       19       20       22       24       27       31       36       45       57       76      104      146      193      214      185      134       91       63       45       33       26       20       17       14       12       10        9        8        8        7        7        6        6        6        6        6        6        6        6        7        7        8        9        9       11       12       14       17       20       25       32       41       53       67       83       94       95       87       73       60       49       41       34       29       26       23       21       20       19      19
         992    1018     1036     1043     1038     1018      984      937      879      814      746      678      613      552      497      448      404      366      333      304      279      258      239      224      210      199      189      181      174      168      164      161      158      157      156      157      158      160      163      167      171      177      184      192      202      212      224      238      253      270      289      310      332      357      383      411      440      471      503      536      569      603      638      672      707      743      779      815      852      889      926     960
        8190    6877     5595     4453     3503     2747     2161     1713     1371     1110      910      756      635      540      464      404      355      315      282      256      233      215      200      187      177      168      161      156      152      149      147      146      146      148      150      154      159      165      173      183      194      208      225      246      271      301      337      382      437      505      591      699      837     1014     1243     1541     1931     2438     3093     3921     4931     6098     7350     8572     9641    10467    11016    11285    11275    10966    10336    9387
       15969    8462     5124     3384     2378     1750     1337     1053      851      702      591      506      440      388      347      314      287      265      248      233      222      213      207      202      199      198      198      201      204      210      218      228      241      257      276      300      329      365      410      466      537      627      743      894     1095     1367     1739     2258     2986     4007     5407     7202     9207    10949    11892    11898    11298    10530     9881     9490     9424     9750    10587    12185    15092    20663    32961    69589   311902  1433660   164474   38275
      136517   61187    33644    20849    13985     9930     7364     5653     4464     3611     2981     2506     2141     1856     1630     1449     1303     1184     1087     1007      942      888      845      810      783      762      748      739      736      738      745      758      777      801      833      872      919      976     1044     1125     1222     1337     1473     1635     1828     2058     2333     2661     3053     3521     4075     4730     5498     6390     7415     8584     9906    11400    13101    15072    17428    20365    24219    29589    37610    50675    74599   126938   283743  1157390  2327500  466222
       27160   15136     9569     6565     4772     3623     2847     2299     1901     1603     1376     1199     1059      947      857      783      723      674      633      600      573      552      535      522      513      508      506      507      511      518      528      542      559      579      603      631      664      701      743      791      844      904      971     1044     1126     1215     1313     1420     1537     1665     1806     1961     2135     2331     2556     2819     3132     3515     3994     4609     5427     6554     8179    10658    14743    22250    38569    86345   349372  1035570   223071   60877
       58302   24108    12495     7397     4781     3291     2376     1782     1378     1094      889      736      620      531      461      406      361      325      296      272      253      237      224      214      205      199      195      192      190      190      192      195      200      206      215      225      238      254      273      296      324      358      400      451      514      593      691      815      972     1174     1435     1772     2210     2775     3494     4384     5446     6646     7922     9205    10463    11741    13174    15006    17647    21864    29338    44602    83879   232957   558614  211742
      392467  190576    77638    37725    21261    13282     8931     6345     4707     3615     2858     2315     1916     1616     1385     1206     1064      952      861      788      728      680      641      610      586      568      555      547      543      545      550      561      576      597      625      659      702      754      819      898      996     1117     1268     1459     1701     2012     2420     2960     3689     4688     6080     8042    10812    14658    19708    25577    31001    34294    34750    33183    30929    28937    27669    27338    28124    30338    34619    42329    56605    85610   153606  314328
      397843  771694   215029    64432    28613    15610     9627     6445     4577     3401     2620     2079     1691     1406     1191     1026      897      796      715      650      598      556      522      495      473      457      445      438      434      434      438      445      457      473      494      521      554      596      647      710      788      885     1006     1160     1357     1613     1949     2400     3015     3868     5074     6797     9253    12645    16931    21396    24563    25274    23849    21516    19253    17489    16333    15787    15864    16643    18333    21394    26834    37103    59352  121966
       59979  134956   314401   184797    53968    21392    10708     6179     3917     2656     1895     1408     1081      853      689      568      477      408      353      310      276      248      226      208      193      181      172      164      158      153      150      148      148      148      150      153      158      164      172      181      193      208      226      248      275      309      351      404      472      560      676      831     1043     1340     1770     2411     3402     4991     7622    12012    18858    27155    32377    31404    27174    23190    20593    19438    19698    21640    26197   36046
       11903   16724    27399    56165   122766   102961    37193    15224     7708     4494     2881     1976     1427     1072      833      665      543      453      385      332      291      258      232      211      194      180      169      160      153      147      143      141      139      139      140      142      146      150      157      165      175      187      203      222      245      274      310      356      414      489      587      718      896     1142     1492     1999     2746     3851     5444     7538     9753    11236    11380    10505     9327     8300     7577     7177     7098     7366     8069    9419
       93973  140762    56939    21163    10275     5931     3821     2655     1949     1493     1183      963      804      684      593      522      466      422      386      358      335      317      303      292      284      279      276      275      277      281      287      296      308      322      339      361      386      417      453      495      544      601      668      743      829      923     1025     1131     1238     1342     1437     1519     1587     1642     1684     1720     1754     1792     1841     1906     1996     2121     2292     2529     2861     3334     4032     5111     6895    10145    17001   35107
       32505   40845    43775    37072    25719    16299    10238     6601     4411     3055     2186     1612     1219      944      747      602      493      411      347      297      257      226      200      179      162      148      136      127      119      112      107      102       99       97       95       94       93       94       95       96       99      102      106      111      118      125      134      146      159      175      195      219      248      284      329      386      457      549      668      823     1029     1304     1677     2186     2885     3850     5183     7022     9549    13016    17770   24233
        4262    5264     7105    10626    16904    22009    16437     8480     4343     2446     1506      995      695      507      384      299      239      196      163      138      119      104       92       82       75       68       63       59       56       53       51       50       48       48       47       47       48       49       50       52       54       57       61       65       71       78       86       96      109      125      145      171      204      248      308      389      501      661      889     1215     1673     2274     2959     3562     3893     3912     3742     3532     3381     3336     3431    3711
        6834    8992    11990    15559    18007    16912    12883     8757     5810     3930     2747     1986     1481     1135      891      715      584      486      410      351      305      268      238      213      193      177      163      152      142      134      128      123      119      116      114      112      112      112      113      115      117      120      125      130      137      144      154      165      178      193      212      233      259      289      326      369      420      482      556      644      750      877     1028     1208     1424     1682     1994     2375     2849     3453     4246    5323
        3558    5534     9894    18988    23309    12970     5870     3012     1758     1128      775      562      424      331      265      218      182      156      135      119      106       95       87       80       75       70       67       64       62       61       60       59       59       60       60       62       64       67       70       74       79       85       92      101      111      124      139      158      180      207      240      279      326      380      442      510      581      653      719      778      828      869      906      943      986     1041     1117     1225     1381     1612     1968    2545
        2117    2762     3999     6640    12377    17439    11017     4852     2352     1308      807      537      378      278      212      167      134      111       93       79       69       60       54       48       44       41       38       36       34       32       31       30       30       30       30       30       30       31       32       33       35       37       40       43       47       52       58       65       74       86      100      119      144      175      218      275      352      455      591      762      960     1158     1318     1410     1433     1414     1382     1363     1373     1428     1544    1754
        5667    8053    11219    12642     9809     5926     3433     2083     1344      915      653      483      370      291      234      192      160      136      118      103       91       81       74       68       62       58       55       52       50       48       47       46       45       45       45       46       47       48       50       52       55       58       62       67       73       80       88       99      111      127      146      169      198      234      280      336      407      493      597      719      858     1010     1168     1328     1487     1651     1831     2045     2324     2714     3292    4196
        5171    7353    10577    13673    13217     9322     5714     3503     2250     1521     1076      791      601      469      375      306      254      214      184      160      140      125      112      102       93       86       81       76       72       69       66       64       63       62       62       61       62       63       64       66       68       71       74       78       83       89       96      104      114      125      139      155      174      197      224      256      294      339      392      456      530      616      717      835      973     1137     1335     1581     1897     2321     2918    3800
        2062    2416     2859     3410     4046     4621     4813     4354     3421     2455     1702     1183      838      609      454      347      272      217      176      146      123      105       90       79       70       62       56       51       47       44       41       39       37       36       35       34       33       33       33       33       33       34       35       36       38       40       42       45       48       52       57       63       70       79       90      102      118      138      163      193      232      280      341      417      510      624      759      916     1095     1295     1518    1769
        3517    3924     3971     3837     3688     3598     3557     3494     3296     2877     2285     1677     1178      817      573      409      299      224      171      134      107       87       72       60       51       44       39       34       31       28       25       23       21       20       19       18       17       17       16       16       16       16       16       17       17       17       18       19       20       22       23       25       28       31       35       39       45       52       61       73       89      110      139      178      234      316      439      625      914     1357     1995    2786
        1662    1856     2221     2886     4074     5817     6537     4622     2486     1327      764      474      314      219      159      120       93       73       60       49       41       35       31       27       24       21       20       18       17       16       15       14       13       13       13       13       12       12       13       13       13       14       14       15       16       17       19       20       22       25       28       32       37       44       52       62       77       96      122      158      210      285      392      546      753     1004     1254     1439     1528     1546     1545    1572
        1478    1733     2019     2332     2639     2857     2853     2552     2047     1520     1088      774      556      407      305      233      182      145      117       96       81       68       59       51       45       40       36       32       30       27       26       24       23       22       21       20       20       19       19       19       19       20       20       21       22       23       24       25       27       29       32       35       39       43       49       55       64       74       87      103      124      151      185      228      284      356      447      559      696      857     1041    1248
        2412    2910     3337     3591     3578     3270     2748     2155     1615     1183      862      633      470      355      272      213      169      136      112       93       78       67       57       50       44       39       35       32       29       27       25       24       23       22       21       20       20       19       19       19       19       19       20       20       21       22       23       25       26       28       31       34       37       42       47       53       61       71       84      100      120      147      182      228      291      375      489      644      854     1131     1487    1921
        3130    3684     3560     2988     2369     1869     1495     1216     1002      832      692      576      477      394      325      267      221      182      152      127      107       91       77       67       58       51       45       41       37       33       30       28       26       25       23       22       21       21       20       20       19       19       19       20       20       20       21       22       23       24       26       28       30       33       37       41       46       53       61       71       85      102      125      157      200      261      350      483      688     1011     1519    2263
         690     789      897     1020     1164     1334     1526     1714     1834     1800     1582     1258      937      679      491      360      269      205      160      127      103       84       71       60       51       45       39       35       31       29       26       24       23       21       20       19       19       18       18       17       17       17       18       18       18       19       20       21       22       23       25       27       29       32       36       40       45       51       59       69       81       96      114      137      166      202      245      298      361      432      511     598
        1448    1829     2173     2358     2301     2032     1666     1307     1004      766      586      451      351      276      220      177      144      119       99       84       71       61       53       47       42       37       34       31       28       26       24       23       21       20       20       19       18       18       18       18       18       18       18       18       19       20       20       21       23       24       26       28       31       34       38       42       48       54       62       73       86      102      122      149      184      230      291      373      484      636      840    1110
        4616    3127     1749     1103      793      630      543      499      484      494      526      579      646      708      722      653      521      381      268      189      136      100       75       58       46       37       30       25       22       19       16       14       13       12       11       10        9        9        8        8        8        7        7        7        7        7        8        8        8        9        9       10       10       11       13       14       16       18       21       25       30       37       46       59       78      107      154      234      386      706     1479    3263
        1135    1988     2696     2309     1519      988      688      515      408      338      290      257      232      212      196      182      169      156      143      129      116      102       90       78       68       59       51       44       39       34       30       27       24       22       20       18       17       15       15       14       13       13       12       12       12       12       12       12       12       12       13       13       14       15       16       17       19       20       23       26       30       34       41       49       60       75       96      128      176      255      391     643
        1692    2215     2203     1832     1470     1226     1085     1019     1011     1049     1117     1178     1168     1033      805      574      394      270      189      136      100       76       59       47       38       31       26       22       19       17       15       13       12       11       10        9        9        8        8        8        7        7        7        7        7        7        7        8        8        8        9        9       10       11       12       14       15       18       20       24       28       34       42       53       68       90      122      173      255      394      640    1067
         292     385      524      738     1075     1590     2237     2631     2349     1698     1139      769      536      387      289      222      174      140      114       94       79       67       58       50       44       39       35       31       28       26       24       22       20       19       18       17       16       16       15       15       15       15       14       14       15       15       15       15       16       16       17       18       19       20       21       23       25       27       30       33       37       41       47       53       61       71       83       99      119      145      180     226
         897    1096     1197     1186     1108     1017      940      885      848      824      800      765      706      620      517      411      318      243      185      142      110       87       69       56       46       39       33       28       25       22       19       17       16       14       13       12       12       11       11       10       10       10       10       10       10       10       10       10       11       11       12       13       14       15       16       18       20       23       26       30       35       42       51       63       79      101      133      178      244      341      481     672
         439     360      306      273      255      251      259      282      326      405      548      822     1346     1957     1669      893      451      250      153      101       70       51       39       30       24       20       16       14       12       11        9        8        8        7        6        6        6        5        5        5        5        5        5        5        5        5        6        6        6        7        7        8        9       10       11       13       15       17       21       26       32       41       54       73      103      149      223      338      487      608      619     538
         889     850      755      661      590      547      531      540      577      651      774      962     1206     1393     1307      965      622      392      254      171      121       88       67       52       41       33       28       23       20       17       15       14       12       11       10       10        9        8        8        8        8        7        7        7        7        8        8        8        8        9        9       10       11       12       13       15       17       20       23       27       32       40       49       63       82      110      152      215      312      454      638     811
         946     807      598      446      351      295      263      248      247      259      289      342      434      593      847     1113     1063      703      401      234      145       96       67       49       37       28       23       18       15       13       11       10        9        8        7        6        6        5        5        5        5        5        4        4        4        4        5        5        5        5        5        6        6        7        7        8        9       11       12       15       17       21       26       34       44       60       84      124      193      317      531     813
         316     284      245      212      188      172      165      164      170      185      213      259      337      469      676      869      795      514      296      175      110       74       52       38       29       23       18       15       12       11        9        8        7        6        6        5        5        5        4        4        4        4        4        4        4        4        4        4        4        4        5        5        6        6        7        8        9       10       11       14       16       20       25       32       41       56       76      108      153      213      277     318
         835     670      463      324      240      189      158      138      126      119      117      119      125      137      155      182      223      279      349      409      412      343      249      171      118       84       61       46       36       29       23       19       16       14       12       11       10        9        8        8        7        7        7        6        6        6        6        6        6        6        7        7        7        8        9        9       10       12       13       15       18       22       27       33       43       57       79      115      176      286      480     737
         236     313      399      474      521      538      537      530      531      547      581      640      722      816      878      841      691      501      342      231      159      113       82       62       48       37       30       25       21       17       15       13       11       10        9        8        8        7        7        6        6        6        6        5        5        5        5        5        6        6        6        6        7        7        8        8        9       10       11       13       14       17       20       24       28       35       44       56       72       95      128     174
         335     500      616      590      478      371      297      249      220      205      201      206      221      250      296      365      455      531      523      413      281      182      120       82       58       43       32       25       20       16       14       11       10        9        8        7        6        6        5        5        4        4        4        4        4        4        4        4        4        4        4        4        4        5        5        6        6        7        8        9       10       12       14       17       21       27       35       46       64       91      136     212
         127     172      236      327      449      595      736      827      848      810      745      674      607      544      483      422      361      302      247      199      158      125       99       79       64       52       42       35       29       25       21       19       16       14       13       12       11       10        9        8        8        7        7        7        7        7        7        6        7        7        7        7        7        7        8        8        9       10       11       12       13       15       17       19       22       26       31       38       46       58       74      96
         221     283      355      431      499      551      580      590      586      575      557      535      506      467      419      363      305      249      200      159      126      100       80       65       53       44       37       31       27       23       20       18       16       14       13       12       11       10       10        9        9        9        8        8        8        8        8        8        8        9        9        9       10       10       11       12       13       14       16       18       20       23       27       31       37       44       54       66       82      104      133     171
         284     334      362      366      356      343      335      336      349      379      433      520      655      837      990      944      695      441      274      175      117       82       60       45       35       27       22       18       15       13       11       10        9        8        7        7        6        6        5        5        5        5        5        5        5        5        5        5        5        5        5        6        6        7        7        8        9       10       11       13       15       18       22       26       33       41       53       70       94      126      170     225
         527     438      315      227      172      138      117      104       97       94       95       99      108      124      149      189      254      355      475      515      403      257      157      100       67       47       34       26       20       16       13       11       10        8        7        6        6        5        5        5        4        4        4        4        4        4        4        4        4        4        4        4        5        5        5        6        7        8        9       10       12       14       18       22       29       39       53       77      118      190      311     465
         233     312      380      408      391      353      314      284      265      258      261      277      308      360      443      563      697      751      635      438      278      178      118       81       59       44       33       26       21       17       15       12       11        9        8        7        7        6        6        5        5        5        5        4        4        4        4        4        4        4        5        5        5        5        6        6        7        8        9       10       11       13       15       19       23       28       36       46       62       84      117     166
         179     246      325      397      440      444      425      397      375      361      358      364      380      402      420      421      391      330      258      191      139      102       75       57       43       34       27       22       18       15       13       11       10        9        8        7        6        6        5        5        5        5        4        4        4        4        4        4        4        4        5        5        5        5        6        6        7        8        8        9       11       12       15       17       21       26       32       40       52       69       94     129
         177     141      108       85       70       60       55       52       51       53       57       65       79      103      148      240      430      626      455      217      108       61       38       25       18       13       10        8        6        5        4        4        3        3        2        2        2        2        2        2        1        1        1        1        1        1        1        1        1        2        2        2        2        2        2        3        3        3        4        5        6        7        9       12       16       22       31       45       69      108      157     188
          97     120      145      171      196      218      237      253      268      283      299      316      331      339      333      308      266      216      168      128       97       74       57       44       35       28       23       19       16       14       12       11        9        8        7        7        6        6        5        5        5        5        5        4        4        4        4        4        4        5        5        5        5        5        6        6        7        7        8        9       10       12       14       16       19       22       27       33       40       50       62      78
          57      71       88      110      137      169      209      254      304      357      405      439      446      420      366      298      232      176      133      101       77       60       47       37       30       25       21       17       15       13       11       10        9        8        7        6        6        5        5        5        4        4        4        4        4        4        4        4        4        4        4        4        4        5        5        5        6        6        7        7        8        9       10       12       14       16       18       22       26       31       38      46
          80     119      170      221      246      235      206      178      156      142      136      137      145      164      196      254      351      497      599      494      298      168       99       62       42       29       21       16       12       10        8        7        6        5        4        4        3        3        3        2        2        2        2        2        2        2        2        2        2        2        2        2        2        2        2        2        3        3        3        4        4        5        6        7        8       10       12       16       21       28       39      55
         107     120      125      121      112      103       94       87       83       81       81       85       91      103      121      150      198      281      414      561      552      375      219      130       82       55       39       29       22       17       14       11       10        8        7        6        5        5        4        4        4        4        3        3        3        3        3        3        3        3        3        3        4        4        4        4        5        5        6        7        8        9       11       13       16       20       25       32       41       53       69      88
         168     290      399      368      265      186      138      111       95       87       84       86       93      108      135      185      286      502      805      677      327      155       83       50       32       22       16       12        9        7        6        5        4        4        3        3        2        2        2        2        2        2        1        1        1        1        1        1        1        1        1        1        2        2        2        2        2        3        3        3        4        5        5        7        8       11       14       18       26       38       58      96
          98     134      162      166      149      124      102       86       74       67       63       61       61       64       69       77       89      107      131      157      173      163      130       94       65       45       32       24       18       14       11        9        7        6        5        5        4        4        3        3        3        2        2        2        2        2        2        2        2        2        2        2        2        2        3        3        3        3        4        4        5        5        6        8        9       11       15       19       25       34       48      69
         128     125      108       89       72       60       51       45       41       39       38       38       39       42       46       54       65       83      113      162      235      299      272      182      110       68       44       31       22       17       13       10        8        7        6        5        4        4        4        3        3        3        3        2        2        2        2        2        2        2        2        3        3        3        3        3        4        4        5        5        6        7        9       11       14       18       23       31       43       61       85     111
          67      72       73       71       67       64       61       59       58       60       63       68       78       93      116      155      216      300      353      300      196      118       73       48       33       24       18       14       11        9        7        6        5        4        4        3        3        3        3        2        2        2        2        2        2        2        2        2        2        2        2        2        2        3        3        3        3        4        4        5        6        7        8       10       12       15       19       24       31       39       48      58
          96     100       87       70       55       44       37       31       28       26       24       24       24       24       26       28       32       38       46       57       72       88       97       90       71       51       36       25       18       14       11        8        7        6        5        4        3        3        3        2        2        2        2        2        2        2        2        2        2        2        2        2        2        2        2        2        2        3        3        4        4        5        6        7        9       11       15       20       28       39       56      78
          66      94      130      169      194      194      176      153      133      119      110      106      105      110      119      134      158      189      225      247      233      184      129       88       60       42       30       23       17       14       11        9        7        6        5        5        4        4        3        3        3        3        2        2        2        2        2        2        2        2        2        2        2        2        2        3        3        3        3        4        4        5        6        7        8       10       12       15       19       25       34      47
