SWAN 1
LOCATIONS
     1
     681724.29 2033118.57
AFREQ
     56
     0.0300
     0.0400
     0.0500
     0.0600
     0.0700
     0.0800
     0.0900
     0.1000
     0.1100
     0.1200
     0.1300
     0.1400
     0.1500
     0.1600
     0.1700
     0.1800
     0.1900
     0.2000
     0.2100
     0.2200
     0.2300
     0.2400
     0.2500
     0.2600
     0.2700
     0.2800
     0.2900
     0.3000
     0.3100
     0.3200
     0.3300
     0.3400
     0.3500
     0.3600
     0.3700
     0.3800
     0.3900
     0.4000
     0.4100
     0.4200
     0.4300
     0.4400
     0.4500
     0.4600
     0.4700
     0.4800
     0.4900
     0.5000
     0.5100
     0.5200
     0.5300
     0.5400
     0.5500
     0.5600
     0.5700
     0.5800
NDIR
     72
     5.0000
     10.0000
     15.0000
     20.0000
     25.0000
     30.0000
     35.0000
     40.0000
     45.0000
     50.0000
     55.0000
     60.0000
     65.0000
     70.0000
     75.0000
     80.0000
     85.0000
     90.0000
     95.0000
     100.0000
     105.0000
     110.0000
     115.0000
     120.0000
     125.0000
     130.0000
     135.0000
     140.0000
     145.0000
     150.0000
     155.0000
     160.0000
     165.0000
     170.0000
     175.0000
     180.0000
     185.0000
     190.0000
     195.0000
     200.0000
     205.0000
     210.0000
     215.0000
     220.0000
     225.0000
     230.0000
     235.0000
     240.0000
     245.0000
     250.0000
     255.0000
     260.0000
     265.0000
     270.0000
     275.0000
     280.0000
     285.0000
     290.0000
     295.0000
     300.0000
     305.0000
     310.0000
     315.0000
     320.0000
     325.0000
     330.0000
     335.0000
     340.0000
     345.0000
     350.0000
     355.0000
     360.0000
QUANT
     1
VaDens
m2/Hz/degr
     -999.000000
FACTOR
     1.00000E-06
          73      80       85       85       81       74       66       57       49       42       36       32       28       25       23       21       19       18       17       17       16       16       16       16       16       17       17       18       19       21       22       25       27       30       34       38       43       49       54       58       61       62       61       58       53       49       44       40       36       32       30       27       26       24       23       22       22       22       22       22       22       23       25       26       28       31       34       38       43       50       57      65
        1041    1171     1186     1072      888      702      548      429      342      277      229      193      165      143      126      113      102       93       86       81       76       72       69       67       65       64       63       62       62       62       63       64       65       66       67       69       71       73       75       78       80       82       84       87       89       91       93       95       97       99      101      103      106      109      112      117      122      128      135      144      155      168      185      206      233      268      313      373      452      558      695     864
        4772    3087     2104     1499     1109      847      663      532      435      362      306      263      228      201      178      160      146      133      123      115      108      102       98       94       91       89       87       86       86       86       87       88       90       93       97      101      106      112      119      128      138      150      165      181      201      225      253      286      325      372      428      494      574      668      781      915     1076     1270     1507     1801     2176     2668     3342     4310     5772     8098    11882    17418    21933    19636    12983    7781
       12386    7925     5403     3867     2874     2202     1729     1386     1132      938      789      672      579      504      444      394      353      319      291      267      247      230      216      204      194      186      179      174      170      167      165      164      164      165      167      170      175      180      187      195      205      217      231      248      267      290      318      350      389      435      491      558      640      740      865     1021     1220     1474     1808     2254     2864     3727     4995     6956    10188    15955    27137    48835    74635    66549    38422   20982
       34007   17789    10443     6693     4580     3296     2468     1909     1518     1235     1025      866      744      648      573      512      463      423      390      364      342      325      311      300      292      287      284      283      284      287      293      301      312      325      342      363      388      419      455      499      552      616      694      788      903     1044     1217     1428     1686     1999     2373     2813     3316     3874     4468     5076     5679     6270     6861     7484     8197     9085    10276    11973    14531    18639    25773    39473    68347   120164   131202   72409
       15045    9624     6568     4707     3506     2696     2128     1719     1416     1187     1011      873      764      677      607      550      503      464      433      407      386      369      355      345      338      333      331      331      334      339      347      358      372      389      411      437      468      505      550      605      670      749      845      963     1106     1283     1503     1776     2116     2540     3069     3726     4533     5513     6684     8059     9647    11473    13591    16130    19344    23719    30213    40884    60814   105253   229610   496821   353244   121373    50363   25739
       73994   36525    20398    12469     8152     5615     4032     2996     2291     1797     1440     1176      977      825      707      613      539      479      430      390      357      330      308      290      275      263      254      247      241      238      237      237      239      243      249      257      268      280      296      316      339      368      402      444      495      557      634      729      849     1000     1194     1445     1775     2213     2801     3602     4702     6226     8339    11255    15223    20504    27368    36192    47800    64243    90586   139806   244878   420965   383234  173200
      165451   77975    39546    22347    13792     9108     6341     4605     3462     2680     2127     1725     1426     1199     1024      887      779      692      622      564      518      480      448      423      402      386      373      364      358      354      354      356      361      369      380      395      413      436      464      499      541      592      654      730      823      940     1085     1269     1504     1809     2208     2738     3452     4425     5763     7612    10150    13557    17919    23076    28528    33615    37962    41814    45984    51716    60874    76785   106463   164701   259957  282277
      131441  191555   213721   130604    59617    28648    15411     9123     5817     3930     2781     2043     1550     1208      963      784      651      549      470      408      358      319      287      261      239      222      208      196      187      179      174      170      167      166      166      167      169      173      179      186      195      207      221      238      259      285      316      355      403      464      541      641      771      944     1179     1507     1976     2669     3733     5442     8337    13550    23535    43276    78267   115361   120658   102364    86342    79499    82242   97001
       98765  191183   245009   112915    41468    18554     9788     5783     3702     2518     1794     1328     1015      796      639      524      437      371      319      278      246      220      199      181      167      156      146      139      133      128      125      122      121      120      121      122      125      128      133      139      146      156      167      181      198      220      245      278      318      369      434      519      631      782      991     1285     1714     2360     3371     5021     7839    12814    21504    34662    47542    51448    47296    42133    39497    40454    46383   61441
       96203  104054   100776    80673    54326    33755    20893    13334     8858     6122     4385     3243     2466     1922     1531     1244     1029      865      738      638      558      495      443      401      367      339      315      296      281      269      259      251      246      243      241      242      244      248      255      264      275      288      306      327      352      383      421      467      524      595      683      794      936     1120     1362     1685     2125     2737     3607     4875     6767     9652    14109    20948    30941    43882    57336    67610    73384    76735    80631   87074
      108997  217937   199429    74414    28816    13747     7597     4642     3049     2115     1532     1149      888      704      570      470      395      337      292      256      227      204      185      169      157      146      138      131      126      122      119      117      115      115      116      118      120      124      129      135      142      152      163      177      194      215      240      272      311      361      424      506      614      757      952     1221     1603     2155     2970     4192     6030     8727    12401    16701    20645    23317    24791    25986    28032    32241    40954   60204
       14468   18684    27606    48287    87288    82813    36844    15651     7820     4456     2789     1870     1322      974      742      582      467      383      321      272      235      206      182      164      148      136      126      118      111      106      102       99       96       95       94       94       95       97      100      103      108      113      120      129      140      153      169      189      214      245      284      334      400      488      606      769     1000     1336     1840     2616     3841     5774     8661    12269    15260    16100    15043    13446    12178    11519    11550   12408
       11217   16048    27180    54353    76738    40686    15943     7396     4022     2443     1605     1118      815      616      480      384      314      261      222      191      167      148      132      120      110      102       95       90       86       82       80       78       77       76       76       77       79       81       84       87       92       98      105      114      125      139      155      176      202      236      279      335      411      513      656      860     1159     1610     2309     3403     5069     7332     9627    10823    10495     9387     8285     7514     7137     7170     7679    8862
        4000    5113     7394    12917    30712    74252    42438    12509     5087     2608     1538      994      687      498      376      293      234      192      160      136      118      103       92       83       75       69       64       60       57       55       53       51       51       50       50       51       51       53       55       57       60       64       69       75       82       91      102      116      134      157      187      227      282      358      468      632      888     1305     2026     3328     5652     8973    11016     9738     7283     5424     4275     3605     3243     3104     3158    3426
        6612    7314     9037    12781    21090    34970    32309    15150     6622     3330     1895     1182      788      554      406      308      240      192      157      131      111       95       83       73       66       59       54       50       47       44       42       40       39       38       37       37       37       37       37       38       39       41       43       46       49       53       58       64       71       80       91      106      124      148      180      223      284      369      496      691     1006     1547     2541     4506     8488    15001    18931    15870    11474     8679     7208    6588
        7667   10178    16305    33949    64547    36972    12011     4929     2488     1434      906      611      433      320      244      191      154      126      105       89       77       67       59       53       48       44       41       38       36       34       33       31       31       30       30       30       30       31       31       32       34       35       37       40       43       47       52       58       65       74       85      100      119      144      177      223      288      382      522      740     1094     1697     2755     4586     7282     9685    10013     8762     7429     6593     6308    6599
        5045    6469     9692    18064    37346    33889    12458     4868     2355     1320      817      543      381      279      211      165      132      108       90       76       65       57       50       45       40       37       34       32       30       28       27       26       26       25       25       25       25       25       26       27       28       29       31       33       36       39       43       48       54       61       71       83       98      119      146      184      236      313      426      601      880     1342     2115     3342     4919     6106     6186     5530     4830     4377     4227    4411
        5116    7630    13358    26197    32505    16601     6924     3377     1900     1183      793      561      415      317      250      202      166      140      119      103       91       81       73       67       61       57       54       51       49       47       46       45       44       44       45       45       46       48       50       52       56       59       64       70       77       86       97      110      127      149      176      212      260      323      410      528      691      914     1210     1579     1985     2351     2591     2676     2646     2573     2515     2512     2594     2796     3178    3861
        5755    5824     6369     7561     9713    12936    15305    12897     7873     4353     2494     1526      993      682      488      363      278      219      176      144      121      102       88       77       68       61       55       51       47       44       41       39       37       36       35       35       34       34       35       35       36       37       39       41       43       46       50       54       60       66       75       85       98      115      137      166      204      258      332      441      603      857     1268     1962     3162     5149     7804     9731     9585     8233     6944    6118
        2055    2334     2902     4079     6894    15586    35958    21713     6542     2631     1330      774      494      337      242      181      139      110       90       74       62       53       46       41       37       33       30       28       26       24       23       22       21       21       20       20       20       20       21       21       22       23       24       25       27       30       32       36       40       45       51       60       70       84      102      127      161      208      278      381      538      782     1154     1682     2285     2722     2789     2578     2302     2083     1962    1947
        1740    2135     2854     4279     7415    13568    15141     7869     3490     1767     1017      643      435      311      231      178      141      114       94       80       68       59       52       47       42       39       36       33       31       30       29       28       27       27       26       26       27       27       28       29       30       32       34       36       39       43       48       53       60       69       80       94      112      136      168      210      268      347      454      599      783      997     1207     1366     1442     1443     1403     1357     1329     1337     1393    1516
        2284    2539     3000     3781     5036     6662     7430     5964     3713     2167     1309      837      565      399      293      223      174      139      114       95       80       69       60       53       48       43       39       36       34       32       30       29       28       28       27       27       27       27       27       28       29       30       32       34       36       39       43       47       53       60       68       79       92      110      133      164      207      265      348      467      641      892     1243     1689     2152     2488     2596     2516     2364     2229     2157    2168
        1770    2066     2567     3465     5200     8613    12818    10826     5527     2689     1453      869      561      385      277      207      160      126      102       84       71       61       53       46       41       37       34       31       29       27       25       24       23       22       22       22       22       22       22       22       23       24       25       26       27       29       32       35       38       42       48       54       62       72       85      102      123      151      187      235      299      382      489      620      771      930     1077     1200     1297     1379     1467    1587
        2982    3967     5828     9649    16159    16973     9158     4203     2142     1225      765      511      359      263      200      155      124      101       84       71       61       53       46       41       37       34       31       29       27       26       24       23       23       22       22       22       22       22       22       23       23       24       25       27       29       31       33       37       40       45       51       58       67       78       92      109      132      161      199      249      314      398      506      639      797      974     1161     1353     1550     1766     2033    2405
        2010    2597     3699     6017    11087    16238    10715     4661     2203     1198      724      474      328      238      179      139      111       90       75       63       54       47       41       37       33       30       28       26       24       23       22       21       20       20       20       20       20       20       20       21       22       23       24       25       27       29       32       35       39       44       50       57       67       78       93      112      137      169      211      265      335      424      531      652      781      904     1015     1113     1207     1314     1456    1669
        1900    2014     2270     2769     3739     5703     9382    11768     7605     3537     1738      959      583      381      264      191      143      111       88       71       59       49       42       37       32       29       26       23       21       20       19       18       17       16       16       15       15       15       15       15       15       16       16       17       18       19       21       22       25       27       30       34       39       45       53       64       77       95      119      152      199      266      364      506      711      988     1317     1629     1835     1907     1896    1875
        3963    4645     4266     3520     2913     2512     2260     2086     1926     1722     1451     1141      849      611      436      314      229      170      129      100       79       64       52       43       37       31       27       24       21       19       17       16       14       13       13       12       11       11       11       11       10       10       10       10       11       11       11       12       13       13       14       16       17       19       21       24       27       31       37       44       53       65       81      105      138      187      263      383      586      942     1578    2643
        4162    5529     5162     3937     2946     2319     1933     1689     1521     1385     1248     1091      915      734      569      433      326      247      189      146      115       92       75       62       51       44       37       32       29       25       23       21       19       17       16       15       14       14       13       13       13       13       13       13       13       13       13       14       14       15       16       17       19       21       23       26       29       33       38       45       54       65       81      102      133      177      243      348      522      829     1397    2463
         702     683      694      737      822      962     1182     1499     1857     2011     1721     1200      769      494      328      228      164      122       94       74       60       49       42       35       31       27       24       22       20       18       17       16       15       14       14       13       13       13       13       13       13       14       14       15       15       16       18       19       21       23       26       29       33       39       46       55       67       84      107      139      186      254      355      503      700      920     1085     1123     1050      935      828     750
         822    1041     1387     1966     2967     4533     5777     4872     2987     1720     1042      674      463      334      250      193      154      125      104       88       75       66       58       52       47       43       39       37       34       33       31       30       29       28       28       28       28       28       28       29       30       31       32       34       36       38       41       44       48       53       58       65       72       80       90      102      115      130      146      165      185      208      232      258      285      316      350      389      436      495      571     675
        2816    2295     1871     1630     1544     1598     1812     2258     3030     3895     3704     2354     1258      687      404      254      170      119       87       65       51       40       33       27       23       19       17       15       13       12       11       10        9        8        8        7        7        7        7        7        7        7        7        7        7        7        8        8        9        9       10       11       12       14       15       18       21       24       29       35       44       56       73       98      136      196      296      473      799     1396     2287    2955
         247     226      216      216      225      244      276      328      407      521      661      753      693      514      342      224      150      105       76       57       44       35       29       24       20       17       15       13       12       11       10        9        8        8        8        7        7        7        7        7        7        7        7        8        8        8        9       10       11       12       13       15       17       20       24       29       36       45       59       79      110      159      242      382      599      830      892      749      566      428      339     282
         407     395      390      395      412      446      501      584      699      837      940      913      740      526      355      240      166      119       88       67       52       42       34       28       24       20       18       16       14       13       11       10       10        9        9        8        8        8        8        8        8        8        8        8        8        9        9       10       10       11       12       13       15       17       19       22       26       31       37       45       56       70       90      117      153      200      258      320      375      411      424     419
         380     331      302      287      284      292      312      349      406      493      619      776      905      888      708      493      329      222      155      112       84       64       51       41       34       29       25       21       19       17       15       14       13       12       11       11       10       10       10       10       10       10       10       10       11       11       12       12       13       15       16       18       20       23       27       32       38       47       58       75      100      136      194      287      439      667      923     1040      933      739      572     456
         299     273      261      261      274      303      355      441      585      811     1072     1116      825      501      298      185      122       85       61       46       36       28       23       19       16       14       12       11       10        9        8        7        7        6        6        6        6        6        5        5        6        6        6        6        6        7        7        8        8        9       10       11       13       15       17       21       25       31       39       51       68       94      134      197      296      438      586      653      604      503      410     343
         516     476      455      454      475      522      604      738      942     1197     1354     1198      836      524      328      213      145      103       76       58       45       36       30       25       21       18       16       14       12       11       10        9        9        8        8        8        7        7        7        7        7        7        7        7        8        8        9        9       10       11       12       13       15       17       19       23       27       33       40       50       64       84      113      156      219      311      432      563      658      677      636     573
         959     997      974      923      867      819      779      742      701      646      574      488      399      315      245      188      145      113       89       71       57       47       39       33       28       24       21       19       17       15       14       13       12       11       10       10        9        9        9        9        9        9        9        9        9        9       10       10       11       11       12       13       14       16       18       20       23       27       31       37       45       55       68       87      112      148      200      273      377      516      683     846
         350     320      303      298      306      329      371      441      557      750     1054     1403     1453     1062      643      383      240      159      111       81       61       47       38       31       26       22       19       16       15       13       12       11       10        9        9        9        8        8        8        8        8        8        8        8        9        9       10       10       11       12       13       15       17       19       22       26       31       38       47       60       77      103      141      197      279      387      504      582      586      531      459     397
         212     219      228      244      267      302      355      434      549      700      835      837      669      458      299      198      135       96       71       54       42       34       27       23       19       17       14       13       11       10        9        9        8        7        7        7        7        6        6        6        6        6        6        7        7        7        7        8        9        9       10       11       12       14       16       18       21       25       29       35       42       52       64       78       96      116      138      158      177      191      200     207
         211     206      207      214      229      254      295      357      453      595      773      893      815      592      385      249      167      116       84       63       49       39       32       26       22       19       17       15       13       12       11       10        9        9        8        8        8        8        8        8        8        8        8        8        9        9       10       11       12       13       14       16       18       21       24       29       34       42       52       66       84      109      141      180      223      260      283      287      276      257      238     222
         108     109      113      123      139      166      210      289      443      766     1342     1471      827      396      210      125       81       56       41       31       24       19       16       13       11       10        9        8        7        6        6        5        5        5        5        5        4        4        4        5        5        5        5        5        6        6        6        7        8        9       10       11       13       16       19       23       29       37       48       63       84      111      143      172      190      191      178      159      142      128      117     111
         147     143      140      140      141      146      154      167      184      206      233      263      289      298      283      245      197      152      116       89       69       54       43       35       29       25       21       18       16       14       13       12       11       10        9        9        8        8        8        8        8        8        8        8        8        8        9        9       10       11       12       13       14       16       18       20       23       27       32       38       46       56       68       82       98      116      132      145      154      156      155     151
         468     417      357      308      276      257      250      255      271      300      343      396      441      442      380      285      198      136       94       67       49       37       29       23       18       15       13       11        9        8        7        6        6        5        5        4        4        4        4        4        4        4        4        4        4        4        4        4        4        4        5        5        6        6        7        8        9       11       12       15       18       22       28       37       49       67       94      136      201      294      399     470
         103     103      105      112      124      143      171      216      284      380      475      485      382      255      164      108       74       53       39       30       24       19       16       13       11       10        9        8        7        6        6        5        5        5        5        5        5        4        5        5        5        5        5        5        6        6        6        7        8        9       10       11       13       16       19       23       29       37       47       62       83      109      140      168      186      186      174      156      138      124      114     107
         356     263      203      165      143      130      125      126      133      146      169      204      251      302      324      286      210      141       93       63       44       32       24       19       15       12       10        8        7        6        5        5        4        4        3        3        3        3        3        3        2        2        2        2        2        3        3        3        3        3        3        4        4        4        5        6        7        8        9       11       14       18       23       30       42       61       92      147      243      384      493     463
         290     246      211      187      172      164      164      170      183      205      238      280      324      347      321      255      183      127       88       63       46       34       27       21       17       14       12       10        9        7        7        6        5        5        5        4        4        4        4        4        3        3        3        3        4        4        4        4        4        4        5        5        6        6        7        8       10       11       13       16       20       25       33       43       59       82      118      170      240      310      346     332
         156     152      144      136      129      124      122      122      125      132      142      157      177      203      229      250      251      228      187      144      107       80       60       46       36       29       23       19       16       14       12       11        9        8        8        7        7        6        6        6        5        5        5        5        5        5        5        5        6        6        6        7        7        8        9        9       11       12       14       16       19       23       28       34       42       53       67       85      105      125      142     153
         146     128      116      108      105      105      111      122      142      174      229      321      461      577      509      325      188      112       71       48       34       25       19       15       12       10        8        7        6        5        5        4        4        3        3        3        3        3        3        3        3        3        3        3        3        3        3        3        3        3        4        4        5        5        6        7        8       10       12       15       18       23       31       41       57       79      110      147      180      195      187     167
         158     156      156      159      165      175      190      212      240      275      314      345      353      327      273      212      159      119       89       68       54       43       35       29       24       21       18       16       14       12       11       10       10        9        9        8        8        8        7        7        7        7        8        8        8        8        9        9       10       11       12       13       14       16       18       21       25       29       34       41       50       61       74       90      108      126      143      155      163      165      164     161
          86      82       79       78       79       82       88       98      113      134      167      216      284      356      383      327      234      156      104       72       52       38       29       23       19       15       13       11       10        8        8        7        6        6        5        5        5        5        5        4        4        4        4        5        5        5        5        5        6        6        7        8        9       10       11       13       15       18       22       27       33       42       53       66       81       95      106      112      111      106       99      92
          94      81       72       66       63       63       64       69       76       89      108      139      189      264      346      355      266      168      104       67       45       32       24       18       14       11        9        8        7        6        5        5        4        4        3        3        3        3        3        3        3        3        3        3        3        3        3        3        3        4        4        5        5        6        7        8        9       11       14       17       22       30       40       57       82      118      163      197      199      174      141     114
          63      56       52       51       52       55       61       71       87      117      171      279      470      574      377      190      101       59       38       26       19       14       11        9        7        6        5        4        4        3        3        3        2        2        2        2        2        2        2        2        2        2        2        2        2        2        2        2        3        3        3        4        4        5        6        7        9       11       14       19       26       37       54       84      130      188      219      198      154      116       90      73
          64      62       62       64       68       75       86      102      127      165      218      278      301      253      177      115       76       52       37       27       21       16       13       11        9        8        6        6        5        5        4        4        4        3        3        3        3        3        3        3        3        3        3        3        3        3        4        4        4        5        5        6        7        8       10       12       14       17       22       28       36       46       59       73       87       96       98       95       88       80       73      68
          93      94       93       91       88       87       86       87       90       94      100      107      116      125      132      133      125      111       93       75       59       46       36       29       23       19       16       13       11       10        8        8        7        6        6        5        5        4        4        4        4        4        4        4        4        4        4        4        4        4        5        5        5        6        6        7        8        9       10       12       14       16       19       23       29       35       43       52       63       73       83      89
          74      80       81       78       73       67       63       59       57       57       58       61       65       73       83       96      113      128      135      127      105       80       58       42       31       23       18       14       11        9        8        6        6        5        4        4        3        3        3        3        2        2        2        2        2        2        2        2        2        2        2        2        3        3        3        3        4        4        5        5        6        7        8       10       13       16       20       25       32       41       52      64
