SWAN 1
LOCATIONS
     1
     681726.07 2033118.57
AFREQ
     56
     0.0300
     0.0400
     0.0500
     0.0600
     0.0700
     0.0800
     0.0900
     0.1000
     0.1100
     0.1200
     0.1300
     0.1400
     0.1500
     0.1600
     0.1700
     0.1800
     0.1900
     0.2000
     0.2100
     0.2200
     0.2300
     0.2400
     0.2500
     0.2600
     0.2700
     0.2800
     0.2900
     0.3000
     0.3100
     0.3200
     0.3300
     0.3400
     0.3500
     0.3600
     0.3700
     0.3800
     0.3900
     0.4000
     0.4100
     0.4200
     0.4300
     0.4400
     0.4500
     0.4600
     0.4700
     0.4800
     0.4900
     0.5000
     0.5100
     0.5200
     0.5300
     0.5400
     0.5500
     0.5600
     0.5700
     0.5800
NDIR
     72
     5.0000
     10.0000
     15.0000
     20.0000
     25.0000
     30.0000
     35.0000
     40.0000
     45.0000
     50.0000
     55.0000
     60.0000
     65.0000
     70.0000
     75.0000
     80.0000
     85.0000
     90.0000
     95.0000
     100.0000
     105.0000
     110.0000
     115.0000
     120.0000
     125.0000
     130.0000
     135.0000
     140.0000
     145.0000
     150.0000
     155.0000
     160.0000
     165.0000
     170.0000
     175.0000
     180.0000
     185.0000
     190.0000
     195.0000
     200.0000
     205.0000
     210.0000
     215.0000
     220.0000
     225.0000
     230.0000
     235.0000
     240.0000
     245.0000
     250.0000
     255.0000
     260.0000
     265.0000
     270.0000
     275.0000
     280.0000
     285.0000
     290.0000
     295.0000
     300.0000
     305.0000
     310.0000
     315.0000
     320.0000
     325.0000
     330.0000
     335.0000
     340.0000
     345.0000
     350.0000
     355.0000
     360.0000
QUANT
     1
VaDens
m2/Hz/degr
     -999.000000
FACTOR
     1.00000E-06
           6       5        5        4        4        4        3        3        3        3        3        3        3        3        3        3        3        3        3        3        3        3        3        3        3        3        3        2        2        2        2        2        1        1        1        1        1        1        1        1        1        1        1        1        1        1        1        1        1        1        1        1        1        1        1        2        2        2        3        3        4        5        5        6        7        8        9        9        9        8        7       7
          45      36       29       24       20       18       15       14       13       12       11       11       11       11       11       11       11       12       13       14       16       18       20       23       28       33       39       46       53       56       56       51       44       37       30       25       21       17       15       13       11       10        9        9        8        8        7        7        7        7        7        7        8        8        9        9       10       11       13       15       18       22       27       34       43       56       71       83       89       83       70      57
         501     296      193      137      104       82       68       58       50       45       41       38       36       35       34       33       33       33       34       35       36       38       39       41       43       44       45       45       45       44       42       39       37       34       31       28       26       24       22       20       19       18       17       16       15       15       15       15       15       15       15       16       16       17       18       20       22       24       28       32       38       46       57       73       99      141      215      362      676     1241     1449     924
        3040    1742     1035      662      451      325      244      189      152      124      104       89       77       68       61       55       50       46       43       41       39       37       36       35       34       34       34       34       35       35       36       38       39       41       43       46       49       53       57       62       68       74       81       89       98      107      117      127      138      148      159      169      179      189      199      209      221      235      252      274      301      336      385      451      547      690      916     1294     1963     3137     4586    4606
       34268   18385    10022     5969     3853     2648     1912     1436     1113      886      721      599      506      434      377      332      296      267      243      223      207      193      182      173      166      160      156      153      150      149      149      150      152      155      159      164      170      178      187      198      211      226      244      265      288      316      349      386      429      479      537      604      680      768      868      983     1114     1266     1442     1649     1898     2204     2592     3102     3802     4812     6357     8895    13428    22100    37192   47325
       58185   33308    20398    13246     9029     6407     4703     3553     2752     2179     1759     1446     1207     1023      878      764      672      597      537      487      446      412      385      362      343      327      315      306      299      294      292      292      293      298      304      313      324      338      356      378      404      435      473      519      575      642      724      826      951     1109     1307     1560     1886     2310     2869     3613     4615     5976     7840    10408    13953    18857    25655    35162    48765    69067   101142   153406   226176   260589   192909  107716
       11084    7360     5192     3826     2913     2276     1816     1476     1217     1018      862      737      638      557      491      437      391      354      322      295      273      254      238      225      213      204      196      190      185      181      179      178      177      178      180      183      188      193      200      209      220      232      247      265      286      311      341      377      420      471      534      611      707      825      976     1169     1420     1754     2207     2840     3756     5144     7375    11273    18963    37293    97046   323383   290720    86284    34844   18267
       21010    7407     3481     1931     1191      791      555      406      308      240      192      157      131      111       95       83       73       66       59       54       50       47       44       42       40       38       37       37       36       36       36       37       38       39       40       42       45       48       51       56       61       68       76       87       99      116      136      163      199      247      312      404      534      722      999     1409     1999     2791     3703     4506     4972     5094     5054     5053     5241     5767     6883     9200    14590    30875    88789   79789
       10694    5223     2942     1822     1209      844      615      463      358      284      230      190      160      136      118      103       91       82       74       68       62       58       55       52       50       48       46       45       45       45       45       45       46       47       49       51       53       56       60       65       71       78       86       96      109      124      144      169      200      241      294      364      459      587      763     1007     1343     1805     2422     3212     4168     5258     6468     7867     9691    12493    17616    29078    62306   139184    90848   27519
       29520   16183     7765     3966     2223     1350      875      597      425      314      238      186      148      121      100       84       72       62       55       49       44       39       36       33       31       29       28       27       26       25       25       24       24       24       25       25       26       27       28       30       32       34       37       40       45       50       56       65       75       88      105      127      156      196      252      333      451      634      924     1410     2262     3818     6656    11242    16287    18721    18429    17854    18602    21642    27849   34459
        9213    7070     5192     3707     2618     1856     1333      975      727      553      429      339      273      223      185      156      133      115      101       89       79       72       65       60       56       52       49       47       45       43       42       42       41       41       41       42       43       44       45       47       50       53       56       61       66       73       81       91      103      118      137      162      193      234      289      364      467      613      825     1143     1632     2404     3649     5647     8669    12539    16044    17637    17156    15555    13566   11427
        3562    2859     2392     2059     1805     1596     1411     1240     1079      927      788      663      554      462      385      322      270      229      195      168      146      127      113      100       90       82       75       69       64       60       57       54       52       51       49       48       48       48       48       49       50       51       53       56       59       62       67       73       79       88       98      111      127      148      174      209      255      317      405      532      723     1023     1524     2422     4178     7852    14791    20402    16474    10355     6684    4699
        9559    9961     9609     8071     5878     3924     2556     1687     1146      804      582      434      332      260      208      170      141      119      101       88       77       68       61       56       51       47       44       41       39       38       36       35       35       34       34       34       35       36       37       38       40       42       45       48       52       57       62       70       79       90      104      122      145      175      215      269      345      452      607      840     1199     1764     2660     4033     5910     7888     9189     9481     9195     8874     8803    9059
        6816    5777     4851     3969     3131     2380     1761     1285      937      689      513      389      300      235      188      152      126      105       89       76       66       58       52       46       42       38       35       33       31       29       28       27       26       26       25       25       25       25       26       26       27       28       30       31       33       36       39       43       47       53       60       68       79       93      110      133      164      206      263      345      465      646      927     1383     2145     3430     5489     8188    10332    10620     9494    8063
        4245    3340     2687     2197     1813     1502     1243     1028      847      698      574      474      392      326      273      230      196      168      145      127      112       99       89       80       73       67       62       58       54       52       49       47       46       45       44       43       43       44       44       45       46       48       50       52       55       59       63       69       76       84       94      106      121      140      165      196      237      292      367      471      621      842     1179     1714     2589     4030     6244     8837    10173     9246     7288    5530
        2169    1854     1629     1469     1356     1273     1210     1155     1101     1038      962      872      772      669      569      478      399      332      278      233      197      168      145      126      110       98       88       79       72       66       61       58       54       52       50       48       47       46       45       45       46       46       47       49       51       53       56       60       65       70       77       86       96      110      126      148      176      212      261      328      423      558      758     1059     1512     2170     3005     3762     4032     3724     3153    2602
        1824    1988     2226     2517     2780     2847     2576     2047     1489     1046      735      525      385      290      224      177      142      117       98       83       71       62       55       49       45       41       38       35       33       31       30       29       28       28       27       27       27       28       28       29       30       32       34       36       39       42       47       52       58       66       76       88      104      125      153      189      239      307      401      533      715      955     1246     1545     1782     1900     1902     1838     1762     1707     1692    1728
        1742    1400     1121      897      720      580      469      382      312      257      213      178      150      127      109       94       82       72       64       57       51       46       42       39       36       34       32       30       29       28       27       26       26       25       25       25       25       26       26       27       28       29       31       33       35       38       41       45       49       55       62       70       80       93      109      130      157      191      237      298      382      497      659      884     1195     1605     2093     2557     2834     2809     2529    2135
         645     528      450      397      361      336      319      308      302      298      296      294      290      283      272      255      235      212      187      164      142      123      106       92       80       70       62       55       50       45       41       38       35       33       31       30       29       28       27       27       27       27       27       28       29       30       32       34       36       39       43       47       53       60       70       82       98      120      150      193      257      357      521      805     1314     2177     3140     3214     2400     1620     1124     828
        2719    2261     1782     1385     1082      856      687      559      460      382      320      271      230      197      170      148      129      113      100       89       79       71       65       59       54       50       46       43       41       38       37       35       34       33       32       31       31       31       31       31       31       32       33       34       35       37       39       41       44       47       51       56       62       69       78       88      101      117      138      164      198      243      303      385      499      660      892     1223     1678     2234     2739    2936
        1232    1338     1441     1491     1428     1232      966      711      510      366      267      198      150      117       92       75       61       51       43       37       32       28       25       23       21       19       18       16       16       15       14       14       13       13       13       13       13       13       14       14       15       15       16       17       19       20       22       24       27       31       35       41       47       56       67       82      101      126      160      205      265      342      440      554      674      786      877      942      989     1030     1079    1144
        2406    2075     1743     1455     1215     1015      847      703      579      474      386      314      255      207      170      140      116       97       82       70       60       52       46       41       36       33       30       27       25       23       22       21       20       19       18       18       18       17       17       17       18       18       18       19       20       21       22       24       25       28       30       33       37       42       48       56       65       78       93      114      142      180      233      308      418      579      818     1165     1631     2147     2532    2611
        2584    3122     3149     2629     1945     1378      978      707      523      397      307      242      194      158      131      110       93       80       69       60       53       47       43       39       35       32       30       28       26       25       24       23       22       21       21       21       20       20       20       21       21       21       22       23       24       25       26       28       30       33       35       39       43       47       53       60       68       78       90      105      124      148      179      218      270      339      432      561      744     1008     1391    1927
        2005    2540     2778     2432     1767     1181      784      534      376      274      205      158      124      100       82       68       58       49       43       38       33       30       27       25       23       21       20       19       18       17       17       16       16       16       16       16       16       16       16       17       17       18       19       20       22       23       25       27       30       33       37       41       47       53       61       70       81       95      111      131      154      183      218      260      311      374      454      556      691      876     1136    1506
        1013    1340     1818     2437     2929     2791     2081     1363      875      577      396      283      209      159      124       99       80       67       56       48       41       36       32       29       26       24       22       20       19       18       17       16       16       16       15       15       15       15       15       16       16       16       17       18       19       20       21       23       25       27       30       33       37       42       47       54       62       72       83       97      114      133      157      185      218      257      304      361      430      518      632     789
         655     912     1211     1360     1185      848      565      379      263      190      141      109       86       70       57       48       41       36       31       28       25       22       21       19       18       17       16       15       14       14       14       13       13       13       13       13       13       13       14       14       15       15       16       17       18       19       20       22       24       26       28       30       33       36       40       44       48       53       59       65       73       81       91      103      117      135      157      187      226      281      360     477
        1154    1273     1232     1072      875      694      546      430      341      271      217      175      143      117       96       80       67       56       48       41       35       31       27       24       21       19       18       16       15       14       13       12       11       11       10       10       10       10       10       10       10       10       10       10       10       11       11       12       13       14       15       16       17       19       21       24       28       32       37       43       52       63       77       95      121      156      204      273      372      511      701     933
         755     611      489      392      316      257      209      171      140      115       94       78       64       53       45       37       32       27       23       20       18       16       14       13       11       10        9        9        8        8        7        7        7        6        6        6        6        6        6        6        6        6        7        7        7        8        8        9       10       11       12       13       15       17       19       23       27       32       39       48       60       77      101      135      185      259      369      525      718      892      959     893
         452     438      436      442      454      463      457      426      367      294      224      167      123       92       70       54       42       34       27       22       19       16       14       12       11        9        8        8        7        7        6        6        6        5        5        5        5        5        5        5        5        5        5        6        6        6        7        8        8        9       10       12       13       15       18       22       26       32       40       51       67       89      121      166      230      313      405      485      527      528      504     475
         395     351      320      301      292      291      296      305      311      308      290      255      211      166      127       97       74       57       45       35       29       24       20       17       14       12       11       10        9        8        7        7        6        6        6        5        5        5        5        5        5        5        5        5        5        6        6        6        7        8        8        9       10       12       14       16       19       22       28       34       44       57       76      103      145      207      293      398      490      528      505     450
         750     645      536      449      384      337      302      274      250      227      203      178      153      128      106       86       70       57       46       38       31       26       22       19       16       14       12       11       10        9        8        7        7        6        6        6        6        5        5        5        5        5        5        5        5        6        6        6        6        7        7        8        9       10       11       13       15       17       21       25       30       38       48       63       84      116      165      241      357      519      690     782
         764     589      458      371      315      278      252      233      215      196      175      151      127      103       82       65       51       40       32       26       21       17       15       12       11        9        8        7        6        6        5        5        4        4        4        4        3        3        3        3        3        3        3        3        3        4        4        4        4        5        5        5        6        7        8        9       10       12       15       18       22       28       37       49       68       98      147      231      376      605      847     906
         557     600      478      341      248      190      154      130      115      103       95       88       81       75       68       60       52       44       37       31       25       21       17       14       12       10        9        7        6        6        5        4        4        4        3        3        3        3        3        2        2        2        2        2        2        2        2        2        3        3        3        3        3        4        4        4        5        6        7        8        9       11       14       17       22       29       40       57       86      135      224     377
         215     147      109       86       73       64       59       57       56       58       60       64       69       74       77       77       71       62       50       40       31       24       19       15       12       10        8        7        6        5        4        4        3        3        3        3        2        2        2        2        2        2        2        2        2        2        2        2        2        2        3        3        3        3        4        5        5        6        7        9       11       15       19       26       37       56       91      159      292      467      482     335
         185     135      106       89       78       72       70       71       74       81       89      100      110      114      106       88       68       50       36       26       20       15       12        9        7        6        5        4        4        3        3        2        2        2        2        2        2        2        1        1        1        1        1        1        1        1        2        2        2        2        2        2        3        3        3        4        4        5        6        8       10       13       17       24       34       52       83      141      240      345      348     262
         242     241      217      184      152      125      104       88       75       65       57       50       45       40       36       32       29       26       23       20       18       16       15       13       12       11       10        9        8        7        7        6        6        6        5        5        5        5        4        4        4        4        4        4        4        4        4        5        5        5        5        6        6        7        7        8        9       10       12       14       16       19       23       28       34       44       56       74       99      132      174     215
         122      69       44       32       24       20       17       15       13       13       12       12       13       13       15       16       19       22       27       33       40       46       47       41       32       24       17       13       10        7        6        5        4        3        3        2        2        2        2        1        1        1        1        1        1        1        1        1        1        1        1        1        1        1        2        2        2        2        3        3        4        5        7        9       12       17       26       44       83      170      275     223
         112      73       53       42       35       31       29       27       27       28       31       34       39       47       55       64       69       64       52       38       27       19       14       10        8        6        5        4        3        3        2        2        2        1        1        1        1        1        1        1        1        1        1        1        1        1        1        1        1        1        1        1        1        2        2        2        2        3        4        4        5        7        9       13       19       29       48       88      176      310      308     189
         441     369      241      158      113       87       71       61       55       52       50       50       51       53       54       55       55       52       46       40       32       26       21       16       13       10        8        7        6        5        4        4        3        3        2        2        2        2        2        2        2        1        1        1        1        1        1        1        1        2        2        2        2        2        2        3        3        3        4        5        6        7        8       11       14       19       26       38       59      100      181     325
         223     162      109       77       59       49       42       39       37       37       39       43       49       59       71       87       98       94       75       53       36       24       17       12        9        7        5        4        3        3        2        2        2        1        1        1        1        1        1        1        1        1        1        1        1        1        1        1        1        1        1        1        1        1        1        1        2        2        2        3        4        4        6        7       10       13       19       29       48       82      146     221
         196     167      134      107       88       75       66       61       57       56       55       56       57       59       60       59       57       52       46       38       31       25       20       16       13       11        9        7        6        5        5        4        4        3        3        3        2        2        2        2        2        2        2        2        2        2        2        2        2        2        2        2        3        3        3        4        4        5        5        6        8        9       12       15       20       26       37       53       78      115      161     196
         151     141      114       89       70       57       48       42       39       36       35       35       35       37       38       41       43       44       44       42       38       32       27       21       17       14       11        9        7        6        5        4        4        3        3        3        2        2        2        2        2        2        2        2        1        1        1        2        2        2        2        2        2        2        2        3        3        3        4        4        5        6        8       10       12       16       22       30       44       65       97     132
         265     330      259      164      105       73       54       43       35       30       27       25       23       22       22       22       22       22       22       22       22       22       21       20       18       16       14       13       11        9        8        7        6        5        5        4        4        3        3        3        2        2        2        2        2        2        2        2        2        2        2        2        2        2        2        3        3        3        4        4        5        6        7        8       10       13       18       24       35       54       88     156
         154     115       86       66       53       45       40       37       35       34       35       36       39       42       48       54       61       66       68       63       53       42       32       24       18       14       11        9        7        6        5        4        4        3        3        2        2        2        2        2        2        2        2        2        2        2        2        2        2        2        2        2        2        2        3        3        3        4        4        5        6        8       10       13       17       24       34       51       79      122      169     183
         104      93       74       58       46       38       33       30       28       27       26       27       28       30       33       37       42       45       47       44       38       31       24       18       14       11        8        7        5        4        4        3        3        2        2        2        1        1        1        1        1        1        1        1        1        1        1        1        1        1        1        1        1        1        1        2        2        2        3        3        4        4        5        7        9       12       16       23       33       50       73      96
          42      30       23       19       16       15       14       14       14       15       17       19       23       29       36       43       45       39       29       20       13        9        7        5        4        3        2        2        1        1        1        1        1        1        0        0        0        0        0        0        0        0        0        0        0        0        0        0        0        0        0        0        1        1        1        1        1        1        2        2        3        4        5        7       11       17       29       53       94      123      100      64
          67      54       43       36       30       27       25       24       24       24       24       26       27       28       28       27       24       21       17       13       10        8        6        5        4        3        3        2        2        2        1        1        1        1        1        1        1        1        0        0        0        0        0        0        0        0        0        0        1        1        1        1        1        1        1        1        2        2        2        3        3        4        6        7       10       14       21       30       45       64       78      78
          66      49       38       31       26       23       21       20       20       20       21       22       23       25       27       28       27       25       22       18       14       11        8        7        5        4        3        3        2        2        2        1        1        1        1        1        1        1        1        1        1        1        1        1        1        1        1        1        1        1        1        1        1        1        1        1        2        2        2        3        4        5        6        9       12       17       26       40       63       89       99      86
          60      50       42       36       32       29       26       25       24       24       24       24       25       26       27       27       28       28       27       24       22       19       16       14       11        9        8        7        6        5        4        4        3        3        3        2        2        2        2        2        2        2        2        2        2        2        2        2        2        2        2        2        3        3        3        4        4        5        6        7        8       10       13       17       22       30       41       54       68       78       78      71
          44      39       32       26       21       17       15       13       12       12       11       11       11       12       13       14       16       18       20       23       25       25       24       20       16       13       10        7        6        5        4        3        2        2        2        1        1        1        1        1        1        1        1        1        1        1        1        1        1        1        1        1        1        1        1        1        1        1        2        2        2        3        4        5        6        8       10       14       20       28       37      43
          49      40       32       27       23       20       18       17       16       16       17       18       19       22       25       31       37       46       53       55       48       37       27       19       14       10        8        6        5        4        3        3        2        2        2        1        1        1        1        1        1        1        1        1        1        1        1        1        1        1        1        1        1        1        1        2        2        2        2        3        4        4        6        7       10       13       18       26       36       48       57      56
          24      20       18       16       14       13       13       12       12       13       13       14       16       18       20       23       27       30       32       32       29       24       19       15       12        9        7        6        5        4        3        3        2        2        2        2        2        1        1        1        1        1        1        1        1        1        1        1        1        1        1        2        2        2        2        3        3        4        4        5        6        8       10       13       18       23       29       34       37       36       32      28
          45      44       40       36       32       28       25       23       21       19       18       17       17       16       16       15       15       14       14       13       12       11       10        9        8        7        6        5        5        4        4        3        3        3        2        2        2        2        2        2        2        1        1        1        1        1        1        1        1        2        2        2        2        2        2        2        3        3        3        4        5        6        7        8       10       13       16       20       26       32       38      43
          38      35       32       28       25       22       20       18       17       16       15       15       14       14       13       13       12       11       10        9        8        7        7        6        5        4        4        3        3        2        2        2        2        1        1        1        1        1        1        1        1        1        1        1        1        1        1        1        1        1        1        1        1        1        2        2        2        2        3        3        4        4        6        7        9       11       14       18       23       29       34      37
          33      20       13        9        7        6        5        4        4        3        3        3        3        3        4        4        4        5        6        7        9       11       14       15       14       11        9        6        5        3        2        2        1        1        1        1        1        0        0        0        0        0        0        0        0        0        0        0        0        0        0        0        0        0        0        0        0        1        1        1        1        1        2        3        4        5        8       14       25       47       69      57
           7       5        3        3        2        2        1        1        1        1        1        1        1        1        1        2        2        2        3        3        5        6        9       13       16       15       11        7        5        3        2        2        1        1        1        0        0        0        0        0        0        0        0        0        0        0        0        0        0        0        0        0        0        0        0        0        0        0        0        1        1        1        2        3        4        6       10       17       25       24       17      10
