SWAN 1
LOCATIONS
     1
     -67.28  18.38
AFREQ
     56
     0.0300
     0.0400
     0.0500
     0.0600
     0.0700
     0.0800
     0.0900
     0.1000
     0.1100
     0.1200
     0.1300
     0.1400
     0.1500
     0.1600
     0.1700
     0.1800
     0.1900
     0.2000
     0.2100
     0.2200
     0.2300
     0.2400
     0.2500
     0.2600
     0.2700
     0.2800
     0.2900
     0.3000
     0.3100
     0.3200
     0.3300
     0.3400
     0.3500
     0.3600
     0.3700
     0.3800
     0.3900
     0.4000
     0.4100
     0.4200
     0.4300
     0.4400
     0.4500
     0.4600
     0.4700
     0.4800
     0.4900
     0.5000
     0.5100
     0.5200
     0.5300
     0.5400
     0.5500
     0.5600
     0.5700
     0.5800
NDIR
     72
     5.0000
     10.0000
     15.0000
     20.0000
     25.0000
     30.0000
     35.0000
     40.0000
     45.0000
     50.0000
     55.0000
     60.0000
     65.0000
     70.0000
     75.0000
     80.0000
     85.0000
     90.0000
     95.0000
     100.0000
     105.0000
     110.0000
     115.0000
     120.0000
     125.0000
     130.0000
     135.0000
     140.0000
     145.0000
     150.0000
     155.0000
     160.0000
     165.0000
     170.0000
     175.0000
     180.0000
     185.0000
     190.0000
     195.0000
     200.0000
     205.0000
     210.0000
     215.0000
     220.0000
     225.0000
     230.0000
     235.0000
     240.0000
     245.0000
     250.0000
     255.0000
     260.0000
     265.0000
     270.0000
     275.0000
     280.0000
     285.0000
     290.0000
     295.0000
     300.0000
     305.0000
     310.0000
     315.0000
     320.0000
     325.0000
     330.0000
     335.0000
     340.0000
     345.0000
     350.0000
     355.0000
     360.0000
QUANT
     1
VaDens
m2/Hz/degr
     -999.000000
FACTOR
     1.00000E-06
           4       3        3        2        2        2        2        1        1        1        1        1        1        1        1        1        1        2        2        2        2        2        2        3        3        3        3        3        3        3        3        3        2        2        2        2        1        1        1        1        1        1        1        1        1        1        1        1        1        1        1        1        1        2        2        2        3        3        4        6        9       13       21       36       56       59       41       24       15       10        7       5
          73      55       44       36       30       26       23       21       19       18       17       16       15       15       15       15       15       16       16       16       17       18       18       19       20       20       20       20       20       19       18       17       16       15       14       13       12       12       11       10       10        9        9        9        9        9        9        9        9        9       10       11       11       12       14       15       17       20       24       29       37       48       65       93      140      220      332      400      339      230      150     102
         352     200      130       92       69       54       45       38       33       29       27       25       23       22       21       21       21       21       22       23       24       26       28       31       35       39       45       51       58       66       74       79       81       79       74       66       58       50       43       37       33       29       26       24       22       20       19       18       18       17       17       17       18       18       19       20       22       24       27       31       37       44       55       72       99      145      236      448     1058     2418     1912     756
        2857    1455      888      607      448      349      285      240      209      186      169      157      148      143      139      138      138      141      145      152      160      171      183      199      216      234      253      269      281      285      281      269      250      228      204      182      162      144      129      116      106       97       90       84       80       76       73       72       71       71       71       73       75       79       83       89       97      108      121      139      163      197      244      314      424      610      960     1728     3902    12151    20068    7601
      123742   41270    14898     7172     4103     2617     1799     1306      989      776      625      516      435      373      326      288      259      235      216      201      189      179      172      166      162      160      159      159      161      165      170      176      185      196      209      226      247      272      304      343      392      454      533      635      767      941     1168     1467     1849     2321     2856     3384     3797     4002     3985     3811     3568     3328     3131     2993     2925     2933     3027     3228     3573     4133     5045     6601     9507    15822    33416   95062
       50394   29019    18243    12247     8645     6349     4816     3752     2991     2432     2013     1692     1443     1247     1091      965      862      778      709      652      605      565      533      506      484      467      453      443      436      433      432      434      439      447      459      474      493      516      544      578      618      665      722      789      869      964     1079     1216     1381     1582     1826     2123     2489     2938     3495     4186     5048     6130     7497     9245    11516    14537    18692    24680    33861    49131    77264   134801   245865   316307   202873   97736
       56093   35575    23667    16347    11640     8505     6356     4847     3766     2977     2391     1949     1611     1350     1145      982      853      748      662      593      535      487      448      415      387      365      346      331      318      309      301      296      294      293      294      298      304      312      322      335      352      372      396      426      461      504      555      618      694      787      903     1048     1230     1463     1765     2161     2689     3407     4403     5818     7883    10995    15869    23876    37818    63855   115698   214287   318344   277986   166028   93892
       18125    9856     5887     3781     2571     1828     1349     1027      803      642      524      435      367      315      273      240      214      192      175      161      149      139      131      125      120      116      113      111      110      110      111      112      115      118      122      128      135      144      154      167      182      201      224      253      288      332      387      458      550      670      830     1046     1342     1755     2337     3164     4338     5972     8151    10839    13822    16800    19648    22640    26495    32514    43191    63634    99390   120260    78840   37153
       63706   30292    15319     8535     5169     3345     2282     1626     1200      913      713      569      464      385      324      277      241      211      188      169      153      141      130      122      115      109      104      101       98       97       96       95       96       97       99      102      106      111      117      124      134      145      158      175      195      221      252      292      342      407      492      606      760      974     1280     1728     2404     3463     5175     8027    12814    20484    30966    41240    47314    49531    51566    56968    69371    93405   123465  113599
      138468   51684    18907     8675     4670     2800     1812     1243      892      664      510      402      324      266      223      189      163      143      126      113      102       94       87       81       76       72       69       67       65       64       63       63       63       64       66       68       70       74       78       83       90       97      107      119      133      151      174      203      240      288      353      442      565      742     1006     1416     2082     3235     5378     9691    18823    35775    50688    46351    35046    27684    24470    24516    28188    38364    65459  133148
       34119   35877    27847    17019     9752     5769     3610     2386     1654     1193      891      684      539      435      357      299      254      219      191      169      151      137      125      116      108      102       96       92       89       87       85       84       84       84       86       87       90       94       98      104      110      119      129      142      157      176      200      230      268      317      381      466      582      744      976     1319     1845     2690     4109     6605    11083    18566    27632    31934    29119    24260    20651    18763    18422    19607    22595   27764
       17060    9899     5922     3722     2457     1694     1213      898      683      533      425      345      286      240      205      177      155      137      123      111      102       94       87       82       78       74       71       69       68       67       66       67       67       68       70       72       75       79       83       89       96      104      114      126      141      159      182      210      247      293      353      433      540      686      889     1177     1593     2205     3113     4457     6399     9037    12265    15720    19042    22272    25932    30741    36874    41850    39295   28266
        8889    5311     3400     2295     1616     1178      884      680      535      430      351      291      245      209      181      158      140      125      113      103       95       88       82       77       74       71       68       66       65       64       64       64       64       65       67       69       72       75       79       84       90       97      106      117      129      145      164      188      217      253      300      359      436      536      670      850     1097     1438     1920     2609     3613     5106     7392    11048    17304    29192    55070   111503   146569    80914    34238   16353
        7399    4089     2467     1591     1081      766      563      426      330      262      212      175      146      124      107       93       82       73       66       60       55       51       48       45       43       41       40       39       38       38       38       38       39       39       40       42       44       46       49       52       56       61       68       75       84       95      109      127      149      177      214      262      327      414      536      706      951     1306     1830     2607     3752     5413     7755    10988    15514    22381    34381    57875    90462    76194    34741   15035
       21343   14591     9017     5539     3519     2333     1611     1155      854      650      507      404      328      272      228      195      168      147      130      117      105       96       89       83       77       73       70       67       65       64       63       62       62       63       64       65       67       70       73       77       82       88       95      104      114      127      143      162      186      216      254      303      366      448      557      702      898     1166     1530     2025     2685     3542     4603     5850     7250     8796    10566    12750    15635    19426    23510   25126
       33132   12170     5350     2813     1670     1079      742      535      400      309      245      199      165      139      119      103       91       81       73       66       61       57       53       50       48       46       45       44       44       43       44       44       45       46       48       50       53       56       61       66       72       80       89      101      115      133      156      186      225      277      346      441      572      755     1011     1364     1830     2396     2988     3487     3805     3949     4009     4088     4280     4682     5444     6875     9738    16294    33559   56694
        5185    5645     5426     4345     3002     1948     1264      843      583      418      309      235      184      147      120       99       84       72       62       55       49       44       40       37       34       32       30       29       28       27       26       26       26       26       26       26       27       28       29       31       33       35       38       42       47       52       59       68       79       93      112      136      170      218      285      387      544      802     1248     2076     3699     6771    10745    11735     9282     6810     5282     4450     4061     3985     4171    4596
       13431    9485     5580     3166     1862     1157      757      519      370      273      207      161      128      104       86       72       61       53       46       41       37       33       30       28       26       25       23       22       21       21       20       20       20       20       20       21       21       22       23       24       25       27       29       32       35       39       44       50       58       67       80       95      116      145      183      237      315      429      603      875     1312     2022     3150     4777     6667     8216     9070     9529    10119    11229    12947   14440
       17590    6693     3084     1673     1014      664      461      335      252      196      156      127      105       89       76       66       58       52       47       42       39       36       34       32       31       30       29       28       28       27       27       28       28       29       30       31       33       35       37       40       44       48       53       60       68       78       90      106      126      151      185      229      286      363      463      594      759      958     1181     1410     1627     1824     2008     2207     2464     2846     3466     4568     6757    11858    24876   35347
       11967    5966     2797     1479      874      562      384      276      207      159      126      103       85       72       61       53       47       42       38       35       32       30       28       27       26       25       24       24       23       23       24       24       25       26       27       28       30       32       35       38       42       47       53       60       70       82       98      119      148      186      239      314      422      576      794     1083     1419     1726     1904     1923     1838     1728     1643     1607     1637     1752     1989     2425     3239     4859     8257   13298
        7022    9232     8506     5238     2811     1569      943      608      414      296      219      168      132      106       87       73       62       53       47       41       37       33       31       28       26       25       24       23       22       21       21       21       21       21       21       22       23       24       25       26       28       31       33       37       41       46       53       61       71       85      102      126      158      202      265      356      490      691      989     1408     1927     2423     2719     2756     2639     2502     2427     2455     2624     2994     3688    4937
       13360    6250     3004     1650     1008      667      467      342      260      203      163      134      111       95       81       71       63       56       51       46       43       40       37       35       34       33       32       31       30       30       30       30       31       31       32       34       35       37       39       42       45       48       53       58       64       71       80       90      102      117      134      154      178      206      239      276      319      367      421      482      552      635      735      861     1031     1271     1635     2231     3313     5529    10422   16996
        4776    4086     3017     2059     1381      940      658      474      352      268      209      167      136      112       94       80       69       61       54       48       44       40       37       34       32       30       29       28       27       26       26       26       26       26       26       27       28       29       30       32       34       36       39       43       47       53       59       67       77       89      104      123      147      178      218      269      335      420      528      662      823     1010     1216     1436     1667     1916     2198     2541     2979     3537     4186    4733
        2555    1811     1295      942      700      531      411      324      260      212      176      148      126      109       95       84       75       67       61       56       52       48       45       43       41       40       38       37       37       36       36       37       37       38       39       40       42       44       46       49       53       57       63       69       77       86       97      111      128      149      175      208      250      303      372      460      574      721      911     1153     1461     1848     2328     2918     3628     4454     5329     6059     6307     5823     4762    3566
        1709    2408     3369     3921     3187     1979     1157      704      455      311      222      165      126      100       81       66       56       48       41       36       32       29       26       24       22       21       20       19       18       18       17       17       17       17       17       18       18       19       20       21       22       24       26       28       31       35       39       44       51       59       69       82       99      120      146      179      219      267      321      378      433      481      520      550      575      601      633      680      749      855     1019    1281
        4752    4374     2920     1711     1015      636      421      293      213      160      124       98       79       66       55       47       41       36       32       29       26       24       22       21       20       19       18       17       17       17       17       17       17       17       17       18       19       20       21       22       24       26       29       32       36       41       47       54       63       75       90      109      134      166      208      261      328      408      499      595      687      768      836      898      963     1045     1161     1337     1611     2053     2768    3820
        2889    1767     1101      721      496      357      266      204      161      130      107       89       76       65       57       50       45       40       37       34       31       29       28       26       25       24       24       23       23       23       23       23       23       24       24       25       26       27       29       30       32       35       38       41       45       50       55       61       69       78       88      100      114      131      151      174      200      232      269      313      367      433      518      630      783     1003     1336     1862     2704     3894     4807    4293
        1316    1829     2535     2913     2319     1412      813      490      314      213      152      112       86       67       54       45       37       32       28       24       21       19       17       16       15       14       13       13       12       12       12       11       11       11       12       12       12       13       13       14       15       16       18       20       22       25       29       33       39       46       55       68       85      109      141      186      249      335      443      563      668      729      738      710      672      639      622      625      653      713      822    1006
         449     661     1111     2040     2666     1622      736      369      210      132       89       64       47       36       29       23       19       16       14       12       11       10        9        8        7        7        7        6        6        6        6        6        6        6        6        6        6        7        7        8        8        9       10       11       13       15       17       21       25       31       39       50       67       93      134      200      307      464      632      695      617      491      386      314      268      239      224      220      226      244      279     340
        1107    1627     2512     3372     2893     1679      904      519      323      215      151      110       84       66       53       43       36       31       26       23       20       18       17       15       14       13       13       12       11       11       11       11       11       11       11       11       11       12       12       13       14       15       16       18       20       22       25       29       33       39       46       56       68       83      103      128      160      199      243      288      330      363      385      397      405      413      426      449      488      550      652     819
        1809    2333     2886     3050     2528     1733     1109      716      479      334      242      181      139      110       89       73       61       52       45       40       35       31       29       26       24       23       21       20       19       19       18       18       18       18       18       18       19       19       20       21       22       24       25       27       30       33       37       42       47       54       63       74       88      105      127      154      188      230      281      340      403      469      532      589      641      690      741      803      886     1004     1175    1430
        1672    1889     1976     1856     1560     1208      895      655      482      360      275      213      169      136      111       92       78       66       57       50       44       40       36       33       30       28       26       24       23       22       21       21       20       20       20       20       20       20       21       21       22       23       24       25       27       29       31       34       37       41       46       52       59       67       77       89      103      121      143      170      202      241      287      343      410      488      582      693      827      990     1187    1420
         319     364      434      543      708      936     1149     1147      884      584      373      245      167      119       88       68       53       43       35       30       25       22       19       17       15       14       13       12       11       11       10       10       10       10       10       10       10       10       10       11       11       12       12       13       15       16       18       20       23       27       31       37       45       54       67       85      108      138      177      222      270      310      333      337      327      309      292      278      270      268      275     291
         313     320      333      353      376      399      413      407      375      324      264      208      161      125       97       77       62       50       42       35       30       26       22       20       18       16       15       13       13       12       11       11       10       10       10       10       10       10       10       10       11       11       12       12       13       14       16       17       19       22       25       29       34       40       48       59       73       92      117      151      194      246      303      354      389      400      392      373      351      333      320     313
         740     720      697      667      626      570      500      424      348      280      222      176      140      112       91       74       61       51       43       37       32       28       25       22       20       18       17       16       15       14       13       13       12       12       12       12       12       12       12       12       12       13       13       14       15       16       17       19       21       23       26       30       34       40       47       56       67       82      102      128      164      211      273      352      447      550      648      723      766      780      774     759
         686     891     1091     1138      952      676      452      304      211      151      113       86       68       55       45       38       32       28       24       22       19       18       16       15       14       13       13       12       12       11       11       11       11       11       12       12       12       13       13       14       15       16       18       19       21       24       27       30       34       39       45       53       61       71       82       94      108      121      135      148      160      171      182      193      205      220      240      266      302      352      425     532
         369     407      462      535      619      685      683      589      448      318      221      156      112       83       63       49       39       32       26       22       19       16       14       13       11       10        9        9        8        8        7        7        7        6        6        6        6        6        7        7        7        7        8        8        9        9       10       11       13       14       16       19       22       26       31       37       45       56       71       89      113      143      178      215      251      279      298      308      314      320      328     344
         509     516      519      520      518      514      504      483      451      407      353      297      244      197      159      128      103       84       69       57       48       41       35       31       27       24       21       19       18       16       15       14       13       13       12       12       11       11       11       11       11       11       12       12       12       13       14       14       16       17       18       20       22       25       28       32       37       44       52       62       75       91      113      140      174      216      266      321      377      427      466     493
         181     185      192      204      220      239      260      278      288      282      259      224      184      148      117       93       75       60       50       41       35       30       26       23       20       18       17       15       14       13       13       12       12       11       11       11       11       11       11       12       12       13       13       14       15       17       18       20       23       26       30       35       42       50       61       75       94      119      150      188      229      265      288      294      283      264      242      222      205      193      185     181
         209     206      211      225      251      293      358      453      571      663      634      487      329      215      144      100       72       54       41       32       26       22       18       15       13       12       10        9        9        8        7        7        7        6        6        6        6        6        6        6        6        6        7        7        7        8        9        9       11       12       14       16       18       22       27       33       42       55       73      102      147      219      331      481      611      628      541      432      345      285      246     222
         166     178      200      237      297      397      551      726      754      562      346      208      131       87       61       44       33       26       21       17       14       12       10        9        8        7        6        6        5        5        5        5        4        4        4        4        4        4        4        4        5        5        5        6        6        7        7        8        9       11       12       15       18       22       27       35       47       63       88      127      187      269      356      403      384      328      271      227      196      177      166     163
         103     112      127      152      192      260      384      607      898      900      567      308      175      108       72       51       37       28       22       18       15       12       11        9        8        7        7        6        6        5        5        5        5        4        4        4        4        4        4        5        5        5        5        6        6        7        8        9       10       11       13       16       19       24       30       38       49       64       84      109      136      158      169      166      153      138      123      112      104       99       97      99
         102     102      106      114      129      152      190      252      351      482      553      454      290      174      108       71       49       35       26       20       16       13       11        9        8        7        6        5        5        4        4        4        3        3        3        3        3        3        3        3        3        3        3        3        4        4        4        5        5        6        6        7        8       10       12       14       17       21       27       35       45       59       77       98      118      133      139      135      127      118      110     104
          85      87       90       97      107      122      143      173      211      252      275      260      210      154      108       77       56       41       32       25       20       16       14       11       10        9        8        7        6        6        5        5        5        4        4        4        4        4        4        4        4        4        5        5        5        5        6        6        7        8        9       10       12       14       16       20       24       30       37       46       58       72       87      100      109      112      110      105       99       94       89      86
         229     256      285      313      332      333      309      265      214      166      127       98       76       59       47       38       31       26       22       19       16       14       13       11       10        9        9        8        8        7        7        7        6        6        6        6        6        6        6        7        7        7        7        8        8        9       10       10       12       13       14       16       18       21       24       28       32       38       44       52       60       70       81       93      105      117      129      142      156      170      187     206
         109     112      118      128      144      164      189      212      223      210      176      135       99       72       53       40       30       24       19       16       13       11        9        8        7        6        6        5        5        4        4        4        4        4        4        3        3        3        4        4        4        4        4        4        5        5        5        6        7        8        9       10       12       14       17       22       27       34       45       58       77       99      124      147      159      160      152      140      128      119      113     109
          25      26       28       31       37       46       60       87      144      278      541      522      240      108       57       34       23       16       12        9        7        6        5        4        3        3        2        2        2        2        2        2        1        1        1        1        1        1        1        1        1        2        2        2        2        2        3        3        3        4        5        6        7        9       11       15       20       28       40       57       76       90       90       77       62       50       41       35       30       28       26      25
          64      65       68       74       83       98      119      150      193      240      261      229      168      113       76       52       37       27       21       16       13       11        9        8        7        6        5        5        4        4        3        3        3        3        3        3        3        3        3        3        3        3        3        3        4        4        4        5        5        6        7        8        9       11       13       16       21       26       34       44       58       74       91      104      108      105       97       88       79       73       68      65
         123     125      128      134      143      155      172      191      212      226      226      205      169      131       98       73       55       42       32       26       21       17       14       12       10        9        8        7        6        6        5        5        4        4        4        4        4        4        4        4        4        4        4        4        4        4        4        5        5        6        6        7        8        9       10       12       14       16       19       23       28       35       43       53       64       77       90      102      111      117      121     122
         101     106      115      127      145      170      205      248      291      313      291      233      170      120       85       62       46       35       27       22       18       15       12       11        9        8        7        7        6        6        5        5        5        4        4        4        4        4        4        4        4        4        4        5        5        5        6        6        7        8        8        9       11       12       14       17       20       24       29       35       42       50       60       69       77       84       89       92       93       94       95      97
          46      51       60       73       93      127      183      269      343      308      201      119       73       47       32       23       17       13       11        9        7        6        5        4        4        3        3        3        3        2        2        2        2        2        2        2        2        2        2        2        2        2        3        3        3        3        4        4        5        5        6        7        9       10       12       15       18       21       25       30       34       37       39       40       40       40       39       38       38       39       40      42
          90      90       93      100      113      134      168      221      293      349      323      229      143       89       58       39       28       20       15       12       10        8        6        5        5        4        4        3        3        3        2        2        2        2        2        2        2        2        2        2        2        2        2        2        2        2        3        3        3        3        4        4        5        6        7        9       11       13       17       22       29       39       53       71       92      112      124      125      118      109      100      94
          34      34       35       37       41       46       55       67       86      114      148      170      156      115       76       50       34       24       18       13       10        8        7        6        5        4        4        3        3        2        2        2        2        2        2        2        2        2        2        2        2        2        2        2        2        2        3        3        3        4        4        5        5        7        8       10       12       15       20       25       33       41       50       57       60       58       54       49       44       40       37      35
          24      24       24       25       28       31       35       42       53       68       90      115      129      117       88       60       41       28       20       15       12        9        7        6        5        4        4        3        3        3        2        2        2        2        2        2        2        2        2        2        2        2        2        2        2        2        3        3        3        4        4        5        6        8        9       11       15       19       25       32       41       49       55       56       53       47       41       36       31       28       26      25
          19      18       18       18       19       20       22       25       30       37       48       63       81       95       90       69       47       32       22       16       12        9        7        5        4        4        3        3        2        2        2        2        2        1        1        1        1        1        1        1        1        1        1        1        1        2        2        2        2        2        3        3        4        5        6        7        9       12       17       23       33       47       63       74       74       63       51       40       32       27       23      21
          23      21       20       19       19       20       21       23       25       28       32       37       42       45       44       40       33       26       20       16       12       10        8        6        5        4        4        3        3        2        2        2        2        2        2        1        1        1        1        1        1        1        1        1        2        2        2        2        2        3        3        3        4        5        6        7        9       12       16       23       34       51       78      112      129      115       87       63       48       37       31      26
