SWAN 1
LOCATIONS
     1
     -67.28  18.38
AFREQ
     56
     0.0300
     0.0400
     0.0500
     0.0600
     0.0700
     0.0800
     0.0900
     0.1000
     0.1100
     0.1200
     0.1300
     0.1400
     0.1500
     0.1600
     0.1700
     0.1800
     0.1900
     0.2000
     0.2100
     0.2200
     0.2300
     0.2400
     0.2500
     0.2600
     0.2700
     0.2800
     0.2900
     0.3000
     0.3100
     0.3200
     0.3300
     0.3400
     0.3500
     0.3600
     0.3700
     0.3800
     0.3900
     0.4000
     0.4100
     0.4200
     0.4300
     0.4400
     0.4500
     0.4600
     0.4700
     0.4800
     0.4900
     0.5000
     0.5100
     0.5200
     0.5300
     0.5400
     0.5500
     0.5600
     0.5700
     0.5800
NDIR
     72
     5.0000
     10.0000
     15.0000
     20.0000
     25.0000
     30.0000
     35.0000
     40.0000
     45.0000
     50.0000
     55.0000
     60.0000
     65.0000
     70.0000
     75.0000
     80.0000
     85.0000
     90.0000
     95.0000
     100.0000
     105.0000
     110.0000
     115.0000
     120.0000
     125.0000
     130.0000
     135.0000
     140.0000
     145.0000
     150.0000
     155.0000
     160.0000
     165.0000
     170.0000
     175.0000
     180.0000
     185.0000
     190.0000
     195.0000
     200.0000
     205.0000
     210.0000
     215.0000
     220.0000
     225.0000
     230.0000
     235.0000
     240.0000
     245.0000
     250.0000
     255.0000
     260.0000
     265.0000
     270.0000
     275.0000
     280.0000
     285.0000
     290.0000
     295.0000
     300.0000
     305.0000
     310.0000
     315.0000
     320.0000
     325.0000
     330.0000
     335.0000
     340.0000
     345.0000
     350.0000
     355.0000
     360.0000
QUANT
     1
VaDens
m2/Hz/degr
     -999.000000
FACTOR
     1.00000E-06
          15      10        8        6        5        4        3        3        2        2        2        2        2        2        2        2        2        2        2        2        2        2        3        3        3        4        5        5        6        7        7        7        7        6        5        5        4        3        3        2        2        2        2        1        1        1        1        1        1        1        1        1        1        1        1        1        2        2        2        3        3        4        5        7        9       14       20       31       42       42       33      22
         127     112       97       84       74       65       58       52       47       44       41       39       37       35       34       34       33       33       33       34       34       35       35       36       36       36       36       36       36       35       34       33       31       30       28       27       25       24       23       22       21       20       19       19       18       18       18       18       18       18       19       19       20       21       23       24       27       29       32       36       41       48       56       65       78       92      108      125      139      147      147     139
         350     291      225      170      130      102       81       67       56       49       43       38       35       32       30       28       27       27       26       26       26       27       28       29       30       32       34       37       40       43       47       51       55       59       62       64       64       63       61       58       54       50       47       43       40       37       35       33       31       30       29       29       29       29       29       30       31       33       35       39       43       48       55       64       77       95      120      154      203      265      330     367
        1243    1062      880      719      587      482      400      336      285      246      214      189      168      152      138      127      118      110      104       99       94       91       88       86       85       84       84       84       84       85       87       89       91       94       97      101      105      110      115      121      127      134      141      149      157      166      175      184      194      204      215      227      239      253      269      287      307      331      360      394      435      486      548      625      720      836      974     1127     1278     1395     1437    1381
       59971  160243    57713    15019     6138     3178     1887     1226      849      617      466      363      291      238      199      169      146      128      113      102       93       85       79       74       70       67       64       63       62       61       61       61       62       63       65       68       72       76       81       88       96      106      118      134      153      178      210      252      309      386      495      652      887     1250     1838     2817     4453     6936     9609    10624     9485     7694     6251     5307     4767     4547     4615     5009     5876     7604    11301   21048
       86826   87636    64094    36962    20298    11650     7123     4618     3148     2239     1649     1252      976      779      634      525      443      378      328      288      256      230      209      192      178      166      156      149      143      138      135      132      131      131      132      134      137      141      146      153      162      173      186      202      222      246      275      312      358      416      491      589      718      893     1135     1480     1984     2750     3965     5989     9559    16233    29132    52171    79574    88556    77672    65185    58270    57259    62075   73025
       22660   20136    16505    12609     9222     6639     4796     3516     2627     2005     1562     1241     1004      827      691      587      505      440      388      346      312      285      262      243      228      216      205      198      191      187      184      183      183      185      188      192      199      207      217      230      246      266      289      318      354      399      454      523      612      727      879     1081     1359     1748     2312     3155     4467     6602    10243    16699    28051    45025    59596    59454    49211    39180    32333    28190    25901    24809    24352   23887
        5284    5602     6261     7360     8998    11055    12601    11987     9203     6180     4009     2650     1816     1294      954      726      568      456      373      311      264      228      199      177      158      144      132      122      115      108      103       99       97       95       94       93       94       95       97      100      104      110      116      125      135      147      163      182      207      238      278      330      400      495      628      822     1115     1583     2385     3899     7195    16162    50733   145458    84029    30289    15611    10122     7562     6236     5548    5261
       62790   36388    19955    11377     6894     4429     2992     2109     1541     1162      899      712      576      474      397      338      292      255      225      202      182      166      153      143      134      127      121      117      113      111      109      109      109      110      112      115      119      124      130      138      148      159      174      191      213      239      272      313      365      432      520      636      794     1012     1321     1775     2462     3544     5327     8414    13999    24270    41654    62945    74905    73067    67348    64872    67804    76510    87385   86014
       21603   20197    15848    10823     6977     4505     2993     2060     1469     1081      820      637      507      411      340      286      244      211      185      164      147      133      122      113      106       99       95       91       88       85       84       83       83       83       85       86       89       93       97      103      110      118      128      141      156      175      199      229      267      316      381      466      583      747      981     1330     1869     2739     4219     6873    11781    20332    30968    35412    31061    24876    20506    18086    17157    17406    18634   20434
       38858   24065    12393     6532     3721     2285     1493     1027      736      547      418      328      263      215      180      152      131      114      100       89       81       73       68       63       59       56       53       51       50       49       48       48       48       48       49       50       52       54       57       61       65       70       76       84       94      106      121      140      164      195      236      291      366      473      627      859     1225     1831     2907     4978     9376    19471    39825    55902    46665    33250    25887    23012    23281    26611    33533   41581
       28469   26588    17051     9312     5179     3082     1961     1320      931      683      517      403      321      262      217      184      157      137      120      107       97       88       81       75       71       67       64       62       60       59       58       58       58       58       60       61       63       66       70       75       80       87       95      105      118      134      153      178      210      253      309      385      491      644      869     1217     1778     2729     4431     7578    13087    20032    23032    20216    16157    13315    11800    11354    11893    13605    17001   22631
       20184   16833    11562     7235     4498     2886     1931     1345      972      725      556      437      352      288      240      203      175      152      134      120      108       99       91       85       79       75       72       69       67       66       65       64       64       65       66       68       71       74       78       82       88       96      104      115      128      145      166      192      225      268      325      401      505      652      865     1181     1671     2458     3770     6004     9692    14823    19320    20319    18450    16139    14560    13917    14200    15418    17509   19790
       15404   16307    13771     9296     5664     3446     2179     1444     1000      719      535      410      322      259      212      177      150      129      112       99       88       80       73       67       62       59       56       53       51       50       49       48       48       48       49       50       51       53       55       58       62       67       72       79       88       98      111      128      148      175      210      256      319      405      529      712      992     1438     2187     3508     5924    10177    15931    19330    17793    14503    11968    10530     9998    10246    11282   13136
       26548   42492    25449     9585     4212     2200     1296      831      567      406      302      232      183      148      122      102       87       76       66       59       53       48       44       41       38       36       35       33       32       31       31       31       31       31       32       33       34       36       37       40       43       46       51       56       63       71       82       95      112      135      165      205      262      342      460      639      922     1383     2153     3410     5193     6895     7446     6834     5923     5233     4882     4884     5299     6333     8559   13678
       31185   19872     9328     4617     2558     1556     1018      704      509      381      294      233      189      156      131      112       97       85       76       68       62       57       53       50       47       45       43       42       41       40       40       40       41       41       42       44       46       48       51       55       60       65       72       81       91      104      121      142      170      206      255      322      417      553      754     1061     1538     2286     3419     4939     6476     7351     7330     6843     6367     6136     6257     6850     8172    10832    16214   25896
       16055   17358     9868     4726     2489     1465      940      644      464      348      270      215      176      146      124      107       94       83       75       68       63       58       54       52       49       48       46       46       45       45       45       46       47       49       51       54       57       61       67       73       81       90      103      118      137      162      195      238      297      377      489      646      866     1168     1553     1977     2330     2494     2451     2282     2085     1917     1801     1745     1752     1833     2008     2322     2863     3831     5691    9516
       12170   19924    14224     5817     2576     1341      788      504      344      246      183      141      111       90       74       62       53       46       41       36       32       30       27       25       24       22       21       21       20       20       19       19       19       20       20       21       22       23       24       26       28       30       33       37       42       48       56       65       78       95      118      150      196      264      369      540      836     1383     2452     4476     7098     7719     6044     4384     3369     2820     2570     2543     2738     3240     4304    6645
        7407   11875    12638     7560     3780     2030     1205      777      533      384      288      223      178      145      120      102       88       76       68       61       55       50       47       44       41       39       38       36       36       35       35       35       35       36       37       38       40       42       45       48       52       57       63       71       80       91      105      123      146      175      212      260      323      403      504      626      764      906     1034     1132     1192     1221     1234     1247     1275     1331     1431     1597     1868     2318     3100    4557
       17224   25025    12893     4987     2323     1273      779      516      362      265      202      158      127      104       87       74       64       56       50       45       41       37       35       33       31       29       28       27       27       27       26       27       27       27       28       29       31       32       35       37       40       44       49       55       63       72       83       98      117      142      176      220      280      362      473      622      810     1030     1252     1433     1540     1576     1570     1558     1568     1622     1746     1976     2387     3141     4657    8192
        9588   12145     7655     3577     1799     1019      635      425      300      221      169      133      107       88       74       63       54       48       42       38       35       32       30       28       26       25       24       24       23       23       23       23       23       24       25       26       27       28       30       33       36       39       43       49       55       64       74       88      105      128      158      198      252      326      424      551      707      878     1037     1153     1210     1221     1208     1198     1207     1252     1349     1526     1833     2376     3405    5517
        2866    3342     3203     2409     1562      980      631      423      296      215      162      125       99       80       66       56       47       41       36       32       29       26       24       22       21       20       19       18       18       17       17       17       17       17       17       18       19       20       21       22       24       26       28       31       35       40       45       53       62       74       91      112      142      182      240      321      438      601      816     1065     1293     1433     1462     1415     1346     1294     1277     1307     1398     1570     1855    2290
        2698    3444     4101     3928     2865     1787     1089      686      454      315      227      169      130      103       83       68       57       48       42       37       32       29       26       24       22       21       20       19       18       17       17       17       17       17       17       17       17       18       19       20       21       23       24       27       29       33       37       42       49       57       68       82      101      126      161      210      279      379      522      721      977     1260     1497     1623     1633     1583     1526     1502     1529     1628     1824    2161
        1904    2130     2464     2857     3105     2909     2273     1566     1032      686      469      331      242      182      141      112       90       75       63       53       46       40       36       32       29       27       25       23       22       21       20       19       19       18       18       18       19       19       19       20       21       22       23       25       27       30       33       37       41       47       55       64       77       93      116      146      189      250      341      477      685     1000     1443     1962     2374     2494     2356     2128     1927     1798     1748    1781
        2074    3175     5210     7319     6021     3246     1681      952      590      392      276      203      155      121       98       80       67       57       50       44       39       35       32       29       27       26       24       23       22       22       21       21       21       21       22       22       23       24       25       26       28       30       33       36       40       45       51       58       67       79       94      112      136      166      204      251      307      373      442      509      566      608      636      654      668      687      716      765      843      966     1163    1492
         744    1036     1587     2582     3505     2787     1504      791      454      284      191      135      100       77       61       49       41       34       29       26       23       20       18       17       15       14       14       13       13       12       12       12       12       12       12       12       13       13       14       15       16       18       19       21       24       27       31       37       43       52       64       80      101      131      172      229      304      394      484      548      566      544      501      457      420      395      382      382      396      428      485     581
        1052    1545     2484     3873     4047     2474     1273      697      419      272      188      136      103       80       64       52       44       37       32       28       25       22       20       19       17       16       15       15       14       14       13       13       13       13       14       14       14       15       16       17       18       19       21       23       26       29       33       38       45       53       63       77       94      116      146      182      227      278      330      375      408      424      428      424      419      418      425      444      478      536      629     784
         794    1063     1556     2474     3747     3795     2324     1216      675      409      267      186      135      102       80       64       52       44       37       32       28       25       22       20       19       17       16       16       15       14       14       14       14       14       14       14       14       15       16       16       17       19       20       22       25       28       31       36       42       49       58       71       87      108      136      173      220      278      343      406      456      483      488      477      460      446      438      440      455      488      544     638
         380     432      522      678      960     1475     2218     2396     1577      843      466      280      181      125       90       68       52       42       34       28       24       21       18       16       14       13       12       11       10       10        9        9        9        9        9        9        9        9        9       10       10       11       11       12       13       15       16       19       21       25       29       35       43       54       69       91      123      172      249      369      543      742      867      839      716      586      486      418      375      351      344     353
         592     746     1023     1569     2742     4768     4827     2511     1173      618      366      236      163      118       89       69       55       45       38       32       28       24       21       19       18       16       15       14       13       13       12       12       12       12       12       12       12       12       13       13       14       15       16       17       19       21       24       27       31       36       42       51       62       76       95      121      155      199      255      320      385      437      464      467      453      434      416      406      406      419      449     502
        1807    2642     3974     5184     4570     2835     1604      949      601      405      287      212      161      127      102       84       70       60       52       45       40       36       33       30       28       26       25       23       22       22       21       21       21       21       21       21       22       22       23       24       26       27       29       31       34       38       42       47       53       60       68       79       92      107      126      148      173      203      236      271      309      347      385      423      463      507      559      625      714      840     1027    1321
        1012    1138     1320     1547     1747     1763     1498     1094      739      492      335      235      170      126       97       76       61       50       42       35       30       26       23       21       19       17       15       14       13       13       12       12       11       11       11       11       11       11       11       12       12       13       13       14       15       16       18       20       22       25       28       33       38       45       54       66       82      103      131      170      223      293      384      492      607      709      782      823      843      859      884     931
         203     203      210      228      258      308      391      533      789     1225     1660     1465      879      485      284      179      121       86       64       49       39       32       26       22       19       17       15       13       12       11       10       10        9        9        8        8        8        8        8        8        8        9        9       10       10       11       12       13       15       17       19       22       26       31       38       47       60       78      105      145      205      292      401      501      537      497      421      349      293      253      227     210
         539     518      507      504      506      512      516      511      492      456      404      344      284      230      185      148      120       97       80       67       57       48       42       37       32       29       26       24       22       20       19       18       17       17       16       16       15       15       15       16       16       16       17       18       19       20       21       23       25       28       31       35       40       46       54       65       78       96      119      151      193      251      326      420      525      623      690      712      694      655      610     570
         353     372      405      455      522      604      685      726      686      571      433      315      227      166      124       95       74       59       48       40       34       29       25       22       20       18       16       15       14       13       13       12       12       11       11       11       11       11       12       12       12       13       14       15       16       17       19       21       24       27       32       37       44       54       66       83      106      138      183      244      323      414      498      548      550      517      470      424      388      363      349     346
         533     476      450      449      470      516      586      672      739      726      608      445      304      206      142      101       73       55       43       34       27       22       19       16       14       12       11        9        9        8        7        7        6        6        6        6        5        5        5        5        5        6        6        6        6        7        7        8        8        9       10       12       13       15       18       21       26       32       41       53       70       97      139      209      330      536      850     1154     1200     1008      789     632
         627     643      677      737      830      960     1114     1235     1217     1018      744      508      343      236      168      122       92       71       56       45       37       31       26       23       20       17       16       14       13       12       11       10       10        9        9        9        9        9        9        9        9        9        9       10       10       11       11       12       13       15       16       18       21       24       28       32       39       47       58       72       91      118      153      202      266      344      431      513      574      608      621     623
        1356    1191     1029      909      831      783      754      729      691      627      536      430      330      246      182      136      102       78       61       49       39       32       27       23       19       17       15       13       12       11       10        9        8        8        7        7        7        7        6        6        6        6        7        7        7        7        7        8        8        9       10       11       12       14       15       18       21       24       29       35       44       56       72       96      131      186      272      410      628      934     1253    1415
         225     230      245      271      316      388      505      685      905      993      798      511      310      193      127       88       63       47       36       29       23       19       16       14       12       11        9        8        8        7        7        6        6        6        5        5        5        5        5        5        5        5        6        6        6        7        7        8        9       10       11       12       14       17       20       24       29       36       45       58       75       98      129      167      207      242      263      268      260      247      235     227
         294     266      248      240      239      245      258      276      298      317      324      308      270      220      170      129       97       74       57       45       36       29       24       20       17       15       13       12       10        9        9        8        8        7        7        6        6        6        6        6        6        6        6        6        7        7        8        8        9       10       11       12       13       15       18       21       25       30       38       48       62       82      111      154      216      300      393      462      475      440      385     334
         132     128      128      133      142      157      182      220      278      370      506      657      702      564      375      238      155      105       75       55       42       33       27       22       19       16       14       12       11       10        9        8        8        7        7        7        7        7        7        7        7        7        7        7        8        8        9       10       11       12       13       15       17       20       24       29       36       45       57       75       98      130      170      212      243      254      242      218      192      169      152     140
         195     205      222      251      297      371      495      706     1040     1351     1218      775      444      263      167      112       80       59       45       35       28       23       20       17       15       13       11       10        9        9        8        7        7        7        7        6        6        6        6        6        7        7        7        7        8        8        9       10       11       12       13       15       17       20       24       28       34       42       52       64       81      101      124      149      172      190      199      201      199      195      192     191
         187     184      184      187      194      205      221      242      267      293      313      316      296      255      206      160      122       94       73       57       46       37       31       26       22       19       17       15       13       12       11       10        9        9        8        8        8        8        8        7        7        8        8        8        8        9        9       10       10       11       12       14       15       17       20       23       27       32       38       46       56       69       84      104      126      149      170      186      195      197      195     191
         129     128      130      135      144      157      176      203      239      282      324      348      332      280      215      158      115       85       64       49       39       31       26       22       18       16       14       12       11       10        9        8        8        8        7        7        7        7        7        7        7        7        7        7        7        8        8        9       10       11       12       13       15       17       20       23       28       33       41       50       61       75       91      109      126      139      147      149      147      142      136     132
         131     140      154      175      206      249      310      385      453      469      407      306      215      149      106       77       58       45       36       29       24       20       17       15       13       12       11       10        9        8        8        7        7        7        7        7        7        7        7        7        7        7        8        8        9       10       10       12       13       14       16       19       22       26       31       37       45       54       66       79       94      108      120      128      132      132      130      127      124      123      123     125
         131     121      116      115      118      124      136      155      182      221      270      320      342      310      241      171      119       84       61       45       35       27       22       18       15       13       11       10        8        8        7        6        6        6        5        5        5        5        5        5        5        5        5        5        5        5        6        6        7        8        8        9       11       12       15       17       21       26       33       42       56       76      104      143      191      236      260      253      225      193      166     145
         172     168      161      155      152      152      157      166      182      206      238      275      307      312      276      215      155      109       78       56       42       32       25       20       16       13       11        9        8        7        6        6        5        5        4        4        4        4        4        3        3        3        3        3        3        3        4        4        4        4        5        5        5        6        7        8        9       10       12       14       17       21       26       33       42       54       70       91      115      139      159     170
          67      73       82       95      114      145      196      282      422      579      576      395      232      139       88       60       42       31       24       19       15       13       11        9        8        7        6        6        5        5        4        4        4        4        4        4        4        4        4        4        4        4        4        4        5        5        5        6        7        7        8       10       11       13       15       17       21       24       29       34       39       45       50       54       57       58       59       59       59       60       61      63
          92      88       89       95      108      130      171      248      406      674      756      451      218      114       67       43       29       21       15       12        9        7        6        5        4        4        3        3        3        2        2        2        2        2        2        2        2        2        2        2        2        2        2        2        2        2        2        3        3        3        4        4        5        6        7        9       12       15       20       28       40       61       99      167      275      374      359      271      195      147      119     102
          99      97       97      100      107      118      135      162      202      258      328      377      355      271      183      121       82       57       42       31       24       19       15       13       11        9        8        7        6        6        5        5        4        4        4        4        4        4        4        4        4        4        4        4        4        4        5        5        5        6        7        7        8       10       11       13       16       20       24       30       39       49       63       80       99      115      126      129      125      118      110     104
         166     164      159      154      149      145      142      139      135      131      126      119      110       99       88       76       65       55       46       39       33       28       24       20       18       16       14       12       11       10        9        8        8        7        7        7        6        6        6        6        6        6        6        6        6        6        7        7        7        8        8        9       10       11       13       14       16       19       22       25       30       36       44       54       65       80       97      115      133      149      160     166
          73      79       86       96      110      129      154      187      227      267      288      273      226      171      125       91       68       51       40       32       26       21       18       15       13       12       10        9        8        8        7        7        6        6        6        6        6        6        6        6        6        6        6        6        7        7        7        8        9        9       10       11       13       14       16       18       21       23       27       30       34       38       42       46       50       53       56       58       61       63       66      69
          41      40       41       43       47       54       65       84      117      182      317      543      568      317      155       84       51       33       23       17       13       10        8        7        6        5        4        4        3        3        3        2        2        2        2        2        2        2        2        2        2        2        2        2        3        3        3        3        4        4        5        6        7        8       10       13       17       23       32       47       70      106      150      178      168      135      103       80       64       54       47      43
          89      95      104      118      137      166      206      258      307      320      278      207      143       98       69       50       37       28       22       18       15       12       10        9        8        7        6        6        5        5        4        4        4        4        4        4        4        4        4        4        4        4        4        4        5        5        5        6        7        7        8        9       11       13       15       18       21       26       31       38       46       54       63       71       77       81       83       83       83       83       83      85
          54      54       55       55       56       58       60       65       70       77       85       94      100      101       95       82       67       52       40       31       24       19       15       13       10        9        7        6        6        5        4        4        4        3        3        3        3        3        2        2        2        2        2        2        2        3        3        3        3        3        3        4        4        4        5        6        7        8        9       10       12       15       18       21       25       30       36       41       46       50       52      54
         109     103       99       98       99      103      111      123      139      161      183      197      191      163      125       91       65       47       35       26       20       16       13       10        9        7        6        5        5        4        4        4        3        3        3        3        3        2        2        2        2        2        2        2        3        3        3        3        3        3        4        4        5        5        6        7        8       10       12       15       19       24       30       39       51       67       85      102      116      122      121     116
