SWAN 1
LOCATIONS
     1
     -67.28  18.38
AFREQ
     56
     0.0300
     0.0400
     0.0500
     0.0600
     0.0700
     0.0800
     0.0900
     0.1000
     0.1100
     0.1200
     0.1300
     0.1400
     0.1500
     0.1600
     0.1700
     0.1800
     0.1900
     0.2000
     0.2100
     0.2200
     0.2300
     0.2400
     0.2500
     0.2600
     0.2700
     0.2800
     0.2900
     0.3000
     0.3100
     0.3200
     0.3300
     0.3400
     0.3500
     0.3600
     0.3700
     0.3800
     0.3900
     0.4000
     0.4100
     0.4200
     0.4300
     0.4400
     0.4500
     0.4600
     0.4700
     0.4800
     0.4900
     0.5000
     0.5100
     0.5200
     0.5300
     0.5400
     0.5500
     0.5600
     0.5700
     0.5800
NDIR
     72
     5.0000
     10.0000
     15.0000
     20.0000
     25.0000
     30.0000
     35.0000
     40.0000
     45.0000
     50.0000
     55.0000
     60.0000
     65.0000
     70.0000
     75.0000
     80.0000
     85.0000
     90.0000
     95.0000
     100.0000
     105.0000
     110.0000
     115.0000
     120.0000
     125.0000
     130.0000
     135.0000
     140.0000
     145.0000
     150.0000
     155.0000
     160.0000
     165.0000
     170.0000
     175.0000
     180.0000
     185.0000
     190.0000
     195.0000
     200.0000
     205.0000
     210.0000
     215.0000
     220.0000
     225.0000
     230.0000
     235.0000
     240.0000
     245.0000
     250.0000
     255.0000
     260.0000
     265.0000
     270.0000
     275.0000
     280.0000
     285.0000
     290.0000
     295.0000
     300.0000
     305.0000
     310.0000
     315.0000
     320.0000
     325.0000
     330.0000
     335.0000
     340.0000
     345.0000
     350.0000
     355.0000
     360.0000
QUANT
     1
VaDens
m2/Hz/degr
     -999.000000
FACTOR
     1.00000E-06
          47      60       74       85       86       78       66       53       43       35       29       25       22       19       17       16       15       14       14       14       14       14       15       16       17       18       20       23       26       30       34       39       43       46       47       44       40       34       29       24       20       17       14       12       11        9        9        8        7        7        6        6        6        6        6        6        6        6        6        6        7        7        8        9       10       11       13       15       18       23       28      36
        1393    1405     1178      881      636      464      347      268      213      175      146      125      109       97       87       80       74       70       67       64       63       62       61       62       63       65       67       71       75       80       87       95      105      118      132      149      169      191      215      238      258      272      277      274      262      246      228      210      193      178      165      154      146      140      136      133      132      134      137      142      151      162      177      198      226      265      318      394      504      663      887    1164
        8955    3981     2158     1342      915      667      511      407      334      282      244      215      193      176      163      153      145      140      136      134      134      135      138      142      148      157      167      181      199      220      248      283      327      383      454      542      648      768      890      991     1044     1035      972      876      773      676      592      524      469      426      393      369      352      341      335      336      342      355      375      404      445      503      584      701      877     1154     1624     2511     4458     9665    22164   21500
        7754    4581     3031     2166     1636     1289     1051      882      758      665      594      539      497      464      439      421      408      400      396      397      402      410      423      441      464      493      528      571      621      681      751      831      920     1015     1111     1202     1279     1332     1356     1349     1314     1260     1194     1124     1056      994      940      895      860      834      818      812      816      832      859      902      962     1046     1160     1316     1533     1843     2301     3016     4216     6456    11373    25480    82965   135780    44707   15797
       85646   42775    23611    14426     9532     6683     4907     3738     2934     2363     1944     1630     1391     1204     1057      939      844      767      704      653      611      577      549      526      509      496      487      482      480      481      486      495      507      523      544      569      599      636      679      730      790      860      943     1041     1155     1288     1444     1625     1834     2076     2351     2663     3012     3399     3824     4288     4795     5353     5977     6693     7544     8593     9945    11767    14348    18218    24427    35270    56175    99010   163109  156763
       49180   26178    15448     9856     6676     4740     3497     2663     2083     1669     1364     1136      961      826      719      634      566      511      466      429      399      374      354      338      326      316      310      305      304      304      308      313      321      333      347      365      387      415      448      489      539      600      676      770      888     1039     1233     1487     1825     2282     2914     3810     5109     7045    10000    14590    21708    32261    46020    59866    68959    71903    71830    72617    77207    88765   113274   164551   265077   347090   232292  104630
       36351   23312    15373    10496     7419     5414     4065     3131     2467     1984     1625     1353     1145      982      853      750      668      600      546      500      463      433      408      388      372      359      349      343      339      338      339      343      350      359      372      388      408      433      464      501      546      600      667      749      850      977     1136     1339     1601     1944     2400     3017     3866     5057     6758     9228    12856    18180    25818    36148    48666    61583    72746    81456    88932    97111   107155   117622   121922   110634    84594   56886
      107783   35280    16705     9510     6050     4149     3006     2272     1776     1428     1176      988      846      736      650      581      527      483      448      419      397      379      365      355      349      345      345      347      353      362      375      391      412      438      470      510      559      619      694      788      905     1054     1246     1495     1821     2254     2832     3603     4620     5911     7436     9010    10307    11008    11036    10578     9915     9267     8756     8438     8343     8502     8968     9843    11323    13802    18150    26581    46224   111715   536963  630973
      324548  166793    71434    34702    19191    11693     7655     5295     3826     2865     2210     1749     1415     1167      980      836      723      634      562      505      458      420      388      363      342      325      312      302      294      289      286      286      288      292      299      308      320      335      354      377      406      441      483      535      599      678      777      902     1061     1267     1538     1899     2390     3071     4034     5424     7468    10503    14984    21344    29539    38358    45593    49858    51893    53657    57164    64582    79469   109861   175658  299060
      421331  178780    50441    21002    10976     6562     4287     2985     2180     1654     1295     1041      855      717      612      530      466      415      374      341      314      293      275      261      250      242      236      232      230      230      232      236      243      251      262      276      294      316      342      375      416      466      529      609      710      842     1015     1248     1565     2007     2640     3566     4944     7008    10011    13958    18031    20519    20423    18582    16374    14553    13332    12719    12710    13376    14933    17902    23530    35260    65237  174496
       94392   96739    64512    34777    18924    11070     6959     4646     3257     2378     1795     1394     1109      902      747      630      539      468      411      366      330      300      276      256      240      227      216      208      202      197      194      193      193      195      199      204      211      220      231      245      262      283      309      340      379      426      485      560      654      776      935     1146     1431     1823     2374     3164     4320     6031     8560    12179    16908    22065    26211    28271    28565    28245    28350    29612    32755    38915    50189   69621
       20575   24190    30744    40994    50754    46895    30676    17315     9907     6024     3898     2661     1899     1407     1075      844      679      557      465      395      341      298      264      236      214      196      181      169      160      152      146      141      137      135      134      134      135      137      141      145      152      159      169      181      196      214      236      263      297      339      393      463      553      673      836     1063     1387     1865     2600     3778     5766     9290    15689    26436    38792    42620    36381    28633    23233    20154    18824   18944
        9843   15373    29840    80737   145084    55873    18188     8162     4457     2747     1837     1304      968      745      591      481      400      339      292      255      227      204      185      170      158      149      141      135      131      127      125      125      125      126      128      132      137      143      151      161      174      190      209      233      262      300      348      410      491      600      748      954     1249     1679     2322     3285     4690     6525     8348     9288     8937     7832     6652     5705     5039     4618     4408     4389     4571     5003     5799    7212
       19267   23391    31512    45165    55400    42452    22539    11456     6302     3778     2431     1656     1181      874      668      524      420      344      287      244      210      183      162      145      131      120      110      103       97       92       88       85       83       81       80       80       80       81       83       86       89       93       99      105      113      123      135      149      168      190      219      255      302      363      444      555      709      930     1257     1758     2558     3892     6205    10246    16687    23996    27276    25165    21477    18726    17405   17517
        8339   11044    16804    30613    58067    54438    23252     9806     4928     2833     1789     1210      863      641      492      388      314      260      218      187      162      143      127      115      105       97       90       85       80       77       74       72       71       71       71       71       72       74       77       80       84       89       96      104      114      126      141      160      183      214      253      305      374      470      605      802     1099     1569     2344     3688     6074    10042    14769    16581    14307    11112     8758     7313     6526     6227     6361    6986
        7045    7845     9165    11252    14346    18059    19967    17177    11766     7337     4593     2990     2037     1447     1067      811      634      507      415      345      292      251      219      193      173      156      143      132      123      116      110      105      101       99       97       96       96       96       97      100      103      107      112      118      126      135      147      161      179      200      227      260      302      355      424      514      632      791     1006     1299     1699     2238     2936     3779     4678     5474     6018     6276     6335     6332     6387    6596
        4739    4751     5015     5569     6485     7814     9373    10322     9489     7157     4801     3131     2082     1433     1023      756      575      450      360      295      246      208      179      156      138      124      112      102       95       88       83       79       76       74       72       71       70       70       71       72       74       77       80       85       90       97      105      115      128      144      163      188      219      261      315      388      489      633      842     1159     1657     2472     3837     6074     9176    11751    11812     9948     7936     6465     5525    4982
        5620    7270    10436    17210    32119    45989    29120    12625     6038     3324     2034     1343      940      688      522      408      327      268      224      191      165      144      128      115      104       96       89       83       79       75       72       70       68       67       67       67       68       69       71       74       77       81       86       93      100      110      121      136      153      175      202      237      281      339      414      514      647      826     1065     1378     1771     2230     2705     3119     3407     3558     3614     3642     3704     3856     4157    4692
        4931    6058     7943    11168    16224    20602    17795    10812     5985     3465     2152     1423      991      721      543      421      335      272      226      190      163      142      125      111      100       91       84       78       73       69       66       64       62       61       60       59       60       60       61       63       65       68       71       76       81       87       95      105      116      131      148      170      197      231      274      330      401      495      615      772      972     1221     1518     1850     2191     2509     2784     3017     3231     3466     3776    4230
        3854    4419     5434     7214    10146    13452    13094     8584     4750     2676     1613     1039      708      506      375      287      225      181      149      125      106       91       80       71       64       58       53       49       46       43       41       39       38       37       37       36       36       37       37       38       39       41       43       46       49       53       58       64       71       80       91      105      123      147      177      217      272      346      451      601      816     1126     1561     2129     2771     3331     3650     3706     3614     3506     3472    3569
        2286    2763     3649     5415     9300    16943    19017     9918     4383     2211     1268      799      540      385      286      220      174      141      117       98       84       73       65       58       52       48       44       41       39       37       35       34       33       33       33       33       33       34       35       36       38       40       42       46       50       55       61       68       77       89      105      124      150      185      232      299      394      532      738     1045     1486     2053     2621     2953     2930     2676     2376     2131     1970     1896     1911    2030
        4884    5583     7000     9766    14834    20012    16298     8522     4206     2270     1347      862      585      416      308      235      185      148      121      101       86       74       65       57       51       46       42       39       36       34       33       31       30       29       29       28       28       29       29       30       31       32       33       35       38       41       44       49       54       61       69       79       92      109      131      160      200      255      332      444      611      866     1261     1869     2750     3835     4788     5219     5132     4846     4627    4610
        7853    7727     7875     8349     9081     9735     9584     8104     5875     3894     2525     1664     1131      795      577      431      331      260      209      171      142      120      103       90       79       70       63       57       53       49       46       43       41       39       38       37       37       36       36       36       37       38       39       41       43       45       48       52       56       62       68       76       87       99      115      136      162      197      244      308      397      525      711      991     1421     2086     3096     4513     6163     7520     8129    8096
        4416    6193     9502    14656    16354    10520     5312     2789     1608     1006      671      471      345      261      203      162      132      109       92       79       69       60       54       48       44       41       38       35       33       32       30       30       29       28       28       28       28       29       29       30       32       33       35       37       40       44       48       53       59       66       76       87      101      119      142      172      210      260      325      410      519      656      825     1020     1234     1455     1673     1891     2127     2415     2813    3417
        1995    2142     2298     2477     2682     2889     3026     2984     2689     2200     1670     1217      877      637      470      354      272      213      171      139      115       97       82       71       62       55       49       44       40       37       35       32       31       29       28       27       27       26       26       26       26       27       27       28       29       30       32       34       37       40       44       48       54       60       69       79       92      108      129      156      190      236      296      375      479      614      783      985     1210     1440     1653    1837
        1107    1205     1365     1617     2004     2573     3289     3806     3547     2628     1725     1112      738      509      366      273      209      165      133      110       92       79       68       60       53       48       44       40       38       35       33       32       31       30       30       29       29       30       30       31       32       33       35       37       40       43       47       52       58       66       75       87      102      121      147      180      225      284      364      471      608      771      946     1097     1192     1218     1191     1141     1090     1053     1040    1056
        1455    1464     1565     1791     2206     2925     4023     4961     4376     2753     1546      894      552      362      250      181      135      104       83       67       55       46       40       34       30       27       24       22       20       19       17       17       16       15       15       14       14       14       14       14       15       15       16       17       18       19       20       22       24       27       30       35       40       47       55       67       82      103      133      175      238      333      482      718     1079     1567     2047     2268     2165     1917     1685    1529
        1175    1049      996     1005     1084     1259     1598     2271     3707     6554     7996     4602     2051     1015      571      354      236      166      122       93       73       59       48       40       34       30       26       23       21       19       17       16       15       14       14       13       13       12       12       12       12       13       13       13       14       15       15       17       18       20       22       24       27       32       37       43       52       64       80      102      135      183      258      380      584      929     1470     2092     2372     2139     1729    1394
        1139     974      888      858      877      948     1087     1326     1721     2323     2976     3031     2244     1379      828      518      342      238      172      129      100       80       65       54       45       39       34       30       27       24       22       21       19       18       17       17       16       16       16       15       16       16       16       17       17       18       19       21       22       24       27       30       34       39       46       55       66       81      103      133      179      250      366      570      957     1733     3186     4655     4257     2910     1964    1434
         689     627      596      594      618      673      768      918     1136     1414     1642     1602     1263      865      567      378      260      186      138      105       82       66       54       45       39       33       29       26       23       21       19       18       17       16       15       15       14       14       14       14       14       14       15       15       16       17       18       19       21       23       25       29       33       38       44       53       64       80      101      132      177      247      357      535      820     1222     1607     1706     1494     1199      959     795
         850     646      532      469      438      431      447      487      559      673      842     1048     1184     1090      807      532      344      228      157      113       84       64       50       40       33       28       24       20       18       16       14       13       12       11       10       10        9        9        9        9        9        9        9        9        9        9       10       10       11       12       13       14       16       18       21       24       28       34       42       52       67       90      123      178      273      450      810     1561     2656     2803     1924    1229
         921     908      896      899      927      988     1096     1268     1524     1864     2198     2275     1921     1365      899      589      397      278      201      150      116       91       74       60       51       43       37       33       29       26       23       21       20       18       17       17       16       15       15       15       15       15       15       15       15       16       17       18       19       20       22       24       26       29       33       38       43       51       60       72       89      110      139      178      232      305      401      521      654      780      871     915
         568     560      572      609      681      806     1025     1421     2162     3394     4133     2943     1549      823      477      301      203      144      106       81       64       52       43       36       30       26       23       21       19       17       16       14       14       13       12       12       12       11       11       11       11       12       12       12       13       14       14       16       17       18       20       23       26       30       34       41       49       59       73       92      118      154      203      271      359      464      566      640      669      657      625     592
         557     498      456      431      424      435      465      522      617      768      996     1289     1484     1334      941      594      375      245      168      120       89       68       54       43       36       30       25       22       19       17       15       14       13       12       11       11       10       10        9        9        9        9        9        9       10       10       10       11       12       13       14       15       17       19       21       25       29       34       41       50       63       81      106      141      194      269      374      504      627      694      686     627
        1118    1216     1249     1238     1213     1192     1185     1193     1209     1218     1196     1119      982      808      631      479      360      271      206      160      125      100       81       67       56       48       41       36       32       28       25       23       21       20       18       17       16       16       15       15       15       14       14       15       15       15       16       16       17       18       19       21       22       24       27       30       34       39       45       53       63       76       94      117      148      191      250      332      444      592      770     958
         261     241      230      228      235      254      289      350      458      665     1110     2128     3301     2236      973      464      255      157      104       74       54       41       33       26       22       18       16       14       12       11       10        9        8        8        7        7        7        6        6        6        6        6        6        6        7        7        7        8        9        9       10       11       13       15       17       20       24       29       35       44       57       75      100      137      189      256      328      380      392      368      329     291
         395     353      328      316      317      331      363      418      507      650      872     1151     1304     1105      737      453      284      187      129       93       69       54       42       34       28       24       20       18       16       14       13       12       11       10        9        9        9        8        8        8        8        8        8        8        9        9        9       10       11       12       13       14       16       18       21       24       29       35       43       53       68       90      121      167      236      333      455      570      623      597      528     454
         408     427      444      463      488      523      570      630      700      763      791      750      642      503      374      273      200      149      113       87       69       55       45       38       32       27       24       21       19       17       15       14       13       12       11       11       10       10       10       10       10       10       10       10       10       10       11       11       12       13       14       15       17       18       21       23       26       31       36       42       50       61       74       92      114      142      177      217      262      307      349     382
         783     582      450      373      331      316      322      352      416      535      757     1132     1460     1190      663      348      196      120       79       55       40       30       23       18       15       12       10        9        8        7        6        5        5        4        4        4        4        3        3        3        3        3        3        3        3        3        3        4        4        4        4        5        5        6        7        8        9       11       13       16       19       25       32       43       59       86      131      212      362      620      916     974
         902     947      849      704      580      489      428      389      366      355      353      358      365      369      363      342      304      255      206      162      126       98       77       61       49       40       33       28       24       21       18       16       14       13       12       11       10        9        9        9        8        8        8        8        8        8        8        8        9        9        9       10       11       12       13       14       16       18       20       24       28       33       41       51       65       85      114      159      227      336      500     714
         414     488      559      624      683      739      795      850      895      911      874      776      636      490      365      268      198      148      113       87       69       55       45       37       31       27       23       20       18       16       14       13       12       11       10       10        9        9        9        8        8        8        8        8        8        8        9        9        9       10       10       11       12       13       15       16       18       21       24       27       32       38       45       55       67       84      105      133      170      216      273     340
         351     284      242      217      204      203      213      236      278      354      495      768     1248     1558     1083      551      287      165      104       70       49       37       28       22       18       15       12       10        9        8        7        6        6        5        5        5        4        4        4        4        4        4        4        4        4        4        4        5        5        5        6        6        7        8        9       11       12       15       18       22       28       36       49       68       97      146      227      356      515      606      560     449
         473     371      299      253      226      214      213      224      250      299      388      556      882     1389     1481      893      445      238      140       89       61       44       32       25       20       16       13       11        9        8        7        6        6        5        5        5        4        4        4        4        4        4        4        4        4        4        4        4        4        5        5        5        6        7        7        8       10       11       14       17       20       26       33       45       61       88      132      205      325      484      600     579
         446     303      226      182      157      143      138      139      149      168      202      262      376      609     1064     1407      942      451      229      130       82       55       39       29       22       18       14       12       10        8        7        6        6        5        5        4        4        4        4        4        3        3        3        3        3        3        4        4        4        4        4        5        5        6        7        8        9       10       12       15       19       24       32       44       62       94      151      266      501      866      978     700
         762     386      234      163      125      104       91       85       82       83       89       99      116      146      197      294      478      736      731      434      225      125       76       50       35       26       19       15       12       10        8        7        6        5        5        4        4        4        3        3        3        3        3        3        3        3        3        3        3        3        3        4        4        4        5        5        6        7        8       10       12       15       19       25       34       48       74      123      234      527     1251    1470
         263     212      177      153      138      130      126      128      136      150      173      212      276      385      564      782      814      577      339      200      125       83       58       43       33       25       20       17       14       12       10        9        8        7        7        6        6        5        5        5        5        5        5        5        5        5        5        5        5        6        6        7        7        8        9       11       12       14       17       21       26       33       43       57       79      113      167      245      338      400      390     329
         477     433      343      267      214      182      162      152      151      157      173      202      255      352      545      926     1339     1050      526      262      146       89       59       41       30       23       18       14       12       10        8        7        6        6        5        5        4        4        4        3        3        3        3        3        3        3        3        3        3        3        4        4        4        4        5        5        6        7        8       10       11       14       17       22       28       38       53       76      115      180      283     409
         148     121      101       88       80       74       72       71       73       78       85       98      117      147      195      270      377      465      432      304      191      121       80       55       40       30       24       19       15       13       11       10        8        7        7        6        6        5        5        5        5        4        4        4        4        5        5        5        5        5        6        6        7        8        8       10       11       13       16       19       23       30       39       53       73      103      147      201      247      255      226     184
         182     176      168      162      159      159      164      175      194      225      273      349      465      619      730      662      464      292      183      120       83       59       44       34       27       22       18       15       13       11       10        9        8        7        6        6        6        5        5        5        5        5        5        5        5        5        5        5        5        6        6        7        7        8        9       10       11       13       15       18       22       27       33       41       52       67       85      108      133      157      174     182
         135     142      151      160      173      191      218      259      321      419      569      759      866      736      491      301      188      123       85       61       45       35       27       22       18       15       13       11       10        9        8        7        6        6        5        5        5        5        5        4        4        4        4        4        5        5        5        5        5        6        6        7        7        8        9       10       11       13       15       18       21       25       30       36       44       53       64       77       90      103      115     126
         174     135      111       97       88       84       84       87       95      109      133      173      247      389      643      828      600      314      166       97       61       42       30       22       17       14       11        9        8        7        6        5        5        4        4        3        3        3        3        3        3        3        3        3        3        3        3        3        3        4        4        4        5        5        6        7        8       10       12       15       19       26       35       49       73      114      189      310      436      439      336     238
         115      97       84       75       69       66       65       66       69       74       83       97      118      150      198      265      330      339      271      185      121       81       56       41       31       24       19       15       13       11        9        8        7        6        6        5        5        5        4        4        4        4        4        4        4        4        4        5        5        5        6        6        7        7        8       10       11       13       16       20       25       32       43       58       81      113      155      197      216      204      173     141
         104      86       75       67       63       61       61       63       68       77       91      113      152      224      364      609      755      518      269      144       86       55       38       28       21       16       13       11        9        8        7        6        5        5        4        4        4        3        3        3        3        3        3        3        3        3        3        4        4        4        4        5        5        6        7        8        9       11       14       17       22       29       39       55       79      117      168      218      233      207      165     130
         135     106       88       78       71       68       68       70       76       86      103      131      179      271      445      680      657      385      201      113       69       46       32       24       18       14       11        9        8        7        6        5        5        4        4        4        3        3        3        3        3        3        3        3        3        3        3        3        3        4        4        4        5        6        6        7        9       10       13       16       21       28       38       55       85      138      234      375      454      380      264     184
          54      50       46       44       43       43       44       47       52       60       72       92      127      193      328      578      703      442      218      116       69       44       31       22       17       13       11        9        7        6        5        5        4        4        3        3        3        3        3        3        3        3        3        3        3        3        3        3        3        3        4        4        5        5        6        7        8        9       11       14       17       22       28       35       45       56       67       74       76       73       67      60
         192     175      150      127      110       99       91       88       88       92      100      115      139      180      250      366      512      535      375      217      126       78       51       36       26       20       15       12       10        8        7        6        5        5        4        4        3        3        3        3        3        3        2        2        2        2        2        3        3        3        3        3        3        4        4        5        5        6        7        8       10       12       14       18       24       31       43       59       84      118      157     187
