SWAN 1
LOCATIONS
     1
     -67.28  18.38
AFREQ
     56
     0.0300
     0.0400
     0.0500
     0.0600
     0.0700
     0.0800
     0.0900
     0.1000
     0.1100
     0.1200
     0.1300
     0.1400
     0.1500
     0.1600
     0.1700
     0.1800
     0.1900
     0.2000
     0.2100
     0.2200
     0.2300
     0.2400
     0.2500
     0.2600
     0.2700
     0.2800
     0.2900
     0.3000
     0.3100
     0.3200
     0.3300
     0.3400
     0.3500
     0.3600
     0.3700
     0.3800
     0.3900
     0.4000
     0.4100
     0.4200
     0.4300
     0.4400
     0.4500
     0.4600
     0.4700
     0.4800
     0.4900
     0.5000
     0.5100
     0.5200
     0.5300
     0.5400
     0.5500
     0.5600
     0.5700
     0.5800
NDIR
     72
     5.0000
     10.0000
     15.0000
     20.0000
     25.0000
     30.0000
     35.0000
     40.0000
     45.0000
     50.0000
     55.0000
     60.0000
     65.0000
     70.0000
     75.0000
     80.0000
     85.0000
     90.0000
     95.0000
     100.0000
     105.0000
     110.0000
     115.0000
     120.0000
     125.0000
     130.0000
     135.0000
     140.0000
     145.0000
     150.0000
     155.0000
     160.0000
     165.0000
     170.0000
     175.0000
     180.0000
     185.0000
     190.0000
     195.0000
     200.0000
     205.0000
     210.0000
     215.0000
     220.0000
     225.0000
     230.0000
     235.0000
     240.0000
     245.0000
     250.0000
     255.0000
     260.0000
     265.0000
     270.0000
     275.0000
     280.0000
     285.0000
     290.0000
     295.0000
     300.0000
     305.0000
     310.0000
     315.0000
     320.0000
     325.0000
     330.0000
     335.0000
     340.0000
     345.0000
     350.0000
     355.0000
     360.0000
QUANT
     1
VaDens
m2/Hz/degr
     -999.000000
FACTOR
     1.00000E-06
         265     231      177      131       98       76       61       50       43       38       34       31       29       28       28       27       28       28       30       31       34       37       41       45       50       56       60       64       64       62       56       50       43       36       31       26       22       19       17       15       13       12       11       10        9        9        8        8        8        8        8        8        8        8        9        9       10       11       12       13       15       17       21       25       30       38       50       68       94      135      191     247
         280     246      221      202      188      177      170      165      162      162      163      165      169      175      181      188      195      201      206      209      209      205      197      187      175      161      148      135      123      112      102       94       87       80       75       71       68       65       63       61       60       60       60       61       63       65       68       71       76       82       90      100      112      128      149      176      212      262      331      428      563      743      955     1140     1203     1110      928      741      588      472      388     326
        6962    5145     3839     2925     2281     1819     1481     1228     1036      886      768      674      598      536      484      441      406      375      350      328      310      295      282      271      261      254      248      243      239      237      236      236      236      238      241      245      250      256      263      271      281      293      306      321      338      357      379      405      434      467      506      551      603      665      738      825      931     1061     1223     1427     1690     2034     2494     3123     3999     5229     6926     9078    11229    12279    11410    9243
       94043   33834    16113     9191     5872     4053     2958     2254     1777     1441     1196     1013      874      766      681      613      559      515      480      451      429      411      397      387      380      377      376      379      384      392      403      418      436      458      485      516      553      597      647      705      772      848      935     1031     1137     1251     1373     1499     1626     1751     1871     1985     2093     2196     2298     2405     2523     2662     2832     3047     3328     3701     4212     4929     5974     7577    10207    14963    24909    50949   137936  227203
     1528580  332164    80338    34806    19261    12198     8423     6180     4746     3777     3094     2597     2225     1941     1721     1548     1411     1302     1214     1144     1089     1047     1015      992      978      971      973      981      996     1018     1048     1085     1130     1184     1246     1317     1397     1486     1583     1689     1801     1918     2037     2156     2271     2380     2480     2570     2649     2720     2784     2845     2908     2978     3059     3160     3286     3447     3654     3921     4270     4729     5342     6180     7357     9074    11712    16065    24027    41139    90053  354293
     1474930  310264    63923    26838    14747     9354     6496     4806     3727     2999     2486     2113     1835     1624     1461     1335     1236     1159     1100     1056     1024     1004      993      991      999     1015     1040     1074     1117     1171     1235     1309     1395     1492     1599     1715     1835     1957     2074     2178     2265     2327     2362     2370     2352     2315     2264     2207     2148     2093     2046     2009     1987     1980     1991     2023     2078     2161     2279     2439     2654     2943     3333     3869     4625     5730     7428    10223    15314    26150    56545  217181
      722656  108536    33132    15492     8839     5665     3921     2868     2189     1727     1401     1163      984      848      742      659      592      539      495      460      432      409      390      376      365      358      353      351      351      354      360      368      379      393      410      430      455      484      518      557      602      654      713      780      855      939     1031     1132     1240     1353     1472     1593     1716     1841     1968     2100     2240     2394     2570     2779     3036     3362     3790     4369     5182     6373     8226    11345    17244    30704    74298  386971
      385233  372561   106202    40032    19935    11637     7508     5190     3774     2855     2228     1785     1462     1221     1037      893      781      691      618      559      511      471      438      412      389      371      357      346      337      331      328      327      327      331      336      344      354      367      383      402      425      451      483      520      563      614      673      742      822      915     1024     1150     1295     1464     1658     1881     2136     2429     2766     3155     3610     4152     4811     5638     6714     8177    10276    13493    18870    29016    52039  122586
       88738   34768    17516    10288     6664     4617     3361     2542     1982     1584     1294     1076      909      780      677      595      529      475      430      394      363      338      316      299      284      272      263      255      249      245      243      242      242      244      248      253      260      268      279      292      307      324      345      369      397      430      469      513      565      626      698      781      880      997     1135     1301     1499     1740     2034     2400     2862     3459     4253     5348     6929     9354    13388    20907    37500    84777   236336  257298
       20038    9820     5698     3671     2541     1853     1407     1103      888      731      613      524      454      399      355      319      290      267      248      232      219      208      200      193      188      184      182      181      181      183      186      190      195      202      210      220      232      246      263      282      304      330      360      394      433      478      529      587      653      727      809      901     1003     1117     1243     1385     1547     1734     1957     2229     2574     3027     3648     4544     5920     8217    12524    22172    51219   168647   196068   55301
       29806   14250     7652     4558     2938     2011     1443     1075      827      653      527      435      365      311      269      236      209      188      171      156      145      135      128      122      117      113      110      108      107      107      108      110      112      116      120      126      133      142      152      165      181      200      224      253      289      333      390      462      554      674      832     1041     1319     1688     2174     2800     3570     4457     5389     6272     7043     7710     8360     9140    10252    12002    14947    20267    30717    51718    76713   61293
        8340    5356     3601     2529     1846     1392     1080      858      696      575      484      412      357      312      277      248      224      205      189      176      165      156      149      143      138      135      132      131      130      130      132      134      137      141      146      153      161      170      182      195      211      230      252      279      310      347      391      443      506      580      669      775      900     1048     1222     1427     1668     1951     2287     2692     3191     3823     4656     5801     7448     9927    13748    19350    25425    26676    20719   13388
       10543    5072     2889     1848     1281      941      724      576      473      397      341      298      265      239      218      202      189      179      171      165      161      158      157      157      159      161      165      171      178      186      196      208      222      238      257      277      300      324      350      376      402      427      449      467      481      491      497      500      500      500      499      500      504      510      522      539      563      596      640      701      782      894     1051     1278     1620     2166     3117     4970     9223    20592    37856   25453
        4021    2254     1425      978      712      543      429      349      291      247      215      189      169      154      141      132      124      118      113      110      107      106      106      106      108      110      114      119      125      133      142      153      166      182      202      225      252      284      321      363      410      460      511      559      601      633      653      661      660      652      640      629      619      614      616      624      643      673      718      783      876     1010     1207     1506     1991     2843     4538     8589    20485    39404    23058    8633
       10162    6516     3725     2251     1473     1032      764      590      473      390      330      285      251      225      205      190      178      169      162      158      155      154      155      158      162      168      177      188      202      220      242      269      303      346      399      465      544      638      742      849      943     1005     1021      990      924      841      755      675      606      549      503      466      439      419      407      401      401      408      422      445      478      525      590      681      810     1000     1289     1756     2560     4044     6776   10255
        2293    2160     1923     1645     1375     1140      946      791      669      572      496      435      387      348      316      291      270      254      240      230      222      216      212      209      209      210      212      216      222      229      238      249      262      277      294      313      334      357      382      407      434      460      484      506      525      541      552      560      564      566      567      567      568      570      575      583      595      612      636      667      707      758      824      906     1009     1138     1297     1488     1709     1942     2153    2287
        2513    2331     1785     1252      871      623      461      353      280      227      189      161      140      124      111      101       93       87       82       79       76       74       74       73       74       75       78       81       85       90       97      105      115      128      144      163      187      216      252      294      342      394      445      486      511      515      500      470      434      396      362      332      307      288      273      262      256      254      256      262      274      291      316      351      399      467      563      702      908     1216     1657    2180
        1429     925      625      444      330      255      204      168      141      121      106       95       86       79       74       70       66       64       63       62       62       63       64       66       69       73       78       84       92      102      115      131      151      177      211      253      307      372      445      518      576      601      588      544      485      425      371      326      290      262      240      224      212      205      201      201      205      212      224      242      268      303      354      426      534      698      960     1388     2043     2757     2862    2184
         568     495      429      373      326      286      253      226      204      185      170      157      146      138      131      125      121      117      115      113      113      113      114      115      118      121      126      131      138      145      154      165      176      190      204      221      239      258      278      298      318      337      355      370      383      393      401      407      411      415      419      424      430      438      450      464      483      506      535      569      610      656      707      760      811      853      877      877      850      797      726     647
         390     436      485      529      558      558      526      468      398      329      269      220      181      150      126      108       93       81       72       65       59       54       50       47       44       42       40       39       39       38       38       38       39       40       41       43       45       48       51       56       61       67       74       83       94      107      123      142      163      188      214      241      266      286      300      305      304      297      286      275      265      255      248      244      243      245      251      260      274      294      319     351
         976    1264     1297     1027      709      479      334      243      184      145      117       97       83       72       63       57       52       48       45       43       41       40       39       39       39       39       40       41       43       45       47       50       54       58       63       68       74       81       87       94      100      104      107      109      108      106      103       99       95       90       86       83       80       78       76       75       75       76       78       81       86       92      100      110      125      144      171      209      265      349      479     684
         793     643      481      352      259      194      150      118       95       79       66       56       49       43       39       35       32       30       28       26       25       24       23       23       23       22       23       23       23       24       25       26       28       29       31       34       37       41       45       50       55       62       69       78       87       97      107      117      125      133      139      143      146      147      148      149      151      154      158      164      172      184      201      223      254      296      354      434      541      672      799     857
         228     277      334      387      416      405      356      292      232      182      144      116       95       79       67       58       51       45       41       37       34       32       30       29       28       27       27       26       26       27       27       28       29       30       31       33       35       38       41       44       47       51       55       59       63       66       70       72       74       74       74       74       73       71       70       69       68       67       67       67       68       69       72       75       79       85       93      103      117      134      157     188
          80      86       93      101      109      118      127      134      140      142      141      136      128      119      109       98       89       80       73       66       61       56       52       49       46       44       43       42       41       41       41       41       42       43       45       47       50       53       56       61       66       72       79       86       94      102      109      115      119      120      119      116      111      105       99       93       87       81       77       73       69       67       65       63       63       62       63       64       66       68       71      75
          69      76       86       96      107      119      129      137      140      139      132      123      112      100       89       79       71       64       58       53       49       46       43       41       39       38       37       37       37       37       37       38       39       40       42       44       46       48       51       54       56       59       61       62       63       63       62       61       59       57       54       51       49       47       44       43       41       40       39       38       38       38       38       39       40       41       43       45       48       52       57      62
         139     155      172      189      202      210      210      202      188      170      151      133      116      102       90       80       72       65       60       55       52       49       46       45       43       42       42       41       42       42       43       44       45       47       49       51       54       57       60       63       67       70       73       75       77       79       79       79       78       77       75       73       71       69       67       65       64       63       63       63       63       64       65       68       71       74       79       85       92      101      112     124
          53      65       81      101      122      137      140      129      109       88       70       57       46       38       32       28       25       22       20       19       17       17       16       16       15       15       16       16       17       17       19       20       22       24       27       30       34       38       43       48       53       56       57       56       52       48       43       38       34       30       27       24       22       20       19       18       17       16       16       16       16       16       17       18       19       20       22       24       27       31       36      43
          39      43       48       54       62       72       83       94      105      112      113      108       99       86       74       63       53       46       39       34       30       27       25       23       21       20       19       18       17       17       17       17       17       18       18       19       20       21       22       24       26       28       30       33       36       39       41       44       46       47       47       46       45       43       40       38       36       34       32       30       29       28       27       27       27       27       27       28       29       31       33      35
          76      85       92       95       93       86       77       67       57       49       42       36       31       27       24       22       20       19       17       16       16       15       15       15       15       15       15       15       16       16       17       18       20       21       23       25       27       30       33       36       38       40       42       43       42       41       40       38       36       34       32       30       28       27       26       25       24       24       24       24       25       25       27       28       30       33       36       40       45       51       58      67
          50      58       65       73       80       86       89       89       86       80       74       68       62       56       51       47       44       41       39       37       36       35       34       34       34       35       35       36       37       38       40       41       42       43       44       44       44       43       41       39       37       35       32       30       28       26       24       22       21       20       19       18       17       17       16       16       16       16       16       17       17       18       19       20       21       23       25       28       31       34       39      44
          24      29       34       40       47       53       59       62       61       58       53       48       42       37       33       30       27       25       24       22       21       21       21       21       21       22       23       24       25       27       30       32       35       39       42       44       45       45       43       39       36       31       27       24       21       18       16       14       13       12       11       10        9        9        8        8        8        8        8        8        8        8        9        9       10       10       11       13       14       16       18      21
          26      30       34       39       45       50       53       55       54       51       48       43       39       35       32       29       27       25       24       23       22       21       21       21       21       21       22       22       23       24       26       27       28       29       30       30       30       29       28       26       24       22       20       18       17       15       14       13       12       11       10       10        9        9        9        8        8        8        8        8        9        9        9       10       11       11       12       14       15       17       19      22
          40      50       62       76       88       94       93       85       75       65       56       48       42       38       34       31       29       28       27       26       26       25       25       25       25       25       25       25       24       23       22       21       19       18       16       15       13       12       11       10        9        8        7        7        6        6        6        5        5        5        5        5        5        5        5        5        5        5        6        6        6        7        8        9       10       11       13       15       17       21       26      32
          16      19       24       31       42       57       77      100      115      113       95       74       57       44       35       29       24       21       18       16       15       14       13       13       13       13       13       13       13       14       15       16       17       18       19       20       21       21       21       21       20       18       17       15       13       12       10        9        8        8        7        6        6        6        5        5        5        5        5        5        5        5        5        5        6        6        7        7        8        9       11      13
          23      29       39       52       70       93      112      119      110       92       74       59       48       40       34       30       27       25       23       22       22       22       22       22       23       24       25       26       27       28       29       28       28       26       24       22       19       17       14       12       11       10        8        7        7        6        5        5        5        4        4        4        4        4        4        4        4        4        4        4        4        5        5        5        6        7        8        9       10       12       14      18
          21      31       47       75      119      158      145      102       68       46       33       26       21       17       15       13       12       11       11       10       10       10       11       11       12       13       15       17       19       21       24       26       27       26       24       21       18       15       12       10        8        7        6        5        4        4        3        3        3        3        2        2        2        2        2        2        2        2        2        2        3        3        3        3        4        4        5        6        7        9       12      15
          22      29       39       55       80      112      141      142      116       84       61       45       34       27       22       19       16       14       13       12       11       11       10       10       10       10       10       11       11       12       12       13       14       15       16       16       17       17       17       16       15       14       13       12       11       10        9        8        7        7        6        6        5        5        5        5        5        5        5        5        5        5        5        6        6        7        8        9       10       12       14      17
          13      18       25       38       57       82       97       85       62       43       30       22       17       14       12       10        9        8        7        7        7        7        7        7        7        7        8        8        9       10       11       13       14       16       17       17       17       15       14       12       10        8        7        6        5        4        4        3        3        3        3        2        2        2        2        2        2        2        2        2        2        2        2        3        3        3        4        4        5        6        8      10
          16      21       28       39       56       77       96      100       86       66       49       37       29       23       20       17       15       13       12       11       11       10       10       10       10       10       11       11       11       12       12       13       13       13       13       12       12       11       10        9        8        7        6        6        5        5        4        4        4        3        3        3        3        3        3        3        3        3        3        3        3        3        3        4        4        5        5        6        7        8       10      12
          22      29       39       52       68       81       85       77       64       51       40       32       27       23       20       18       16       15       14       13       13       13       13       13       14       14       15       15       16       16       17       17       16       16       15       14       12       11       10        9        8        7        6        5        5        4        4        4        4        3        3        3        3        3        3        3        3        3        3        3        4        4        4        5        5        6        7        8        9       11       13      17
           9      10       11       12       14       17       19       23       26       30       34       37       39       39       37       34       31       27       24       21       19       17       15       14       13       12       11       10       10        9        9        9        8        8        8        8        8        7        7        7        7        7        7        6        6        6        6        6        5        5        5        5        5        5        5        4        4        4        4        4        4        4        5        5        5        5        5        6        6        6        7       8
           4       5        6        7        9       12       16       21       30       42       58       71       71       59       45       33       25       19       16       13       11       10        9        8        7        7        7        7        7        7        7        7        7        8        8        9       10       10       11       11       12       11       11       10        9        8        7        6        6        5        4        4        3        3        3        3        2        2        2        2        2        2        2        2        2        2        2        3        3        3        3       4
           6       7        9       11       15       20       28       40       56       72       79       72       57       44       33       26       21       18       15       13       12       11       10       10        9        9        9        9        9       10       10       10       10       11       11       10       10        9        9        8        7        6        6        5        4        4        4        3        3        3        2        2        2        2        2        2        2        2        2        2        2        2        2        2        2        2        3        3        3        4        4       5
           5       6        8       12       17       24       33       38       36       29       22       16       13       10        8        7        6        6        5        5        5        5        5        5        5        6        6        7        8       10       12       15       18       21       22       21       18       14       11        8        6        5        4        3        2        2        2        1        1        1        1        1        1        1        1        1        1        1        1        1        1        1        1        1        1        1        1        2        2        2        3       4
           9      12       14       18       21       24       25       26       25       23       21       20       18       17       16       15       15       15       15       16       17       18       19       21       23       25       26       26       24       21       18       15       12       10        8        6        5        4        4        3        3        2        2        2        2        1        1        1        1        1        1        1        1        1        1        1        1        1        1        1        1        2        2        2        2        3        3        4        4        5        6       8
           6       8       11       15       19       23       25       24       20       17       14       12       10        9        8        8        7        7        7        8        8        9       10       12       14       17       21       24       26       24       20       15       11        8        6        5        3        3        2        2        1        1        1        1        1        1        1        0        0        0        0        0        0        0        0        0        0        0        0        0        1        1        1        1        1        1        1        2        2        3        3       4
          10      13       16       20       24       26       25       24       21       18       16       14       13       12       11       10       10       10       10       11       11       12       13       14       16       17       19       19       19       17       15       12       10        8        7        5        4        4        3        3        2        2        2        1        1        1        1        1        1        1        1        1        1        1        1        1        1        1        1        1        1        1        2        2        2        2        3        3        4        5        6       8
           7      10       14       18       20       19       16       13       10        8        6        5        5        4        4        3        3        3        3        3        3        3        4        4        4        5        6        7        7        8        9        9        8        7        6        5        4        3        2        2        2        1        1        1        1        1        1        0        0        0        0        0        0        0        0        0        0        0        0        0        1        1        1        1        1        1        1        2        2        3        4       5
          10      15       21       26       26       22       17       13       10        8        6        5        5        4        4        4        4        4        4        4        4        4        4        4        4        4        4        4        4        3        3        2        2        2        1        1        1        1        1        1        0        0        0        0        0        0        0        0        0        0        0        0        0        0        0        0        0        0        0        0        0        0        1        1        1        1        2        2        3        4        5       7
           2       2        2        3        4        5        6        7        9       12       15       18       19       19       18       15       13       11        9        8        7        6        6        5        5        5        4        4        4        4        4        4        4        4        4        4        3        3        3        3        3        2        2        2        2        2        1        1        1        1        1        1        1        1        1        1        1        1        1        1        1        1        1        1        1        1        1        1        1        1        1       1
           1       1        1        2        2        3        4        5        6        7        7        8        8        7        6        6        5        4        4        4        3        3        3        3        3        3        3        4        4        4        4        5        5        5        5        5        4        4        3        3        2        2        1        1        1        1        1        1        0        0        0        0        0        0        0        0        0        0        0        0        0        0        0        0        0        0        0        0        0        0        1       1
           4       5        6        6        7        8        9        9       10       10       10       10       10        9        9        9        9        8        8        8        8        8        8        7        7        7        7        7        6        6        5        5        4        4        4        3        3        3        2        2        2        2        1        1        1        1        1        1        1        1        1        1        1        1        1        1        1        1        1        1        1        1        1        1        1        2        2        2        2        3        3       4
           2       2        3        3        3        3        4        4        4        5        5        6        7        8        8        9       10       11       12       12       12       12       11        9        8        7        6        5        5        4        4        3        3        2        2        2        2        2        2        1        1        1        1        1        1        1        1        1        1        1        1        1        1        1        1        1        1        1        1        1        1        1        1        1        1        2        2        2        2        2        2       2
           1       2        2        2        3        3        4        5        6        8       10       12       14       16       16       16       14       13       11        9        8        7        6        6        5        5        4        4        4        3        3        3        3        3        2        2        2        2        2        2        1        1        1        1        1        1        1        1        1        1        1        1        0        0        0        0        0        0        0        0        0        0        0        0        1        1        1        1        1        1        1       1
           2       2        2        3        4        6        8       11       16       22       28       31       29       24       20       16       13       11       10        9        8        8        8        7        7        7        7        7        7        7        7        6        5        5        4        3        3        2        2        2        1        1        1        1        1        0        0        0        0        0        0        0        0        0        0        0        0        0        0        0        0        0        0        0        0        0        0        1        1        1        1       1
           1       2        2        3        4        5        7        9       10       11       11       10        9        8        7        6        6        5        5        5        5        5        5        5        5        6        6        7        7        7        7        7        6        5        4        3        3        2        2        1        1        1        1        1        0        0        0        0        0        0        0        0        0        0        0        0        0        0        0        0        0        0        0        0        0        0        0        0        1        1        1       1
