SWAN 1
LOCATIONS
     1
     681726.07 2033118.57
AFREQ
     56
     0.0300
     0.0400
     0.0500
     0.0600
     0.0700
     0.0800
     0.0900
     0.1000
     0.1100
     0.1200
     0.1300
     0.1400
     0.1500
     0.1600
     0.1700
     0.1800
     0.1900
     0.2000
     0.2100
     0.2200
     0.2300
     0.2400
     0.2500
     0.2600
     0.2700
     0.2800
     0.2900
     0.3000
     0.3100
     0.3200
     0.3300
     0.3400
     0.3500
     0.3600
     0.3700
     0.3800
     0.3900
     0.4000
     0.4100
     0.4200
     0.4300
     0.4400
     0.4500
     0.4600
     0.4700
     0.4800
     0.4900
     0.5000
     0.5100
     0.5200
     0.5300
     0.5400
     0.5500
     0.5600
     0.5700
     0.5800
NDIR
     72
     5.0000
     10.0000
     15.0000
     20.0000
     25.0000
     30.0000
     35.0000
     40.0000
     45.0000
     50.0000
     55.0000
     60.0000
     65.0000
     70.0000
     75.0000
     80.0000
     85.0000
     90.0000
     95.0000
     100.0000
     105.0000
     110.0000
     115.0000
     120.0000
     125.0000
     130.0000
     135.0000
     140.0000
     145.0000
     150.0000
     155.0000
     160.0000
     165.0000
     170.0000
     175.0000
     180.0000
     185.0000
     190.0000
     195.0000
     200.0000
     205.0000
     210.0000
     215.0000
     220.0000
     225.0000
     230.0000
     235.0000
     240.0000
     245.0000
     250.0000
     255.0000
     260.0000
     265.0000
     270.0000
     275.0000
     280.0000
     285.0000
     290.0000
     295.0000
     300.0000
     305.0000
     310.0000
     315.0000
     320.0000
     325.0000
     330.0000
     335.0000
     340.0000
     345.0000
     350.0000
     355.0000
     360.0000
QUANT
     1
VaDens
m2/Hz/degr
     -999.000000
FACTOR
     1.00000E-06
           5       5        4        4        3        3        3        2        2        2        2        2        2        2        2        2        2        2        2        2        2        2        2        2        2        3        3        3        3        2        2        2        2        2        2        2        2        2        2        2        2        2        2        2        2        2        2        2        2        2        2        2        2        3        3        3        4        5        5        6        7        9       10       12       13       13       13       11       10        9        7       6
          42      49       57       64       69       69       64       56       47       38       31       26       21       18       15       13       11       10        9        8        7        7        6        6        6        6        5        5        5        5        5        6        6        6        6        6        7        7        8        8        9       10       11       11       12       13       14       15       15       16       16       16       16       16       16       16       16       15       15       15       15       16       16       17       18       19       20       22       24       27       31      36
         107      89       73       59       48       40       34       29       25       22       19       18       16       15       14       13       12       12       12       11       11       11       11       11       12       12       12       12       13       13       14       15       15       16       17       17       18       18       19       19       19       19       19       19       19       19       19       19       19       19       19       19       20       20       21       22       23       25       27       30       33       37       43       50       59       71       85      101      118      129      131     123
         189     210      220      214      194      167      139      115       95       80       67       58       50       44       40       36       33       31       29       27       26       26       25       25       25       25       25       25       26       27       28       29       30       32       34       35       37       39       40       42       43       43       44       44       43       42       41       40       39       38       37       37       36       35       35       35       36       36       38       39       41       44       47       51       57       63       72       83       97      115      137     162
        1503    1728     1778     1569     1211      869      613      438      321      241      186      147      119       98       82       70       61       53       47       43       39       36       33       31       30       28       27       26       26       26       26       26       26       27       28       29       30       32       34       37       40       44       49       54       62       71       82       95      113      135      162      196      237      287      343      402      458      505      538      556      562      562      561      564      573      593      628      682      761      874     1034    1248
        1991    1255      856      617      464      362      290      237      199      169      147      129      115      103       94       86       80       75       71       68       66       64       62       61       61       61       62       63       64       66       69       72       76       80       86       92      100      109      119      131      146      162      182      204      230      259      292      327      366      408      451      496      543      591      643      701      767      847      947     1080     1262     1525     1925     2583     3782     6340    13409    41098    69570    22939     7627    3544
       12503    7668     4975     3382     2392     1750     1317     1017      803      646      530      441      373      320      278      244      217      195      177      162      150      140      131      124      119      115      111      109      107      107      107      108      109      112      116      120      126      133      142      152      165      180      199      222      250      285      328      383      453      543      661      817     1029     1321     1732     2322     3187     4484     6468     9542    14331    21719    32844    49112    72587   106665   151899   180533   143249    80051    40825   21792
       40128   31150    22316    15261    10309     7037     4907     3511     2578     1941     1496     1177      945      772      641      541      462      400      351      311      279      253      231      213      199      187      177      169      163      158      155      152      152      152      153      156      159      165      171      180      190      203      219      238      261      289      324      367      421      488      575      687      834     1031     1299     1674     2211     3002     4207     6103     9193    14361    22990    36372    52943    65632    68673    65010    59965    55747    52004   47228
       66077   60605    40076    22157    12154     7054     4366     2861     1968     1409     1045      797      624      499      408      339      286      245      213      187      167      150      136      125      116      109      103       98       94       91       89       87       86       86       87       88       90       93       97      101      107      114      123      134      147      163      183      207      238      277      327      392      479      596      758      987     1324     1835     2645     3995     6377    10845    19595    35861    57171    66572    59595    50249    45078    44616    48831   57546
      123530  265370   117779    29835    11073     5250     2886     1751     1141      785      563      419      321      252      203      166      139      117      101       88       78       69       62       57       52       49       46       43       41       40       39       38       37       37       37       37       38       39       40       42       44       47       50       54       59       65       73       82       93      107      126      149      180      221      278      356      470      638      900     1327     2069     3464     6372    13249    31207    67063    79023    57095    42192    37580    41369   59061
       13365   17794    28003    51870    73345    41902    16548     7510     3988     2371     1529     1047      752      561      431      341      276      227      191      163      141      124      110       99       90       83       77       72       68       65       62       61       59       59       58       58       59       60       62       64       67       71       76       81       88       97      107      120      137      157      183      217      262      322      405      522      693      952     1367     2071     3363     5980    11922    25915    45801    42862    27311    18040    13583    11545    10919   11438
        5835    7107     9800    16140    34325    70195    44513    14752     6095     3108     1814     1160      792      569      425      328      260      211      175      147      126      110       97       87       78       71       66       62       58       55       53       51       50       49       49       49       49       50       51       53       55       58       62       67       72       79       88       98      112      128      150      178      215      265      335      433      580      805     1171     1808     3007     5491    10955    20577    24766    18010    11639     8189     6416     5531     5190    5277
       24570   37999    68764    91921    49755    19327     8686     4564     2683     1710     1158      822      607      462      362      290      237      197      167      143      125      110       98       89       81       74       69       65       61       59       56       55       54       53       53       53       53       54       56       58       60       63       67       72       78       85       94      105      118      135      156      182      217      262      322      403      517      679      917     1276     1835     2731     4186     6486     9735    13233    15501    15974    15586    15442    16257   18772
       13525   17112    24673    38916    48965    32534    15065     7252     3924     2344     1510     1031      737      547      419      330      265      218      182      155      134      117      103       93       84       77       71       66       62       59       57       55       54       53       52       52       52       53       55       56       59       61       65       70       75       82       90      100      112      128      148      173      205      248      306      385      496      656      897     1273     1889     2948     4859     8344    13988    19726    20792    17794    14591    12572    11734   11986
        7880   10359    14869    21936    25946    18955    10205     5414     3105     1928     1279      893      651      492      382      305      248      206      174      150      130      115      103       93       85       78       73       68       65       62       60       58       57       57       56       57       57       59       61       63       66       70       75       80       87       96      106      119      136      156      182      215      259      316      393      499      646      857     1160     1600     2230     3083     4105     5080     5710     5880     5741     5525     5399     5461     5794    6521
        3813    5357     8376    14740    25013    24578    13059     6312     3413     2058     1349      941      689      524      411      332      273      230      197      171      151      135      122      111      103       96       91       86       83       80       79       78       77       77       78       80       82       85       89       93       99      106      115      126      139      154      173      197      226      262      306      361      429      512      613      731      864     1005     1143     1265     1363     1432     1476     1506     1533     1570     1627     1720     1862     2081     2416    2943
       11722   15259    19316    20678    16602    10661     6395     3920     2519     1699     1197      875      660      512      406      329      272      229      195      169      148      131      117      106       97       90       84       79       75       72       69       67       66       65       65       65       66       67       69       71       75       78       83       89       96      104      115      127      142      161      184      213      250      296      356      432      533      665      839     1068     1367     1749     2221     2772     3376     3994     4599     5199     5846     6635     7715    9305
        2634    3596     5567     9866    15966    13045     6043     2803     1491      888      574      395      286      214      166      132      108       89       76       65       57       50       45       41       37       34       32       30       29       28       27       26       26       26       26       26       26       27       28       29       31       33       35       38       42       46       52       59       68       79       93      111      135      168      212      274      361      485      660      902     1211     1546     1820     1952     1938     1844     1741     1669     1651     1703     1845    2124
        1491    1754     2196     2948     4219     6010     6937     5382     3200     1832     1107      714      488      350      261      201      159      129      107       90       78       67       60       53       48       44       41       38       36       34       33       32       31       31       31       31       31       32       33       34       36       38       40       44       48       52       58       66       75       87      102      121      147      181      228      293      383      511      690      931     1225     1521     1726     1778     1699     1562     1426     1320     1255     1233     1257    1337
        1451    1595     1820     2165     2687     3443     4362     4959     4528     3316     2172     1403      932      645      464      345      265      209      168      139      116       99       86       75       67       60       55       50       47       44       41       39       38       37       36       36       35       36       36       37       38       39       41       43       46       49       54       59       65       72       82       93      108      126      149      179      218      267      332      414      519      645      789      938     1073     1176     1239     1270     1282     1292     1315    1363
        1642    1886     2264     2835     3613     4356     4395     3468     2308     1462      943      632      442      321      241      186      148      120       99       83       71       61       54       48       43       39       36       33       31       30       28       27       26       26       25       25       25       26       26       27       28       29       31       32       35       38       41       45       51       57       65       75       88      104      125      151      187      234      295      377      483      616      771      934     1084     1197     1267     1303     1323     1350     1400    1490
         904     973     1122     1405     1945     3013     4868     5750     3673     1788      918      524      327      218      154      113       86       67       54       44       37       32       27       24       21       19       17       16       15       14       13       12       12       12       11       11       11       11       11       12       12       12       13       14       15       16       18       19       22       24       28       32       38       45       55       69       87      114      152      210      299      441      666      993     1369     1609     1582     1389     1183     1029      934     894
         928     929      981     1101     1324     1732     2503     3936     5669     5100     2847     1444      793      478      310      214      154      116       90       71       58       48       41       35       30       27       24       22       20       18       17       16       15       15       14       14       14       13       14       14       14       14       15       16       16       17       19       20       22       25       28       32       37       43       51       62       76       95      122      161      217      301      429      620      885     1186     1410     1454     1348     1195     1063     973
        1600    1784     2213     3164     5553    12276    16995     7188     2548     1149      616      371      242      167      121       91       70       56       45       37       32       27       23       21       18       17       15       14       13       12       11       11       10       10       10       10       10       10       10       10       11       11       12       12       13       14       16       17       19       22       25       28       33       40       48       59       75       97      129      177      252      374      583      945     1544     2318     2813     2685     2260     1890     1662    1568
        3411    3599     3914     4498     5451     6543     6616     4888     2867     1597      925      569      370      252      180      132      100       78       62       50       42       35       30       26       23       20       18       16       15       14       13       12       11       11       10       10       10       10       10       10       10       10       10       11       11       12       13       14       15       16       18       20       22       26       30       35       41       49       61       76       96      125      167      228      321      465      690     1038     1542     2169     2770    3183
        1118    1139     1219     1373     1631     2019     2487     2744     2407     1683     1059      662      429      290      205      150      113       88       70       57       47       40       34       29       26       23       21       19       17       16       15       14       14       13       13       12       12       12       12       12       13       13       13       14       15       16       17       19       20       23       25       29       33       39       46       55       67       83      105      136      179      243      337      472      662      898     1133     1290     1327     1278     1202    1142
        1796    1732     1704     1717     1763     1817     1827     1730     1498     1185      878      631      451      326      240      181      139      109       87       71       59       50       42       37       32       28       25       23       21       19       18       17       16       15       15       14       14       14       14       14       14       14       15       15       16       17       18       19       21       23       25       28       32       37       42       49       59       71       87      109      139      181      240      327      454      638      895     1218     1551     1796     1891    1867
        1258    1240     1298     1450     1728     2154     2615     2663     2039     1273      754      460      295      199      140      102       77       60       48       39       32       27       23       20       17       15       14       12       11       11       10        9        9        9        8        8        8        8        8        8        8        8        9        9       10       10       11       12       13       14       16       18       21       24       28       34       41       51       64       83      110      150      211      306      458      694     1027     1385     1606     1605     1477    1343
         562     614      705      863     1150     1704     2824     4423     4072     2126     1017      540      319      205      139      100       74       57       45       36       30       25       21       19       16       14       13       12       11       10        9        9        8        8        8        8        8        8        8        8        8        8        8        9        9       10       11       12       13       14       16       18       20       24       28       33       40       49       61       77       98      127      166      215      276      343      406      456      488      505      517     533
        1343    1654     1902     2051     2095     2046     1911     1696     1421     1127      855      631      462      338      251      188      144      112       89       71       58       48       41       34       30       26       23       20       18       17       15       14       13       12       12       11       11       10       10       10       10       10       10       10       11       11       11       12       13       13       14       16       17       19       21       24       27       32       37       44       52       63       78       98      126      163      216      291      398      550      759    1029
        1032    1035     1045     1086     1174     1328     1558     1833     1993     1808     1332      866      547      352      236      164      118       88       68       53       43       35       29       24       21       18       16       14       13       12       11       10        9        9        8        8        8        8        7        7        7        8        8        8        8        9        9       10       10       11       12       14       15       17       19       22       26       31       38       46       57       73       94      125      169      232      324      450      610      781      923    1005
         404     375      366      380      420      501      653      947     1498     2126     1809      964      481      263      158      102       70       51       38       29       23       19       15       13       11        9        8        7        7        6        6        5        5        5        4        4        4        4        4        4        4        4        4        4        5        5        5        5        6        7        7        8        9       11       13       15       18       22       28       35       46       62       86      124      183      275      404      542      618      598      527     456
         856     594      459      390      359      356      379      438      556      798     1335     2471     3020     1614      687      334      187      116       77       54       40       30       23       19       15       13       11        9        8        7        6        6        5        5        5        4        4        4        4        4        4        4        4        4        4        4        4        4        5        5        6        6        7        8        9       10       12       14       17       21       27       35       47       65       96      148      248      460      934     1753     1994    1363
         398     437      490      565      677      844     1089     1403     1647     1556     1156      752      478      313      213      151      111       84       66       52       43       35       30       26       22       20       17       16       14       13       12       11       11       10       10       10        9        9        9        9        9       10       10       10       11       11       12       13       14       15       16       18       20       23       26       30       35       42       49       59       72       87      107      130      157      188      221      254      285      314      341     368
         481     385      327      296      285      291      315      363      449      590      795      965      873      582      343      204      129       86       60       43       33       25       20       16       14       11       10        8        7        7        6        5        5        5        4        4        4        4        4        4        4        4        4        4        4        4        4        4        5        5        6        6        7        8        9       11       13       15       18       23       29       38       51       72      105      162      262      435      682      859      803     629
         545     647      730      780      796      783      753      713      668      620      568      512      452      391      331      276      227      186      152      124      102       85       71       60       51       43       38       33       29       26       23       21       20       18       17       16       15       14       14       13       13       13       13       13       13       13       13       14       14       15       15       16       18       19       21       23       25       28       32       36       42       49       58       70       85      105      131      166      211      271      348     441
         376     308      268      247      240      247      268      309      379      491      649      787      740      522      320      194      124       83       58       42       32       25       20       16       13       11       10        8        7        6        6        5        5        5        4        4        4        4        4        4        4        4        4        4        4        4        4        5        5        5        6        6        7        8        9       11       13       16       19       24       31       41       56       80      119      185      300      483      683      740      627     482
         649     647      638      633      637      645      649      633      580      492      387      290      211      153      113       84       64       50       39       31       26       21       18       15       13       12       10        9        8        8        7        6        6        6        5        5        5        5        5        5        5        5        5        5        5        6        6        6        7        7        8        9       10       11       13       15       18       21       25       31       38       48       62       81      108      147      202      277      373      478      570     628
         286     337      392      452      517      585      647      685      671      595      480      361      262      189      138      102       77       59       46       37       30       25       21       18       15       13       12       10        9        8        8        7        7        6        6        6        5        5        5        5        5        5        5        5        5        5        6        6        6        7        7        8        9        9       11       12       13       15       18       21       25       29       35       43       53       66       82      102      128      159      196     239
         135     141      149      159      174      193      218      250      290      333      367      373      341      282      218      163      121       91       70       55       44       35       29       25       21       18       16       14       13       11       10       10        9        9        8        8        8        7        7        7        7        7        7        8        8        8        9        9       10       11       11       13       14       16       17       20       23       26       30       35       41       48       57       66       76       86       96      105      113      119      125     130
          89      81       76       74       74       77       83       92      108      132      171      236      345      496      577      458      283      168      104       69       48       35       27       21       17       14       11       10        8        7        7        6        5        5        5        4        4        4        4        4        4        4        4        4        4        4        5        5        5        6        7        7        8       10       11       13       16       20       25       32       41       55       75      103      136      169      186      181      160      137      116     100
         329     292      259      235      220      213      214      223      239      265      299      333      355      342      292      225      164      117       84       62       47       36       28       23       19       15       13       11       10        9        8        7        6        6        5        5        5        5        4        4        4        4        4        4        4        4        5        5        5        5        6        6        7        8        9       10       12       14       16       20       24       30       39       50       68       93      129      181      247      314      356     357
         365     299      253      224      207      201      205      218      244      287      354      447      546      576      481      333      215      139       93       65       47       36       27       22       18       14       12       10        9        8        7        6        6        5        5        5        4        4        4        4        4        4        4        4        4        4        4        4        5        5        5        6        7        7        8       10       11       13       16       19       24       31       41       55       77      111      165      250      366      472      499     444
         178     154      135      122      114      111      111      117      127      145      172      213      270      330      354      307      221      147       97       66       47       34       26       20       16       13       11        9        8        7        6        5        5        4        4        4        3        3        3        3        3        3        3        3        3        3        3        3        4        4        4        5        5        6        6        7        8       10       12       14       18       22       29       38       52       72      101      139      183      215      221     204
         214     227      219      200      183      172      169      173      188      219      274      375      553      785      790      501      265      145       86       55       38       27       20       15       12        9        8        6        5        5        4        3        3        3        3        2        2        2        2        2        2        2        2        2        2        2        2        2        2        2        2        2        3        3        3        4        4        5        5        6        8        9       12       15       19       25       34       46       66       94      133     178
          50      42       38       35       34       34       36       39       45       54       70      100      164      329      776      896      363      144       72       41       27       18       13       10        8        6        5        4        3        3        3        2        2        2        2        2        1        1        1        1        1        1        1        1        1        1        2        2        2        2        2        2        3        3        4        5        5        7        8       11       15       20       28       42       64       98      136      152      133      103       78      61
         178     151      129      115      107      103      105      111      124      144      175      215      254      260      216      151       99       65       44       31       23       17       13       10        8        7        6        5        4        4        3        3        3        2        2        2        2        2        2        2        2        2        2        2        2        2        2        2        2        2        2        3        3        3        4        4        5        6        7        9       11       14       18       24       33       47       68      100      143      189      213     205
         107      99       92       86       82       82       84       89       99      116      142      185      250      330      368      305      200      123       77       51       35       25       19       14       11        9        8        6        5        5        4        4        3        3        3        2        2        2        2        2        2        2        2        2        2        2        2        2        2        2        3        3        3        4        4        5        5        6        8        9       11       14       17       22       29       39       51       68       86      102      112     113
         136     101       80       68       60       56       54       55       59       65       76       93      121      163      216      247      212      143       89       57       37       26       19       14       11        9        7        6        5        4        4        3        3        2        2        2        2        2        2        2        2        2        2        2        2        2        2        2        2        2        2        2        3        3        4        4        5        6        7        9       11       14       19       26       39       60       99      170      277      339      283     196
          99     103      106      109      114      121      131      145      164      190      222      256      282      281      247      195      145      105       76       57       43       33       26       21       17       15       12       11        9        8        7        7        6        6        5        5        5        4        4        4        4        4        4        4        4        4        4        5        5        5        6        6        7        7        8        9       10       12       13       16       18       22       26       31       38       45       54       63       73       81       89      95
         119     129      130      124      115      107      101       97       97       99      106      118      138      167      210      265      308      299      232      157      103       68       47       34       25       19       15       12       10        8        7        6        5        4        4        4        3        3        3        3        2        2        2        2        2        2        2        2        2        2        3        3        3        3        3        4        4        5        5        6        7        9       11       13       16       20       26       34       45       60       79     100
         275     263      238      215      200      194      198      213      244      294      368      447      461      367      240      148       92       60       41       29       21       16       13       10        8        7        6        5        4        4        3        3        3        2        2        2        2        2        2        2        2        2        2        2        2        2        2        2        2        2        2        2        3        3        3        4        5        5        6        8        9       11       15       19       25       34       48       68      100      147      204     254
         363     310      226      166      129      107       95       89       89       93      102      119      146      187      236      262      227      157       99       62       41       28       20       15       11        9        7        6        5        4        3        3        3        2        2        2        2        2        1        1        1        1        1        1        1        1        1        1        1        1        2        2        2        2        2        3        3        3        4        5        6        7        9       11       15       20       29       43       67      111      190     302
         216     141       98       74       60       51       47       45       44       46       51       58       71       92      127      183      241      235      161       95       57       36       24       17       12        9        7        6        5        4        3        3        2        2        2        2        2        1        1        1        1        1        1        1        1        1        1        1        1        1        1        2        2        2        2        2        3        3        4        5        6        7        9       12       17       24       37       60      105      191      300     307
         190     251      258      217      169      134      110       96       87       83       83       87       94      105      119      135      144      139      117       88       63       44       32       23       17       13       10        8        7        6        5        4        3        3        3        2        2        2        2        2        2        1        1        1        1        1        1        1        1        1        2        2        2        2        2        2        3        3        3        4        5        5        7        8       10       13       18       24       35       51       79     124
         110      96       85       78       74       72       74       80       90      108      138      188      271      374      392      279      163       94       58       38       26       19       14       11        9        7        6        5        4        4        3        3        2        2        2        2        2        2        2        2        1        1        1        1        2        2        2        2        2        2        2        2        3        3        3        4        5        6        7        8       10       13       17       22       30       42       58       81      107      127      132     124
