SWAN 1
LOCATIONS
     1
     -67.28  18.38
AFREQ
     56
     0.0300
     0.0400
     0.0500
     0.0600
     0.0700
     0.0800
     0.0900
     0.1000
     0.1100
     0.1200
     0.1300
     0.1400
     0.1500
     0.1600
     0.1700
     0.1800
     0.1900
     0.2000
     0.2100
     0.2200
     0.2300
     0.2400
     0.2500
     0.2600
     0.2700
     0.2800
     0.2900
     0.3000
     0.3100
     0.3200
     0.3300
     0.3400
     0.3500
     0.3600
     0.3700
     0.3800
     0.3900
     0.4000
     0.4100
     0.4200
     0.4300
     0.4400
     0.4500
     0.4600
     0.4700
     0.4800
     0.4900
     0.5000
     0.5100
     0.5200
     0.5300
     0.5400
     0.5500
     0.5600
     0.5700
     0.5800
NDIR
     72
     5.0000
     10.0000
     15.0000
     20.0000
     25.0000
     30.0000
     35.0000
     40.0000
     45.0000
     50.0000
     55.0000
     60.0000
     65.0000
     70.0000
     75.0000
     80.0000
     85.0000
     90.0000
     95.0000
     100.0000
     105.0000
     110.0000
     115.0000
     120.0000
     125.0000
     130.0000
     135.0000
     140.0000
     145.0000
     150.0000
     155.0000
     160.0000
     165.0000
     170.0000
     175.0000
     180.0000
     185.0000
     190.0000
     195.0000
     200.0000
     205.0000
     210.0000
     215.0000
     220.0000
     225.0000
     230.0000
     235.0000
     240.0000
     245.0000
     250.0000
     255.0000
     260.0000
     265.0000
     270.0000
     275.0000
     280.0000
     285.0000
     290.0000
     295.0000
     300.0000
     305.0000
     310.0000
     315.0000
     320.0000
     325.0000
     330.0000
     335.0000
     340.0000
     345.0000
     350.0000
     355.0000
     360.0000
QUANT
     1
VaDens
m2/Hz/degr
     -999.000000
FACTOR
     1.00000E-06
          13      14       12       10        8        6        4        3        3        2        2        2        1        1        1        1        1        1        1        1        1        1        1        1        1        1        1        1        1        1        2        2        2        3        3        3        3        4        4        4        3        3        3        2        2        2        2        1        1        1        1        1        1        1        1        1        1        1        1        1        1        1        2        2        2        3        3        4        5        7        9      11
          49      59       65       65       60       51       42       34       28       24       20       17       15       14       13       12       11       11       11       10       11       11       11       12       12       13       14       16       17       19       21       23       25       26       27       26       25       23       20       18       16       14       12       11        9        8        8        7        7        6        6        6        5        5        5        5        6        6        6        6        7        7        8        9       10       12       14       17       20       25       31      40
         832     660      406      246      159      110       80       61       49       40       34       29       25       23       21       19       18       17       16       16       16       15       15       16       16       17       17       18       19       21       23       24       27       29       32       35       37       40       42       43       44       43       42       40       38       36       34       32       30       29       28       27       26       26       26       26       27       28       29       31       34       38       43       49       59       72       92      123      174      264      426     676
        1140     674      440      309      228      176      140      114       95       81       71       62       55       50       46       42       39       37       35       34       33       32       31       31       31       31       32       32       33       34       35       37       38       41       43       46       49       52       56       60       65       69       74       80       85       91       97      103      108      114      120      127      134      142      151      163      176      194      216      245      284      338      418      539      738     1096     1836     3673     8538    11311     5382    2244
       24590   10953     5816     3488     2277     1581     1152      871      679      544      445      371      315      272      238      211      189      172      157      146      136      129      123      118      114      112      110      109      109      110      112      115      119      123      130      137      147      158      172      189      209      234      265      303      350      409      483      577      697      849     1041     1281     1575     1921     2307     2709     3093     3433     3717     3962     4200     4480     4859     5419     6285     7688    10113    14743    24966    51137    92232   63076
       24323   13159     8026     5309     3725     2733     2079     1629     1309     1075      899      765      661      579      513      461      418      383      355      332      313      298      286      277      270      266      263      263      265      269      275      283      294      308      325      346      371      402      439      484      539      605      687      787      912     1067     1261     1505     1812     2198     2679     3271     3983     4809     5728     6699     7675     8624     9552    10511    11605    12999    14950    17903    22727    31412    49475    96930   267085   468442   170192   54641
       19614   10002     5838     3728     2539     1816     1350     1036      816      658      541      453      385      333      291      257      231      209      191      176      164      154      146      140      135      131      128      127      126      126      127      130      133      137      143      150      159      169      182      198      216      239      266      300      341      392      456      536      637      765      930     1142     1416     1767     2216     2778     3466     4280     5209     6238     7369     8648    10198    12272    15366    20557    30596    54373   129599   293585   159569   47999
       22811    8337     4062     2316     1459      986      702      520      399      314      254      209      175      150      130      114      101       91       83       76       70       66       62       59       57       55       54       54       53       53       54       55       56       59       61       64       68       73       80       87       96      107      121      139      161      189      225      273      336      422      540      707      945     1288     1782     2471     3362     4349     5195     5682     5804     5742     5695     5811     6220     7107     8870    12560    21803    56253   215888  110940
       19768    9928     5369     3165     2004     1344      944      688      518      401      317      256      211      177      150      129      113      100       89       80       73       67       63       59       55       53       51       49       48       47       47       47       47       47       49       50       52       54       57       61       65       70       76       84       94      105      119      136      158      186      221      266      325      402      506      647      838     1100     1458     1945     2591     3424     4455     5695     7181     9051    11643    15677    22586    34134    44812   36630
       15084   19707    19387    12336     6400     3388     1940     1198      787      545      393      293      225      178      143      118       98       84       72       63       56       50       45       41       38       35       33       32       30       29       28       28       27       27       28       28       28       29       30       32       34       36       39       42       46       51       57       65       74       86      102      122      149      186      236      308      414      575      832     1260     2017     3415     6004    10072    13654    13730    11635     9779     8797     8668     9438   11404
       11039   11101     8647     5375     3088     1809     1115      724      494      351      258      195      152      121       98       81       68       58       50       44       39       35       32       29       27       25       24       22       21       21       20       20       20       20       20       20       20       21       22       23       24       26       28       30       33       37       41       47       54       62       74       88      108      134      171      223      300      418      606      926     1508     2660     5128    10378    17774    19188    14740    11056     9164     8509     8756    9751
       23918   16515     9438     5262     3071     1900     1241      850      605      446      338      263      209      169      140      117      100       86       75       67       59       54       49       45       42       39       37       36       34       33       32       32       32       32       32       32       33       34       35       37       39       42       45       49       53       59       66       74       85       98      115      136      163      200      248      314      406      535      721      994     1400     2005     2894     4144     5761     7627     9574    11582    13917    17064    21328   25240
        5648    4206     3054     2198     1587     1159      860      649      499      391      311      252      207      173      146      125      108       95       84       75       68       62       57       53       50       47       45       43       42       40       40       39       39       39       40       40       42       43       45       47       50       53       57       62       68       76       85       96      109      126      148      175      211      257      319      403      518      680      912     1249     1746     2480     3547     5024     6868     8799    10336    11092    10991    10182     8867    7273
        3476    3203     2964     2718     2435     2110     1763     1426     1128      881      686      537      424      338      274      224      186      157      133      115      100       89       79       71       65       59       55       51       48       46       44       43       41       41       40       40       40       41       42       43       44       46       49       52       56       60       66       72       81       91      104      120      141      168      203      249      313      402      528      714      994     1426     2100     3126     4529     5979     6770     6568     5804     4985     4321    3831
        4121    2686     1763     1201      853      628      476      371      295      239      197      165      140      120      104       91       81       72       65       59       54       50       46       43       41       39       37       36       34       33       33       32       32       32       32       32       33       33       34       35       37       38       40       43       45       49       52       57       62       68       76       84       95      107      122      141      163      191      227      271      329      405      507      648      849     1147     1606     2338     3499     5090     6287    5769
        3530    3280     2684     2032     1492     1097      818      622      483      382      308      253      210      178      152      132      115      102       91       82       75       69       63       59       56       53       50       48       46       45       44       43       43       43       43       44       44       45       46       48       50       52       55       58       62       67       72       78       85       93      103      114      128      143      161      183      209      239      275      319      371      435      514      612      736      895     1104     1381     1748     2223     2783    3303
         990    1111     1323     1669     2176     2700     2728     2064     1300      790      496      328      227      164      122       94       74       60       50       42       36       31       27       24       22       20       18       17       16       15       14       14       13       13       13       13       13       13       14       14       15       15       16       18       19       21       23       26       29       33       39       46       55       67       83      106      139      187      260      374      555      836     1228     1628     1811     1701     1459     1234     1073      974      929     934
         601     686      814     1004     1274     1611     1880     1839     1461     1017      681      462      324      235      177      136      108       88       73       61       53       46       41       36       33       30       28       26       24       23       22       22       21       21       21       21       21       22       22       23       25       26       28       30       33       36       40       45       52       60       70       83       99      121      149      185      233      292      362      438      509      561      586      584      566      541      517      500      492      496      512     546
         399     447      517      611      718      797      785      663      496      351      246      175      128       96       74       59       47       39       33       28       24       21       19       17       15       14       13       12       12       11       11       10       10       10       10       10       11       11       11       12       12       13       14       16       17       19       21       25       28       33       40       48       60       76       99      132      182      256      365      515      680      792      792      706      599      508      440      395      367      355      356     370
        1127    1505     2045     2483     2237     1487      877      524      330      220      154      112       84       65       52       42       35       29       25       22       19       17       15       14       13       12       11       10       10       10        9        9        9        9        9        9        9        9       10       10       11       12       12       13       15       16       18       20       23       27       31       37       45       54       67       83      105      134      172      220      277      341      403      457      496      524      545      568      603      658      748     892
         323     337      368      422      509      652      886     1245     1633     1649     1196      732      444      283      190      134       99       75       59       48       39       33       28       25       22       19       17       16       15       14       13       12       12       12       11       11       11       11       12       12       12       13       14       14       16       17       19       21       24       27       32       38       45       56       70       91      122      168      241      358      547      816     1078     1141      984      771      602      486      410      363      335     322
        1584    1746     1902     1996     1956     1744     1414     1071      783      568      415      309      234      181      143      115       94       78       66       56       49       43       38       34       31       28       26       24       23       21       20       20       19       19       18       18       18       18       19       19       20       20       21       23       24       26       28       31       34       38       42       48       55       64       75       88      106      128      157      194      242      302      379      472      581      701      827      952     1072     1189     1308    1438
        1107    1120     1128     1123     1087     1004      874      717      561      427      321      242      184      142      112       89       72       59       49       42       36       31       27       24       22       20       18       16       15       14       14       13       12       12       12       12       12       12       12       12       12       13       13       14       15       16       17       18       20       22       25       28       32       37       43       51       61       75       92      116      147      190      249      327      429      554      695      833      947     1026     1070    1093
        3189    3833     4072     3571     2614     1731     1119      735      497      348      251      186      142      110       88       71       58       49       41       36       31       27       24       22       20       18       17       15       15       14       13       13       12       12       12       12       12       12       12       12       13       13       14       14       15       16       18       19       21       24       26       30       34       39       46       54       65       78       96      118      148      188      242      313      408      534      699      911     1182     1526     1964    2520
        2727    3887     3038     1736     1015      652      454      337      261      209      173      146      125      108       95       84       75       67       60       54       49       44       40       37       34       31       28       26       24       23       21       20       19       18       17       16       16       15       15       14       14       14       14       14       14       14       15       15       16       16       17       18       19       21       22       24       27       30       34       39       45       53       63       77       95      121      160      218      313      478      792    1443
        3225    2197     1319      837      576      423      328      264      219      186      162      142      126      113      102       92       83       76       69       62       56       51       47       42       38       35       32       29       27       25       23       22       20       19       18       17       17       16       16       15       15       15       15       15       15       15       16       16       17       18       19       20       21       23       25       28       31       35       40       47       56       67       82      103      134      179      249      367      577      984     1790    2979
        6708    5605     1662      708      395      256      183      140      112       93       80       70       63       58       53       50       47       45       43       42       40       39       37       36       34       33       31       29       27       26       24       22       21       19       18       17       16       15       14       13       13       12       12       11       11       11       11       11       11       11       12       12       13       13       14       15       17       18       20       23       26       31       37       45       56       72       97      137      209      353      706    1918
        1363    1012      795      666      593      553      534      524      512      485      434      363      285      216      160      119       89       68       52       41       33       27       22       19       16       14       12       11        9        9        8        7        7        6        6        6        5        5        5        5        5        5        5        5        5        6        6        6        7        7        8        9       10       11       13       15       17       20       25       30       38       49       65       89      126      188      296      496      871     1468     1948    1806
         264     249      241      239      239      241      239      230      210      182      149      118       92       71       55       43       34       27       22       18       15       13       11       10        9        8        7        6        6        5        5        5        4        4        4        4        4        4        4        4        4        4        4        5        5        5        6        6        7        7        8        9       11       13       15       18       22       27       34       44       58       79      108      151      209      279      345      382      380      352      318     287
         454     402      345      297      262      236      218      205      195      186      176      162      146      127      107       88       71       57       46       37       30       25       20       17       15       12       11        9        8        8        7        6        6        5        5        5        4        4        4        4        4        4        4        4        4        4        4        5        5        5        6        6        7        8        8       10       11       13       15       18       22       28       35       46       60       82      115      165      236      329      420     468
         194     160      138      124      116      112      112      116      122      131      141      150      153      146      129      106       83       64       48       37       29       23       18       15       13       11        9        8        7        6        5        5        5        4        4        4        4        3        3        3        3        3        3        3        3        4        4        4        4        5        5        6        6        7        8       10       11       14       17       21       27       36       49       69      102      155      237      340      407      387      315     245
         231     190      160      140      126      116      109      104      101       99       96       94       90       84       78       70       61       53       45       38       32       27       23       20       17       15       13       11       10        9        8        8        7        7        6        6        6        5        5        5        5        5        5        5        5        6        6        6        7        7        8        9       10       11       12       14       16       20       24       29       37       48       63       87      122      175      250      339      404      405      352     286
         144     123      110      101       97       95       95       97       99      101      100       96       88       76       63       51       40       32       25       20       17       14       11       10        8        7        6        5        5        4        4        4        3        3        3        3        3        3        3        3        3        3        3        3        3        3        3        4        4        4        5        5        6        7        8       10       12       14       18       23       30       40       56       82      122      185      267      330      330      278      220     175
         256     186      145      120      105       96       91       89       89       91       95       99      102      102       97       87       74       60       48       37       29       23       19       15       13       11        9        8        7        6        5        5        4        4        4        3        3        3        3        3        3        3        3        3        3        3        3        3        3        4        4        4        5        6        6        7        8       10       12       15       19       25       33       47       69      107      180      322      553      703      573     380
         588     429      275      185      134      104       86       74       66       62       59       57       57       57       57       57       57       55       51       46       40       34       29       24       19       16       13       11       10        8        7        6        5        5        4        4        4        3        3        3        3        3        3        3        3        3        3        3        3        3        3        3        3        4        4        5        5        6        7        8        9       11       14       18       23       32       45       66      105      179      322     529
         181     135      105       85       72       64       58       55       53       52       52       52       52       52       50       47       42       37       31       26       21       17       14       12       10        8        7        6        5        5        4        4        3        3        3        3        2        2        2        2        2        2        2        2        2        2        2        2        2        3        3        3        3        4        4        5        6        7        8       10       12       15       19       26       36       53       80      126      196      270      289     242
         309     300      271      234      198      165      137      112       91       73       59       47       38       30       24       20       16       13       11        9        8        7        6        5        5        4        4        3        3        3        3        2        2        2        2        2        2        2        2        2        2        2        2        2        2        2        2        2        3        3        3        4        4        5        5        6        7        8       10       12       15       18       23       30       39       52       71       99      137      186      241     288
         317     424      468      419      329      248      188      146      116       94       77       64       53       45       38       32       27       23       20       17       14       12       11        9        8        7        6        6        5        5        4        4        4        3        3        3        3        3        3        3        3        3        3        3        3        3        3        3        3        3        3        4        4        4        5        5        6        7        8        9       10       12       15       18       23       29       38       50       69       99      144     216
         107      96       88       83       79       78       78       78       79       78       75       69       61       51       41       32       25       20       16       13       10        8        7        6        5        4        4        3        3        3        2        2        2        2        2        2        2        2        1        1        1        1        2        2        2        2        2        2        2        2        3        3        3        4        4        5        6        7        9       11       14       17       23       30       41       56       76       99      119      129      127     118
          84      72       64       59       56       54       55       57       61       67       73       78       80       75       65       52       40       30       22       17       13       10        8        7        5        4        4        3        3        2        2        2        2        2        1        1        1        1        1        1        1        1        1        1        1        1        1        1        2        2        2        2        2        3        3        4        4        5        6        8       10       13       17       23       32       44       63       85      106      115      110      97
          78      60       48       40       35       32       30       29       30       31       34       39       46       56       68       81       85       75       57       40       28       19       14       10        8        6        5        4        3        3        2        2        2        1        1        1        1        1        1        1        1        1        1        1        1        1        1        1        1        1        1        1        1        1        2        2        2        3        3        4        5        6        8       11       15       22       32       48       72       97      108      97
         120     116      106       95       84       75       69       64       60       58       55       53       51       48       44       39       34       29       24       20       17       14       11        9        8        7        6        5        4        4        3        3        3        2        2        2        2        2        2        2        2        2        2        2        2        2        2        2        2        2        2        2        2        3        3        3        4        4        5        6        7        9       11       14       18       23       31       41       56       74       95     112
          46      41       38       36       35       36       38       40       44       49       54       58       58       53       45       36       27       21       16       12        9        7        6        5        4        3        3        2        2        2        2        2        1        1        1        1        1        1        1        1        1        1        1        1        1        1        1        1        2        2        2        2        3        3        4        4        5        6        8       10       14       18       25       36       51       70       88       95       89       76       63      53
         170     129       96       74       60       51       45       42       40       39       39       39       39       39       38       36       32       28       23       19       15       12        9        8        6        5        4        4        3        3        2        2        2        2        1        1        1        1        1        1        1        1        1        1        1        1        1        1        1        1        1        1        1        2        2        2        2        3        3        4        5        6        8       11       14       20       29       44       70      113      167     194
          32      30       27       25       23       22       20       20       20       20       20       21       22       23       23       23       22       20       17       15       12       10        8        7        5        4        4        3        3        2        2        2        1        1        1        1        1        1        1        1        1        1        1        1        1        1        1        1        1        1        1        1        1        1        1        2        2        2        3        3        4        5        6        8       10       13       16       20       25       30       33      34
           8       7        6        6        6        5        5        5        5        6        6        7        8        9       10       12       13       15       17       17       15       13       11        8        7        5        4        3        3        2        2        2        1        1        1        1        1        1        1        1        1        1        1        1        1        1        1        1        1        1        1        1        1        2        2        2        3        4        5        6        8       11       14       19       23       25       24       21       17       14       11      10
          38      30       25       22       20       19       18       18       18       19       21       23       25       28       30       31       29       25       21       16       12        9        7        6        5        4        3        2        2        2        2        1        1        1        1        1        1        1        1        1        1        1        1        1        1        1        1        1        1        1        1        1        1        1        2        2        2        3        4        5        6        8       11       16       23       36       55       80       95       87       67      50
          59      51       45       40       36       33       31       30       29       28       28       27       26       25       23       21       18       16       13       11        9        8        7        6        5        4        3        3        3        2        2        2        2        2        1        1        1        1        1        1        1        1        1        1        1        1        1        1        1        1        2        2        2        2        3        3        4        4        5        6        7        9       12       16       21       28       37       49       61       69       71      66
          33      27       22       19       16       15       14       14       13       14       14       15       16       17       18       19       19       18       16       14       12       10        8        6        5        4        3        3        2        2        2        1        1        1        1        1        1        1        1        1        1        1        1        1        1        1        1        1        1        1        1        1        1        1        1        2        2        2        3        4        5        6        8       11       15       21       31       44       56       59       53      42
           6       5        4        3        3        3        3        2        2        2        2        3        3        3        4        4        5        6        8       10       11       12       11       10        7        6        4        3        2        2        1        1        1        1        1        0        0        0        0        0        0        0        0        0        0        0        0        0        0        0        0        0        0        1        1        1        1        1        2        2        3        4        6       10       15       24       33       33       25       17       11       8
          26      21       18       15       14       12       12       12       12       12       13       14       16       18       20       23       25       25       23       20       16       12        9        7        5        4        3        3        2        2        2        1        1        1        1        1        1        1        1        1        1        0        0        0        0        1        1        1        1        1        1        1        1        1        1        2        2        2        3        3        4        6        8       11       15       23       33       45       53       52       43      34
          15      11        9        8        7        6        6        6        6        6        7        7        8       10       12       14       18       21       23       22       18       13        9        7        5        4        3        2        2        1        1        1        1        1        0        0        0        0        0        0        0        0        0        0        0        0        0        0        0        0        0        0        0        1        1        1        1        1        2        2        3        4        6        9       15       26       45       70       72       50       31      21
          18      15       13       11       10        9        8        8        7        7        8        8        8        9       10       11       12       13       13       13       13       12       10        8        7        6        5        4        3        2        2        2        2        1        1        1        1        1        1        1        1        1        1        1        1        1        1        1        1        1        1        1        1        1        1        1        2        2        2        3        4        5        6        8       11       15       21       26       30       30       27      22
           8       6        5        5        4        4        4        4        4        4        4        4        5        5        6        7        8       10       11       12       11       10        8        6        5        4        3        2        2        1        1        1        1        1        0        0        0        0        0        0        0        0        0        0        0        0        0        0        0        0        0        0        1        1        1        1        1        1        2        3        3        5        7       10       14       21       27       29       24       18       13      10
          12       9        8        6        5        5        4        4        4        4        4        4        4        4        4        5        5        6        6        7        8        8        8        8        7        6        5        4        4        3        2        2        2        1        1        1        1        1        1        1        1        1        1        1        1        1        1        1        1        1        1        1        1        1        1        1        2        2        2        3        4        5        7       10       15       22       32       39       38       30       22      16
          31      25       20       16       13       11       10        9        8        8        7        7        7        8        8        8        9       10       10       11       11       12       11       11        9        8        7        6        5        4        3        3        2        2        2        1        1        1        1        1        1        1        1        1        1        1        1        1        1        1        1        1        1        1        1        1        2        2        2        2        3        4        5        6        8       11       15       21       28       36       40      38
