SWAN 1
LOCATIONS
     1
     -67.28  18.38
AFREQ
     56
     0.0300
     0.0400
     0.0500
     0.0600
     0.0700
     0.0800
     0.0900
     0.1000
     0.1100
     0.1200
     0.1300
     0.1400
     0.1500
     0.1600
     0.1700
     0.1800
     0.1900
     0.2000
     0.2100
     0.2200
     0.2300
     0.2400
     0.2500
     0.2600
     0.2700
     0.2800
     0.2900
     0.3000
     0.3100
     0.3200
     0.3300
     0.3400
     0.3500
     0.3600
     0.3700
     0.3800
     0.3900
     0.4000
     0.4100
     0.4200
     0.4300
     0.4400
     0.4500
     0.4600
     0.4700
     0.4800
     0.4900
     0.5000
     0.5100
     0.5200
     0.5300
     0.5400
     0.5500
     0.5600
     0.5700
     0.5800
NDIR
     72
     5.0000
     10.0000
     15.0000
     20.0000
     25.0000
     30.0000
     35.0000
     40.0000
     45.0000
     50.0000
     55.0000
     60.0000
     65.0000
     70.0000
     75.0000
     80.0000
     85.0000
     90.0000
     95.0000
     100.0000
     105.0000
     110.0000
     115.0000
     120.0000
     125.0000
     130.0000
     135.0000
     140.0000
     145.0000
     150.0000
     155.0000
     160.0000
     165.0000
     170.0000
     175.0000
     180.0000
     185.0000
     190.0000
     195.0000
     200.0000
     205.0000
     210.0000
     215.0000
     220.0000
     225.0000
     230.0000
     235.0000
     240.0000
     245.0000
     250.0000
     255.0000
     260.0000
     265.0000
     270.0000
     275.0000
     280.0000
     285.0000
     290.0000
     295.0000
     300.0000
     305.0000
     310.0000
     315.0000
     320.0000
     325.0000
     330.0000
     335.0000
     340.0000
     345.0000
     350.0000
     355.0000
     360.0000
QUANT
     1
VaDens
m2/Hz/degr
     -999.000000
FACTOR
     1.00000E-06
           4       4        4        5        5        5        5        5        5        5        4        4        4        3        3        3        3        2        2        2        2        2        2        2        2        2        2        2        2        2        2        2        2        2        3        3        3        3        3        3        3        3        3        3        3        3        3        3        2        2        2        2        2        2        2        2        2        2        2        2        2        2        2        2        2        2        2        2        2        3        3       3
          79      93       94       83       66       51       38       30       24       19       16       13       12       10        9        8        8        7        7        7        7        7        7        7        7        7        8        8        9       10       11       13       14       16       19       22       25       27       29       30       30       28       26       23       20       18       16       14       13       12       11       10        9        9        9        9        9        9        9        9       10       10       11       13       14       16       19       23       29       37       48      62
         476     390      276      190      134       99       75       60       49       41       35       31       27       25       23       21       20       19       18       18       18       18       18       18       18       19       19       20       20       21       22       23       24       25       25       26       26       26       26       25       25       24       23       23       22       21       20       20       20       19       19       19       19       20       20       21       22       23       25       27       30       34       40       47       56       70       89      119      165      237      341     450
         694     450      310      224      168      131      104       85       71       61       53       46       41       37       34       31       29       27       26       25       24       24       23       23       23       23       24       25       25       27       28       30       32       35       38       42       47       52       59       68       78       91      106      124      146      170      196      224      250      273      290      302      310      314      316      320      326      336      352      378      416      471      554      681      883     1218     1790     2681     3455     3056     1949    1140
       10310    4687     2564     1574     1045      735      541      412      323      260      214      179      153      132      116      103       93       85       78       72       68       64       62       59       58       57       56       56       56       57       58       60       63       66       70       75       81       88       97      108      122      140      162      190      228      277      344      436      568      759     1047     1492     2193     3286     4853     6614     7730     7639     6795     5878     5192     4789     4660     4813     5323     6387     8527    13295    26803    78996   108856   31448
       35612   15820     8629     5311     3543     2505     1852     1419     1119      905      748      630      539      468      413      368      333      304      281      261      246      234      224      217      211      208      206      206      207      211      216      223      232      244      259      277      299      326      359      399      449      511      589      688      814      977     1190     1471     1845     2346     3013     3886     4984     6266     7596     8753     9546     9930    10024    10013    10072    10344    10970    12143    14204    17875    24927    40797    89878   393651   744133  123539
       27336   14099     8327     5368     3682     2646     1972     1515     1193      960      787      657      556      478      415      365      325      292      265      243      224      209      196      186      178      171      165      161      159      157      157      157      159      162      166      171      178      186      196      208      223      240      261      285      315      350      392      444      506      582      675      790      932     1109     1330     1607     1957     2399     2963     3687     4628     5881     7600    10077    13901    20412    33224    64914   179400   506889   246367   67050
        7013    4106     2630     1793     1282      950      726      568      455      371      307      259      221      191      167      148      132      119      108       99       92       86       81       77       73       71       68       67       66       65       65       65       66       67       69       71       74       77       81       86       92       99      108      118      130      145      162      183      209      240      279      327      386      461      555      676      830     1030     1293     1644     2122     2792     3774     5301     7896    12927    24940    65333   196995   125823    34666   13788
       11196    6578     4074     2663     1824     1301      959      728      566      450      365      301      252      214      184      161      142      126      114      104       95       88       82       77       74       70       68       66       65       64       63       63       64       65       66       68       71       74       78       83       88       95      104      114      126      140      158      180      206      239      281      333      398      483      591      732      914     1153     1466     1874     2406     3101     4012     5225     6886     9266    12856    18436    26376    32933    29615   19337
        7513    4197     2547     1651     1126      801      590      447      347      275      223      184      154      130      112       98       86       76       69       62       57       53       49       46       44       42       40       39       38       38       37       37       38       38       39       40       41       43       46       48       52       56       60       66       73       82       92      104      120      139      163      194      233      283      349      435      549      702      908     1187     1569     2092     2822     3859     5394     7807    11930    19560    32675    41440    29144   14723
       14002    7193     4096     2522     1646     1124      796      581      435      334      261      208      169      139      116       99       84       73       64       57       51       46       42       39       36       34       32       30       29       28       27       26       26       26       26       26       26       27       28       29       30       32       34       36       39       42       47       52       58       65       74       85      100      118      141      170      209      261      332      429      567      765     1058     1507     2222     3422     5582     9863    19284    38492    49083   29581
        5957    6020     5849     5034     3708     2445     1551      994      657      450      319      233      176      136      107       87       71       59       50       43       38       33       30       27       24       22       21       20       18       18       17       16       16       16       16       16       16       16       17       17       18       19       20       21       23       25       28       31       35       40       46       54       64       77       95      120      154      204      278      395      588      929     1588     3007     6434    14404    22235    17848    11528     8224     6701    6082
        3617    3533     3732     4207     4885     5383     4978     3657     2317     1417      888      581      397      282      208      158      123       98       80       66       56       48       41       36       32       29       26       24       22       21       20       19       18       17       17       17       17       17       17       17       18       18       19       20       21       23       25       27       30       34       38       43       50       59       71       86      107      136      178      239      333      486      748     1232     2206     4281     8153    11277     9666     6791     4983    4043
        7606    8110     6773     4618     2913     1849     1218      837      599      443      338      265      212      173      144      122      105       91       81       72       65       59       54       51       48       45       43       41       40       39       39       39       39       39       40       41       42       44       46       49       52       56       61       67       75       84       95      108      125      147      174      209      253      311      386      484      609      767      958     1177     1410     1638     1843     2020     2181     2349     2556     2842     3261     3891     4834    6159
        3649    3039     2412     1856     1406     1063      809      622      485      384      309      252      209      175      149      128      111       98       87       78       71       65       60       56       52       49       47       45       44       43       42       41       41       42       42       43       44       46       48       50       53       56       61       66       72       80       89      100      114      131      152      178      212      255      310      382      477      601      763      975     1246     1582     1983     2433     2904     3360     3770     4110     4356     4473     4411    4133
        2025    1916     1822     1734     1641     1534     1409     1267     1115      961      816      685      572      477      399      336      284      243      209      182      160      142      127      114      104       96       89       83       78       74       71       68       66       65       64       64       64       65       66       67       70       73       76       81       86       93      101      111      124      139      157      181      210      247      295      358      441      551      700      900     1168     1514     1935     2386     2779     3015     3053     2934     2734     2519     2323    2158
         728     696      697      731      800      914     1084     1309     1544     1647     1483     1131      785      533      367      261      191      144      112       89       72       60       51       43       38       33       30       27       25       23       21       20       19       18       18       17       17       17       17       17       18       18       19       20       21       23       25       27       30       33       38       44       51       61       73       91      115      151      204      288      428      678     1156     2087     3524     4222     3319     2223     1540     1153      930     800
         570     595      646      729      854     1025     1226     1380     1356     1123      819      566      390      275      200      149      115       91       73       60       50       43       37       33       29       26       24       22       20       19       18       17       17       16       16       16       16       16       16       17       17       18       19       20       22       24       26       29       33       38       43       51       61       74       92      116      151      202      277      390      559      794     1063     1255     1269     1136      963      815      705      632      587     568
        1849    1714     1591     1485     1392     1304     1211     1106      986      856      724      598      487      394      318      257      209      172      143      120      101       87       75       66       58       52       47       43       39       36       34       32       30       29       28       27       27       27       26       27       27       27       28       29       30       32       34       36       39       42       47       52       58       66       76       88      104      124      150      185      232      295      383      506      674      902     1191     1515     1811     1999     2043    1974
        4271    4569     3662     2471     1609     1075      749      542      407      314      249      201      166      139      118      102       89       78       69       62       57       52       48       44       41       39       37       35       34       33       32       31       31       31       30       31       31       31       32       33       34       35       36       38       40       43       45       49       52       57       62       68       75       82       92      103      116      131      149      172      199      232      274      328      398      492      622      807     1083     1509     2179    3175
         643     960     1625     3056     4479     3089     1443      722      411      259      176      126       94       73       58       48       40       34       29       26       23       21       19       18       16       15       15       14       14       13       13       13       13       13       14       14       15       16       16       18       19       21       23       25       29       32       37       43       51       60       72       86      103      123      146      170      191      209      221      226      227      224      221      219      220      224      234      250      275      314      376     474
        1285    1450     1655     1865     1983     1884     1558     1153      807      559      392      282      208      158      122       97       78       64       54       46       39       34       30       27       24       22       20       19       18       17       16       15       15       15       14       14       14       14       15       15       16       16       17       18       19       21       23       25       27       31       35       40       46       53       63       76       92      112      140      175      222      282      357      447      549      654      755      843      919      990     1066    1160
         610     646      715      832     1022     1316     1715     2051     1947     1418      897      558      360      243      171      126       95       74       59       48       40       34       29       26       23       20       18       17       15       14       14       13       12       12       12       12       12       12       12       12       12       13       13       14       15       16       18       19       21       24       27       32       37       44       52       64       80      102      131      174      233      316      425      554      677      756      773      742      692      646      614     601
         502     609      778     1056     1517     2196     2690     2274     1423      826      499      321      218      156      116       89       70       56       47       39       33       29       25       23       20       18       17       16       15       14       13       13       12       12       12       12       12       12       12       13       13       14       14       15       16       18       19       21       23       26       29       33       38       44       51       60       71       84      100      119      140      163      187      211      234      255      276      296      318      346      381     431
         236     228      230      242      266      307      372      472      614      770      824      689      476      307      200      135       95       70       53       41       33       27       22       19       16       14       13       11       10        9        9        8        8        7        7        7        7        7        7        7        7        7        8        8        9        9       10       11       12       14       16       18       21       25       31       38       49       64       87      124      184      290      478      782     1084     1086      838      600      444      349      291     256
         772     811      897     1045     1268     1538     1702     1539     1118      722      457      297      201      141      103       78       60       48       39       32       27       23       20       17       15       14       13       12       11       10        9        9        9        8        8        8        8        8        8        8        9        9        9       10       11       11       12       14       15       17       19       22       26       31       37       45       56       72       93      124      171      240      345      497      696      898     1023     1030      960      874      807     772
         560     549      541      541      548      562      579      591      586      552      488      405      321      247      188      144      111       87       69       56       46       38       32       27       24       21       18       16       15       14       13       12       11       10       10       10        9        9        9        9        9        9        9       10       10       10       11       12       13       14       15       17       19       21       24       28       32       38       46       56       70       88      112      145      188      245      315      394      469      527      558     566
         261     261      272      294      332      390      473      576      662      657      536      380      255      171      118       85       62       47       37       30       24       20       17       15       13       11       10        9        8        8        7        7        6        6        6        6        6        6        6        6        6        6        6        7        7        7        8        9       10       11       12       14       16       19       23       27       34       42       54       71       95      130      178      240      309      366      390      380      350      317      289     271
         856    1100     1173     1017      773      561      410      306      235      184      148      121      100       84       71       61       53       46       40       36       32       28       25       23       21       19       18       16       15       14       14       13       12       12       11       11       11       10       10       10       10       10       10       10       11       11       11       12       12       13       14       15       16       17       19       21       23       26       30       34       39       46       54       65       80       99      126      164      218      300      423     607
         176     192      214      247      295      361      443      518      532      455      336      231      157      109       79       58       44       35       28       22       19       16       14       12       10        9        8        8        7        6        6        6        5        5        5        5        5        5        5        5        5        5        6        6        6        7        7        8        9       10       11       13       14       17       19       23       27       33       40       49       60       72       87      102      116      129      139      146      151      155      159     166
         459     343      277      240      221      215      220      236      261      293      322      327      292      229      164      114       80       57       41       31       24       19       15       12       10        9        7        6        6        5        5        4        4        3        3        3        3        3        3        3        3        3        3        3        3        3        3        3        4        4        4        5        5        6        7        8        9       11       14       17       22       29       39       54       80      124      207      367      655      948      906     656
         507     320      212      153      118       97       84       75       70       67       66       67       70       73       78       83       87       89       86       79       69       58       47       37       30       24       20       16       13       11       10        8        7        7        6        5        5        5        4        4        4        4        4        4        3        4        4        4        4        4        4        4        5        5        6        6        7        8       10       11       14       17       21       28       37       53       78      123      211      383      637     708
         841     685      383      223      145      104       81       66       56       50       46       43       41       40       40       40       41       41       41       41       39       37       34       30       26       23       19       16       14       12       10        9        8        7        6        5        5        4        4        4        4        3        3        3        3        3        3        3        3        3        3        3        4        4        4        5        5        6        7        8        9       11       13       16       20       27       37       53       82      138      259     527
         131     105       86       72       63       56       52       50       48       48       50       52       55       59       63       67       69       67       62       54       45       37       29       24       19       15       13       11        9        8        7        6        5        5        4        4        3        3        3        3        3        3        3        3        3        3        3        3        3        3        3        4        4        4        5        6        6        7        9       11       13       16       20       27       36       50       70      100      137      168      176     158
         156     122      100       86       77       72       70       70       73       77       84       94      104      114      117      111       96       76       58       44       33       25       19       15       12       10        8        7        6        5        5        4        4        3        3        3        3        3        2        2        2        2        2        2        2        2        3        3        3        3        3        4        4        5        5        6        7        8       10       12       16       20       27       37       54       80      125      194      273      307      269     207
         538     448      316      221      162      124      100       84       72       63       56       51       47       42       39       35       32       29       26       23       20       18       15       13       12       10        9        8        7        6        6        5        5        4        4        4        4        3        3        3        3        3        3        3        3        3        3        3        3        4        4        4        4        5        5        6        7        7        9       10       12       14       18       22       29       39       54       78      118      188      309     466
         157     133      112       95       83       76       71       69       69       70       71       72       71       67       60       51       41       33       25       20       15       12       10        8        6        5        5        4        3        3        3        2        2        2        2        2        1        1        1        1        1        1        1        1        1        1        1        1        2        2        2        2        2        2        3        3        4        4        5        6        8        9       12       16       21       29       42       61       89      125      158     169
          98      84       75       68       65       64       66       71       79       91      108      127      142      140      118       87       60       42       29       21       16       12        9        7        6        5        4        4        3        3        2        2        2        2        2        1        1        1        1        1        1        1        1        1        1        1        1        1        2        2        2        2        2        3        3        4        4        5        6        8       10       13       17       23       32       46       65       91      118      133      129     114
          77      73       69       67       67       68       71       75       81       89       97      102      101       93       78       61       47       35       27       20       16       13       10        8        7        6        5        4        4        3        3        3        2        2        2        2        2        2        2        2        2        2        2        2        2        2        2        2        2        2        3        3        3        4        4        5        6        7        8       10       13       16       20       26       33       43       54       66       76       82       83      81
          62      51       45       42       41       43       46       53       66       87      126      192      258      227      135       73       42       26       17       12        9        6        5        4        3        3        2        2        2        1        1        1        1        1        1        1        1        1        1        1        1        1        1        1        1        1        1        1        1        1        1        1        2        2        2        3        3        4        5        6        8       12       16       24       38       63      105      158      178      147      107      79
          32      26       23       20       19       19       20       21       23       27       34       46       67      106      166      187      125       67       37       22       14       10        7        5        4        3        3        2        2        1        1        1        1        1        1        1        1        1        1        0        0        0        0        0        1        1        1        1        1        1        1        1        1        1        2        2        3        3        4        5        7       10       14       21       34       56       92      123      114       82       57      41
         114     120      109       91       75       64       56       51       48       48       48       50       54       58       61       63       60       52       43       33       25       18       14       11        8        7        5        4        4        3        2        2        2        2        1        1        1        1        1        1        1        1        1        1        1        1        1        1        1        1        1        1        1        1        1        2        2        2        2        3        3        4        5        7        8       11       15       21       30       43       64      90
          22      15       12       10        9        8        7        7        8        8        9       10       13       17       24       39       73      141      148       73       33       17       10        7        4        3        2        2        1        1        1        1        1        0        0        0        0        0        0        0        0        0        0        0        0        0        0        0        0        0        0        0        0        0        1        1        1        1        1        2        3        4        5        8       12       22       46      112      204      136       63      34
          90      60       43       33       27       23       20       19       18       17       18       18       19       21       24       27       30       33       34       33       30       24       19       15       11        9        7        5        4        4        3        3        2        2        2        1        1        1        1        1        1        1        1        1        1        1        1        1        1        1        1        1        1        1        2        2        2        2        3        4        4        6        7       10       14       20       30       50       86      140      169     136
          97      69       47       34       26       21       18       16       15       14       14       15       16       18       20       24       29       34       38       37       31       23       17       12        9        6        5        4        3        2        2        1        1        1        1        1        1        1        0        0        0        0        0        0        0        0        0        0        0        0        0        0        0        1        1        1        1        1        1        2        2        2        3        4        5        8       11       16       26       45       75     104
          54      45       36       30       26       23       21       20       20       21       22       25       29       34       43       54       66       70       60       44       30       20       14       10        7        5        4        3        3        2        2        1        1        1        1        1        1        1        1        1        0        0        0        0        0        0        0        0        1        1        1        1        1        1        1        1        1        2        2        2        3        4        5        6        8       11       16       24       34       48       59      61
          42      31       25       20       17       15       14       13       13       13       14       15       16       19       22       27       33       40       45       45       38       29       21       15       11        8        6        5        4        3        2        2        2        1        1        1        1        1        1        1        1        1        1        1        1        1        1        1        1        1        1        1        1        1        1        2        2        2        3        3        4        5        7       10       14       20       31       48       71       85       77      58
          99     154      186      158      112       78       57       44       36       30       26       24       22       21       20       19       18       17       17       15       14       13       11       10        8        7        6        5        4        4        3        3        2        2        2        2        1        1        1        1        1        1        1        1        1        1        1        1        1        1        1        1        1        1        1        1        1        2        2        2        3        3        4        4        5        7        9       12       17       24       37      59
          57      73       80       74       61       48       39       32       28       24       22       21       20       19       19       19       19       19       18       18       17       15       13       12       10        8        7        6        5        4        3        3        2        2        2        2        1        1        1        1        1        1        1        1        1        1        1        1        1        1        1        1        1        1        1        1        1        1        2        2        2        3        3        4        5        6        8       10       14       19       28      40
          29      28       27       26       27       27       29       31       34       38       44       50       58       64       65       60       50       39       29       22       17       13       10        8        7        5        5        4        3        3        3        2        2        2        2        2        2        1        1        1        1        1        1        1        1        2        2        2        2        2        2        3        3        3        4        4        5        6        7        9       11       14       17       21       25       29       33       35       36       35       33      31
          25      19       15       12       11       10        9        9        9       10       10       12       14       16       20       26       32       37       37       30       21       15       10        7        5        4        3        2        2        1        1        1        1        1        1        0        0        0        0        0        0        0        0        0        0        0        0        0        0        0        0        1        1        1        1        1        1        2        2        3        3        4        6        9       13       21       35       59       80       74       52      35
          13      12       10        9        9        8        8        8        8        8        9        9       10       11       13       14       16       18       19       19       18       16       14       11        9        7        6        5        4        3        3        2        2        2        2        1        1        1        1        1        1        1        1        1        1        1        1        1        1        1        1        1        2        2        2        2        3        3        4        5        6        8       10       13       16       19       21       22       21       19       17      15
          35      31       26       22       19       17       15       14       13       13       13       13       13       13       13       14       14       14       14       13       12       10        9        7        6        5        4        4        3        2        2        2        2        1        1        1        1        1        1        1        1        1        1        1        1        1        1        1        1        1        1        1        1        1        1        1        2        2        2        3        3        4        5        6        8       11       14       19       26       32       37      38
          19      16       15       13       12       12       12       12       12       13       14       16       18       21       24       27       28       27       24       20       15       12        9        7        5        4        3        3        2        2        2        1        1        1        1        1        1        1        1        1        1        1        1        1        1        1        1        1        1        1        1        1        1        1        2        2        2        3        4        4        6        7       10       13       17       22       27       30       30       28       25      21
          25      18       14       11        9        8        7        7        6        6        7        7        8        9       10       12       15       19       22       24       21       17       12        8        6        4        3        2        2        1        1        1        1        1        0        0        0        0        0        0        0        0        0        0        0        0        0        0        0        0        0        0        0        0        0        0        1        1        1        1        1        2        3        3        5        7       11       16       25       35       39      33
          14      13       12       11       11       11       11       11       12       14       16       19       24       30       38       43       42       34       24       17       12        8        6        4        3        3        2        2        1        1        1        1        1        1        1        0        0        0        0        0        0        0        0        0        0        0        0        0        0        0        1        1        1        1        1        1        2        2        2        3        4        5        6        8       11       14       17       19       20       19       18      16
