SWAN 1
LOCATIONS
     1
     681726.07 2033118.57
AFREQ
     56
     0.0300
     0.0400
     0.0500
     0.0600
     0.0700
     0.0800
     0.0900
     0.1000
     0.1100
     0.1200
     0.1300
     0.1400
     0.1500
     0.1600
     0.1700
     0.1800
     0.1900
     0.2000
     0.2100
     0.2200
     0.2300
     0.2400
     0.2500
     0.2600
     0.2700
     0.2800
     0.2900
     0.3000
     0.3100
     0.3200
     0.3300
     0.3400
     0.3500
     0.3600
     0.3700
     0.3800
     0.3900
     0.4000
     0.4100
     0.4200
     0.4300
     0.4400
     0.4500
     0.4600
     0.4700
     0.4800
     0.4900
     0.5000
     0.5100
     0.5200
     0.5300
     0.5400
     0.5500
     0.5600
     0.5700
     0.5800
NDIR
     72
     5.0000
     10.0000
     15.0000
     20.0000
     25.0000
     30.0000
     35.0000
     40.0000
     45.0000
     50.0000
     55.0000
     60.0000
     65.0000
     70.0000
     75.0000
     80.0000
     85.0000
     90.0000
     95.0000
     100.0000
     105.0000
     110.0000
     115.0000
     120.0000
     125.0000
     130.0000
     135.0000
     140.0000
     145.0000
     150.0000
     155.0000
     160.0000
     165.0000
     170.0000
     175.0000
     180.0000
     185.0000
     190.0000
     195.0000
     200.0000
     205.0000
     210.0000
     215.0000
     220.0000
     225.0000
     230.0000
     235.0000
     240.0000
     245.0000
     250.0000
     255.0000
     260.0000
     265.0000
     270.0000
     275.0000
     280.0000
     285.0000
     290.0000
     295.0000
     300.0000
     305.0000
     310.0000
     315.0000
     320.0000
     325.0000
     330.0000
     335.0000
     340.0000
     345.0000
     350.0000
     355.0000
     360.0000
QUANT
     1
VaDens
m2/Hz/degr
     -999.000000
FACTOR
     1.00000E-06
           9      11       12       13       13       12       11       10        8        7        6        5        4        4        3        3        3        2        2        2        2        2        2        2        2        2        2        2        2        2        2        2        2        2        2        2        2        2        2        3        3        3        3        3        3        3        3        3        3        3        3        3        3        3        3        3        3        3        3        3        3        3        3        3        3        4        4        5        5        6        7       8
          47      39       32       26       21       18       15       13       11       10        9        8        8        7        7        6        6        6        6        6        6        6        6        7        7        7        8        9        9       10       11       13       14       16       18       19       21       22       23       24       23       23       22       20       19       18       17       16       15       14       14       13       13       13       13       14       14       15       16       17       19       21       24       28       33       39       46       53       59       62       60      55
         959     512      288      179      122       89       68       54       44       37       32       28       25       23       21       20       19       18       17       17       16       16       16       16       16       16       17       17       17       18       18       18       18       19       19       19       19       18       18       18       18       17       17       17       16       16       16       16       16       16       16       17       17       18       19       20       21       23       25       28       32       37       44       54       68       90      124      182      294      525      981    1338
        3466    1746     1010      653      458      341      265      214      178      151      131      116      104       95       88       82       77       73       70       68       66       65       64       63       62       62       62       63       63       63       63       64       64       64       65       65       65       64       64       64       64       63       63       63       63       63       64       65       66       67       69       72       75       79       84       90       98      108      120      136      157      185      224      279      361      490      708     1114     1973     4003     7477    6878
       23038   11234     6388     4016     2710     1927     1428     1095      863      696      573      481      410      355      311      276      248      225      207      192      179      169      161      154      150      146      143      142      142      143      145      148      153      159      166      175      187      201      217      237      262      291      327      372      427      495      581      689      826     1001     1224     1508     1866     2311     2847     3469     4153     4868     5579     6278     6991     7787     8788    10188    12333    15919    22600    37208    77766   193769   183040   60379
       27155   14577     8935     5968     4237     3149     2426     1925     1565     1300     1100      946      825      730      653      591      541      500      467      440      417      400      386      376      368      364      362      364      367      374      383      395      411      430      453      481      514      553      599      654      718      794      882      986     1108     1249     1412     1599     1812     2051     2316     2605     2918     3252     3608     3991     4411     4884     5439     6119     6990     8162     9820    12308    16326    23513    38503    79099   260220   780873   243941   63896
       12682    7127     4443     2976     2103     1548     1179      922      739      604      503      426      366      318      280      250      225      205      188      174      163      154      146      140      136      132      129      128      127      128      129      131      134      139      144      151      159      169      182      196      214      234      260      290      326      371      425      491      573      673      798      953     1144     1381     1673     2030     2463     2984     3610     4367     5300     6493     8105    10451    14200    20987    35649    77171   218481   238448    73372   26577
       14863    6157     3178     1868     1198      818      585      435      334      264      213      175      146      125      108       94       83       75       68       62       57       53       50       48       46       44       43       42       42       42       42       43       44       45       47       49       52       55       59       64       70       78       87       98      112      130      152      181      219      268      335      426      553      731      984     1344     1850     2527     3360     4250     5044     5648     6108     6582     7290     8548    10973    16235    30695    92905   199570   55002
       12010    6877     4197     2711     1838     1297      947      712      549      432      348      285      237      200      171      148      130      115      104       94       86       79       74       69       65       62       60       58       57       56       55       55       55       56       57       59       61       64       67       71       76       82       89       98      108      121      137      156      180      210      248      297      360      444      554      704      908     1189     1583     2139     2925     4040     5618     7851    11041    15721    22883    33983    48196    53361    39140   22085
        6550    3817     2355     1529     1037      730      531      397      305      239      191      155      129      108       92       79       69       61       55       49       45       41       38       36       34       32       31       30       29       28       28       28       28       28       29       29       30       32       33       35       38       40       44       48       53       59       67       76       88      103      121      145      177      219      275      352      459      613      836     1167     1671     2450     3672     5609     8695    13614    21326    32076    40426    35281    21810   11867
        5221    4611     3861     3054     2306     1694     1233      902      667      502      385      300      239      193      158      132      112       96       83       73       65       58       52       48       44       41       39       37       35       34       33       32       31       31       31       31       32       33       34       35       37       39       41       45       48       53       59       66       74       85       98      115      137      165      203      254      323      421      561      768     1076     1544     2249     3264     4565     5887     6794     7066     6875     6502     6102    5695
        2441    2422     2468     2526     2517     2357     2024     1599     1193      867      629      462      346      264      206      164      132      109       91       78       67       59       52       46       42       38       35       33       31       29       28       27       26       26       25       25       25       26       26       27       28       30       31       33       36       39       43       48       54       61       71       83       99      119      147      186      242      323      448      650      998     1642     2934     5613     9963    11915     9117     6116     4349     3382     2850    2567
        2530    2262     2049     1853     1648     1429     1201      982      786      621      489      386      307      247      200      165      137      116       99       86       75       66       59       53       48       44       41       39       36       35       33       32       31       31       30       30       31       31       32       33       34       35       37       40       43       47       51       57       63       72       82       96      113      136      167      208      266      350      475      671      993     1559     2628     4770     8793    13169    12617     8921     6098     4452     3494    2910
        2395    2847     3647     4836     5782     5069     3233     1835     1065      657      430      296      213      159      122       96       78       64       53       46       39       34       31       27       25       23       21       20       19       18       17       16       16       16       16       16       16       16       17       17       18       19       20       22       24       26       29       33       37       43       50       59       71       87      110      141      187      256      366      548      873     1487     2685     4713     6424     5910     4395     3266     2613     2272     2141    2179
        7861    7496     6359     4882     3526     2487     1755     1256      917      684      521      405      321      259      212      177      149      127      110       96       85       76       69       63       58       54       50       47       45       43       42       41       40       39       39       39       39       40       41       42       44       46       49       52       55       60       65       72       80       89      101      116      133      156      184      219      265      325      402      504      639      818     1055     1367     1772     2286     2921     3683     4567     5551     6567    7443
        2197    2006     1810     1615     1422     1237     1063      904      764      642      539      452      381      323      275      235      203      177      155      138      123      110      100       92       84       78       73       69       66       63       61       59       57       57       56       56       56       57       58       60       62       64       67       71       76       82       89       97      107      119      133      151      174      201      236      280      335      407      499      619      773      971     1217     1511     1837     2161     2435     2615     2681     2644     2533    2376
        2393    2965     3677     4108     3649     2563     1608     1000      645      435      306      223      168      130      104       84       70       59       50       43       38       34       30       28       25       24       22       21       20       19       19       18       18       18       18       18       19       19       20       21       22       23       25       27       30       33       37       42       48       56       66       79       96      119      151      195      258      350      485      682      959     1310     1668     1915     1981     1909     1793     1698     1656     1683     1794    2017
        2294    2718     2888     2565     1924     1318      886      606      428      312      234      181      143      116       95       80       68       59       52       46       41       37       34       32       30       28       27       26       25       24       24       24       24       24       24       25       26       27       28       30       32       34       37       41       45       51       57       66       76       89      106      126      153      188      232      287      356      438      531      627      717      792      848      889      922      956     1003     1072     1176     1330     1556    1876
        1272     838      584      429      329      261      213      179      152      132      116      103       92       83       75       69       63       58       54       50       47       44       41       39       36       34       33       31       30       28       27       26       25       25       24       24       23       23       23       23       23       23       24       24       25       26       27       28       30       32       34       37       40       45       50       56       63       73       86      102      124      153      196      257      351      503      761     1216     1971     2782     2765    1979
         652     606      579      568      569      577      586      586      570      529      466      392      317      252      198      156      124      100       81       67       56       48       41       36       31       28       25       23       21       19       18       17       16       16       15       15       15       15       15       15       15       15       16       17       18       19       20       22       24       27       30       34       39       46       54       65       80      100      128      168      227      314      445      638      895     1163     1322     1295     1146      974      831     725
        1052    1073     1098     1128     1160     1183     1177     1124     1016      866      703      551      426      328      254      199      158      127      104       86       72       62       53       46       41       37       33       30       28       26       24       23       21       21       20       19       19       19       19       19       19       20       20       21       22       23       25       26       29       31       34       38       43       49       56       65       77       92      110      135      166      208      262      331      418      523      639      757      862      943      997    1030
         538     613      731      912     1177     1503     1718     1570     1148      751      486      324      225      162      121       93       74       60       49       42       36       31       27       24       22       20       18       17       16       15       15       14       14       14       14       14       14       14       14       15       16       17       18       19       21       23       25       29       32       37       44       52       62       76       94      119      152      198      258      334      421      504      564      587      576      546      512      484      465      459      467     492
         630     687      797      996     1369     2123     3718     5825     4747     2279     1087      588      354      231      161      117       88       69       55       45       38       32       27       24       21       19       17       16       15       14       13       13       12       12       12       11       11       12       12       12       12       13       14       15       16       17       19       21       23       26       30       36       42       51       63       79      101      133      180      251      358      515      728      951     1087     1075      964      836      732      660      621     610
         508     481      477      497      544      628      765      974     1244     1432     1304      930      589      370      240      164      116       85       65       51       41       33       28       23       20       18       16       14       13       12       11       10        9        9        9        8        8        8        8        8        8        8        9        9        9       10       11       12       13       14       16       18       20       23       27       33       40       50       63       82      110      151      214      312      458      651      836      916      864      751      642     560
        1050     955      880      829      800      788      787      790      786      760      703      617      515      412      323      251      195      153      121       97       80       66       55       47       41       35       31       28       25       23       21       19       18       17       16       16       15       15       15       15       15       15       15       15       16       17       18       19       20       22       24       26       29       33       38       43       51       61       73       90      113      144      188      251      341      469      643      855     1063     1196     1217    1150
         249     227      215      212      217      233      261      306      375      475      600      687      643      484      323      211      141       98       70       52       40       32       26       21       18       15       13       12       10        9        8        8        7        7        6        6        6        6        6        6        6        6        6        6        6        7        7        8        8        9       10       11       13       15       17       21       25       31       38       50       65       89      125      179      260      366      467      509      474      404      336     285
         564     547      537      536      543      554      562      557      529      475      401      323      251      193      148      114       89       71       57       47       39       33       28       24       21       19       17       15       14       13       12       11       10       10       10        9        9        9        9        9        9        9       10       10       10       11       12       12       13       15       16       18       20       23       27       32       37       45       55       68       86      110      143      188      247      323      411      497      563      597      600     584
         680     667      673      696      727      749      734      661      540      409      296      212      153      112       84       65       51       40       33       27       23       19       17       15       13       11       10        9        9        8        8        7        7        7        6        6        6        6        6        6        6        7        7        7        8        8        9       10       10       12       13       15       17       20       23       28       34       41       52       67       88      118      162      227      320      445      591      720      789      791      755     711
         556     358      258      204      173      157      150      151      159      176      204      245      300      352      364      309      223      150      100       68       48       35       27       21       16       13       11        9        8        7        6        5        5        4        4        4        3        3        3        3        3        3        3        3        3        3        3        3        4        4        4        4        5        5        6        7        8       10       12       14       18       22       30       40       58       87      141      252      501     1002     1322     941
         319     267      227      201      185      177      176      180      190      202      215      220      211      186      151      116       86       64       48       36       28       22       18       15       12       10        9        8        7        6        5        5        4        4        4        4        3        3        3        3        3        3        3        3        3        3        3        4        4        4        5        5        6        6        7        8        9       11       13       16       20       26       34       45       63       90      132      196      282      367      402     375
         105      98       93       89       89       90       93       98      106      115      125      134      139      135      122      103       83       65       51       40       31       25       20       17       14       12       10        9        8        7        6        6        5        5        5        4        4        4        4        4        4        4        4        4        4        5        5        5        5        6        6        7        8        9       10       12       14       17       21       26       32       41       52       67       86      106      125      137      140      135      125     115
         131     128      124      121      119      117      116      114      111      106       99       89       78       66       55       45       37       30       25       20       17       14       12       10        9        8        7        6        6        5        5        4        4        4        4        4        3        3        3        3        3        3        3        3        4        4        4        4        5        5        5        6        7        7        8       10       11       13       16       19       23       28       35       44       55       68       84      100      114      125      131     133
         283     262      225      192      168      152      143      140      143      150      162      177      190      194      180      150      115       84       61       44       33       25       19       15       12       10        8        7        6        5        4        4        4        3        3        3        3        2        2        2        2        2        2        2        2        2        2        2        2        3        3        3        3        4        4        5        5        6        7        8       10       12       16       20       26       36       49       71      103      151      212     266
         183     175      161      147      134      125      118      113      110      108      106      102       97       89       79       68       57       46       37       30       24       20       16       14       11       10        8        7        6        6        5        5        4        4        3        3        3        3        3        3        3        3        3        3        3        3        3        3        3        3        4        4        4        5        5        6        7        8        9       11       13       16       20       26       33       43       57       76      102      131      160     179
          56      49       44       41       40       40       41       44       49       56       66       79       94      104      102       87       66       47       33       24       18       13       10        8        7        5        5        4        3        3        3        2        2        2        2        2        2        1        1        1        1        1        1        1        2        2        2        2        2        2        2        3        3        4        4        5        6        7        9       12       15       20       28       40       59       85      113      129      123      103       83      67
         220     170      136      114      102       95       94       95      100      106      110      108       97       80       60       44       32       23       17       13       10        8        6        5        4        3        3        2        2        2        2        1        1        1        1        1        1        1        1        1        1        1        1        1        1        1        1        1        1        1        1        2        2        2        2        3        3        4        5        6        7        9       12       17       23       34       52       83      136      214      278     273
          83      85       84       81       78       75       73       70       68       65       61       55       49       42       35       28       23       18       15       12       10        8        7        6        5        4        4        3        3        2        2        2        2        2        2        1        1        1        1        1        1        1        1        1        1        1        1        1        2        2        2        2        2        2        3        3        4        4        5        6        7        9       11       14       17       22       28       37       47       58       69      78
         162     123       88       64       50       41       35       32       30       29       30       31       34       37       42       49       55       59       58       50       40       30       22       16       12        9        7        6        5        4        3        3        2        2        2        1        1        1        1        1        1        1        1        1        1        1        1        1        1        1        1        1        1        1        1        2        2        2        3        3        4        5        6        8       10       14       20       29       46       76      122     165
          79      77       74       72       69       68       67       66       65       63       59       54       48       41       34       28       22       18       15       12       10        8        7        6        5        4        4        3        3        3        2        2        2        2        2        2        2        1        1        1        1        1        1        1        2        2        2        2        2        2        2        3        3        3        4        4        5        6        7        8       10       13       16       20       25       32       41       51       62       71       77      80
         158     163      163      164      166      173      184      197      207      206      185      149      110       78       55       39       28       21       16       12       10        8        6        5        4        4        3        3        2        2        2        2        2        1        1        1        1        1        1        1        1        1        1        1        1        1        1        1        2        2        2        2        2        3        3        3        4        5        6        7        9       11       14       18       23       31       42       57       77      101      126     146
         177     154      120       93       74       61       53       48       45       43       43       43       44       45       46       46       43       39       34       28       23       18       14       11        9        7        6        5        4        4        3        3        2        2        2        2        2        1        1        1        1        1        1        1        1        1        1        1        1        1        1        1        2        2        2        2        3        3        3        4        5        6        8       10       13       17       24       34       51       79      120     162
          71      58       50       44       41       39       39       40       43       47       53       60       68       72       68       58       45       33       24       17       13       10        8        6        5        4        3        3        2        2        2        2        1        1        1        1        1        1        1        1        1        1        1        1        1        1        1        1        1        1        1        1        2        2        2        3        3        4        4        6        7        9       12       17       24       35       52       76      101      113      105      88
          44      43       40       36       33       30       28       26       24       23       22       22       21       21       20       20       19       18       16       15       13       12       10        9        8        7        6        5        4        4        3        3        3        2        2        2        2        2        2        2        1        1        1        1        1        1        1        1        2        2        2        2        2        2        2        3        3        3        4        5        5        6        8        9       12       15       18       23       29       35       40      44
          52      63       72       78       81       79       75       69       62       56       50       45       40       36       32       28       25       22       20       17       15       13       12       10        9        8        7        6        6        5        5        4        4        3        3        3        3        3        2        2        2        2        2        2        2        2        2        2        2        2        2        3        3        3        3        3        4        4        4        5        6        7        8        9       10       12       15       18       23       28       35      43
          82      62       46       35       28       24       21       19       18       18       18       19       20       22       24       27       30       32       31       28       23       18       14       11        8        6        5        4        3        3        2        2        2        1        1        1        1        1        1        1        1        1        1        1        1        1        1        1        1        1        1        1        1        1        1        1        1        2        2        2        3        4        5        6        8       11       16       25       39       60       85      95
          69      54       40       31       24       20       17       16       14       14       13       14       14       15       16       18       21       24       27       29       29       27       23       18       14       10        8        6        5        4        3        3        2        2        2        1        1        1        1        1        1        1        1        1        1        1        1        1        1        1        1        1        1        1        1        1        1        2        2        2        3        3        4        6        7       10       14       20       31       46       65      76
          34      33       31       30       29       28       27       27       27       28       30       32       35       38       41       44       45       44       40       34       28       22       17       14       11        9        7        6        5        4        4        3        3        2        2        2        2        2        2        1        1        1        1        1        1        1        1        1        1        2        2        2        2        2        2        3        3        3        4        5        5        7        8       10       12       14       18       21       25       29       32      34
          52      48       43       38       34       30       27       25       23       22       21       20       19       19       18       18       17       16       15       14       13       12       11        9        8        7        6        6        5        4        4        4        3        3        3        3        2        2        2        2        2        2        2        2        2        2        2        2        2        2        2        2        3        3        3        3        4        4        5        6        7        9       10       13       16       20       25       32       39       47       52      54
          68      61       51       43       36       32       29       26       25       25       25       27       29       32       37       43       49       56       58       54       45       35       26       19       14       11        8        6        5        4        3        3        2        2        2        2        1        1        1        1        1        1        1        1        1        1        1        1        1        1        1        1        1        1        2        2        2        2        3        3        4        5        6        7       10       13       17       24       33       46       59      68
          21      23       24       26       27       28       29       30       31       32       33       34       35       35       36       35       34       32       29       26       23       20       17       14       12       10        9        7        6        6        5        4        4        3        3        3        3        2        2        2        2        2        2        2        2        2        2        2        2        2        2        2        2        2        3        3        3        3        4        4        5        5        6        7        8        9       10       12       14       15       17      19
          20      21       23       24       25       27       29       32       35       38       41       43       43       42       38       33       27       22       18       15       12       10        8        7        6        5        4        4        3        3        3        2        2        2        2        2        2        2        2        2        2        2        2        2        2        2        2        2        2        2        2        3        3        3        3        4        4        5        5        6        7        8        9       10       12       13       14       15       17       18       19      20
          21      20       20       20       20       20       21       22       23       25       27       29       32       33       33       32       29       25       20       17       13       11        9        7        6        5        4        4        3        3        2        2        2        2        2        2        1        1        1        1        1        1        1        1        1        1        1        2        2        2        2        2        3        3        3        4        4        5        6        7        8       10       12       14       16       18       20       21       22       22       22      21
          31      27       23       20       18       16       15       14       13       13       13       13       14       15       17       19       21       23       25       26       25       23       19       15       12        9        7        6        5        4        3        3        2        2        2        1        1        1        1        1        1        1        1        1        1        1        1        1        1        1        1        1        1        1        1        2        2        2        2        3        4        4        5        7        9       12       15       20       26       31       34      34
          18      17       17       16       16       16       16       17       18       20       23       26       31       37       43       47       47       41       33       25       18       13       10        8        6        5        4        3        3        2        2        2        1        1        1        1        1        1        1        1        1        1        1        1        1        1        1        1        1        1        1        1        1        2        2        2        2        3        3        4        5        6        7        9       11       13       16       18       19       20       20      19
          13      12       11       10        9        9        9       10       11       12       14       16       21       26       34       40       41       33       24       16       11        8        6        4        3        2        2        2        1        1        1        1        1        0        0        0        0        0        0        0        0        0        0        0        0        0        0        0        0        0        1        1        1        1        1        1        2        2        2        3        4        5        7       10       14       18       23       25       25       22       19      16
           7       6        6        6        6        5        6        6        6        7        8        9       11       14       18       24       31       37       35       27       19       13        9        7        5        4        3        2        2        1        1        1        1        1        1        1        0        0        0        0        0        0        0        0        0        0        0        0        1        1        1        1        1        1        1        2        2        2        3        4        4        6        7        9       10       11       12       11       11       10        9       8
