SWAN 1
LOCATIONS
     1
     681726.07 2033118.57
AFREQ
     56
     0.0300
     0.0400
     0.0500
     0.0600
     0.0700
     0.0800
     0.0900
     0.1000
     0.1100
     0.1200
     0.1300
     0.1400
     0.1500
     0.1600
     0.1700
     0.1800
     0.1900
     0.2000
     0.2100
     0.2200
     0.2300
     0.2400
     0.2500
     0.2600
     0.2700
     0.2800
     0.2900
     0.3000
     0.3100
     0.3200
     0.3300
     0.3400
     0.3500
     0.3600
     0.3700
     0.3800
     0.3900
     0.4000
     0.4100
     0.4200
     0.4300
     0.4400
     0.4500
     0.4600
     0.4700
     0.4800
     0.4900
     0.5000
     0.5100
     0.5200
     0.5300
     0.5400
     0.5500
     0.5600
     0.5700
     0.5800
NDIR
     72
     5.0000
     10.0000
     15.0000
     20.0000
     25.0000
     30.0000
     35.0000
     40.0000
     45.0000
     50.0000
     55.0000
     60.0000
     65.0000
     70.0000
     75.0000
     80.0000
     85.0000
     90.0000
     95.0000
     100.0000
     105.0000
     110.0000
     115.0000
     120.0000
     125.0000
     130.0000
     135.0000
     140.0000
     145.0000
     150.0000
     155.0000
     160.0000
     165.0000
     170.0000
     175.0000
     180.0000
     185.0000
     190.0000
     195.0000
     200.0000
     205.0000
     210.0000
     215.0000
     220.0000
     225.0000
     230.0000
     235.0000
     240.0000
     245.0000
     250.0000
     255.0000
     260.0000
     265.0000
     270.0000
     275.0000
     280.0000
     285.0000
     290.0000
     295.0000
     300.0000
     305.0000
     310.0000
     315.0000
     320.0000
     325.0000
     330.0000
     335.0000
     340.0000
     345.0000
     350.0000
     355.0000
     360.0000
QUANT
     1
VaDens
m2/Hz/degr
     -999.000000
FACTOR
     1.00000E-06
          15      17       18       20       21       21       21       20       18       15       13       11       10        8        7        6        5        5        4        4        3        3        3        3        2        2        2        2        2        2        2        2        2        2        2        2        2        2        2        2        3        3        3        3        3        3        4        4        4        4        4        4        5        5        5        5        5        5        6        6        6        6        6        7        7        8        8        9       10       11       12      13
         270     234      178      130       94       70       54       43       35       29       25       21       19       17       15       14       13       13       12       12       11       11       11       11       12       12       13       13       14       15       16       18       20       22       24       27       30       33       37       40       42       43       43       43       41       39       37       34       32       30       29       27       26       26       25       25       26       26       27       29       31       34       38       43       50       60       74       94      122      163      214     260
          64      78       97      120      142      153      145      121       93       70       53       40       31       25       20       17       14       12       11       10        9        8        7        7        7        6        6        6        6        6        6        6        6        7        7        7        8        9        9       11       12       13       15       18       21       25       29       34       40       45       49       52       52       51       48       45       41       38       35       33       31       30       29       29       29       30       31       33       36       40       46      53
         218     256      295      325      333      315      275      228      184      147      119       97       80       67       58       50       44       39       36       33       30       28       27       26       25       24       24       24       24       25       25       26       28       29       31       34       37       40       45       50       57       64       74       84       96      108      121      131      138      142      141      136      129      121      113      106       99       94       90       87       85       85       85       87       90       95      102      111      123      139      159     185
        2180    2102     1823     1455     1110      835      632      486      380      303      247      204      172      147      128      112      100       90       82       75       70       66       62       59       57       55       54       54       53       53       54       55       56       58       61       64       68       72       78       84       92      101      113      126      142      161      184      210      241      277      317      361      406      452      496      536      570      599      624      646      670      696      730      773      831      909     1012     1149     1327     1550     1808    2050
        6679    3707     2238     1446      987      704      520      396      310      248      203      168      142      122      106       93       83       75       68       62       58       54       51       49       47       45       44       44       43       43       43       44       45       47       48       51       54       57       62       67       74       82       91      103      118      137      162      193      234      288      362      464      609      817     1124     1584     2278     3308     4750     6534     8331     9737    10667    11436    12526    14513    18265    25225    35758    39420    26185   13148
       15518    9833     6424     4341     3031     2183     1617     1228      954      757      612      503      420      356      306      266      234      209      188      170      156      145      135      127      121      116      111      108      106      105      104      105      106      108      110      114      119      125      132      141      152      166      182      202      226      256      294      341      402      480      583      720      907     1169     1544     2099     2950     4314     6615    10748    18759    35686    74125   155589   250759   248098   185284   132064    92974    62742    40207   24990
        7077    4532     3068     2170     1591     1202      932      739      598      492      412      350      301      263      232      207      186      170      156      144      135      128      121      116      112      109      107      106      106      106      107      109      112      116      121      127      135      144      155      168      184      204      228      258      294      340      397      470      565      688      851     1071     1371     1787     2375     3216     4436     6219     8830    12636    18156    26208    38463    59227   102068   222112   592655   498264   137336    48320    22145   11889
       45522   30290    18482    11285     7146     4729     3265     2340     1733     1321     1032      824      672      557      469      401      348      306      271      244      221      203      188      175      165      157      151      146      142      139      138      137      138      140      143      147      153      160      168      179      192      208      228      252      281      317      362      419      492      585      708      871     1092     1399     1834     2468     3417     4873     7156    10745    16188    23542    31323    36781    38745    38721    38781    40266    43914    49815    55977   56180
       58528   47808    26228    13336     7279     4329     2768     1876     1331      982      748      585      469      384      320      271      233      203      179      160      145      132      122      113      107      101       97       93       91       89       88       88       88       89       91       94       98      102      108      115      124      135      148      164      184      209      241      281      332      400      491      615      789     1041     1416     2001     2957     4609     7639    13420    23802    36503    40350    33872    26527    21846    19570    19192    20674    24620    32563   46269
      136923  206378   100383    35933    15962     8457     5039     3259     2240     1613     1207      931      737      597      494      415      355      308      271      241      217      197      181      168      158      149      142      137      133      130      129      128      128      130      132      136      141      147      155      164      176      191      209      231      258      292      334      388      456      545      662      820     1036     1340     1776     2421     3397     4902     7225    10656    15091    19384    21756    21751    20556    19430    19045    19784    22158    27326    38386   65000
       80026   87073    81143    57388    33287    18491    10669     6522     4215     2860     2022     1481     1118      866      687      556      459      384      327      282      247      218      195      176      161      149      138      130      123      118      113      110      108      106      106      106      107      109      112      115      120      127      134      144      155      169      186      207      232      264      305      356      422      507      622      777      992     1300     1753     2444     3547     5399     8705    15008    27680    52380    87378   105318    95480    81125    73660   73765
       49576   52514    53505    47308    34161    21298    12687     7695     4862     3212     2211     1579     1165      884      687      546      443      365      306      261      225      197      174      155      140      128      118      110      103       97       93       89       87       85       84       83       83       84       85       87       90       93       98      104      111      119      129      142      157      176      199      228      264      311      371      449      554      697      897     1181     1598     2229     3217     4815     7475    11935    19089    28942    38806    44827    46837   47701
       16629   27159    42685    39175    19841     9203     4779     2773     1752     1180      836      616      470      368      295      242      202      171      148      129      114      102       92       85       78       73       69       65       62       60       59       58       57       57       57       58       59       61       64       67       71       75       81       88       97      107      120      136      156      181      214      255      310      383      482      617      807     1076     1458     1996     2724     3631     4604     5436     5964     6200     6299     6443     6793     7521     8900   11497
        9692   17386    38696    65086    35026    12955     5900     3208     1962     1301      916      674      515      405      327      270      227      194      169      149      132      120      109      101       94       88       84       80       78       76       74       74       74       74       76       77       80       83       87       93       99      107      116      128      142      160      181      208      241      284      338      407      496      610      757      942     1168     1430     1712     1983     2210     2373     2473     2531     2579     2648     2767     2972     3308     3858     4780    6424
        5099    7504    12761    24771    35839    21801     9281     4453     2471     1525     1015      716      528      403      317      256      211      177      152      132      116      103       93       85       78       73       68       65       62       60       59       58       57       57       57       58       60       61       64       67       71       76       82       89       98      109      122      139      160      185      218      260      314      385      476      595      748      940     1170     1425     1679     1896     2050     2138     2180     2206     2244     2323     2471     2725     3146    3853
        9572   14357    21071    25184    20649    12904     7603     4655     3015     2056     1465     1082      824      643      514      418      346      292      249      215      188      166      149      134      122      113      104       98       92       87       84       81       78       77       75       75       75       75       76       77       79       82       85       89       94      100      107      115      125      136      150      166      185      209      237      270      311      361      421      495      585      696      833     1002     1213     1479     1817     2256     2843     3657     4839    6650
        6692    8600    11896    16653    18942    14025     7788     4192     2407     1488      979      678      490      367      282      223      180      148      124      106       91       80       71       63       57       53       49       45       43       40       39       37       36       36       35       35       35       36       37       38       39       41       43       46       49       54       59       65       72       81       93      107      126      149      179      219      272      344      442      579      770     1037     1401     1875     2440     3032     3558     3961     4265     4558     4955    5597
        4019    5415     8068    13194    19630    17249     9154     4519     2454     1470      952      654      471      352      272      215      175      144      122      104       90       79       71       64       58       53       50       46       44       42       40       39       38       38       38       38       38       39       40       41       43       45       48       52       56       61       67       75       84       95      109      127      150      178      215      263      326      408      514      652      823     1028     1256     1485     1693     1865     2004     2129     2270     2464     2759    3231
        5023    7020    10471    15297    16928    11931     6635     3694     2205     1413      960      684      507      388      305      245      201      168      143      123      108       96       86       78       71       66       61       57       55       52       50       49       48       48       47       47       48       49       50       52       54       57       60       65       70       76       83       92      102      115      131      151      175      205      243      289      348      421      510      620      750      900     1067     1245     1430     1618     1816     2034     2296     2638     3122    3851
        3657    4018     4610     5486     6548     7235     6651     4935     3214     2029     1309      877      611      442      330      253      199      160      131      110       93       80       70       62       55       50       45       42       39       36       34       33       32       31       30       30       30       30       30       31       31       33       34       36       38       41       44       48       53       59       67       76       88      103      122      146      179      222      281      362      476      637      864     1178     1591     2082     2575     2969     3203     3309     3367    3461
        2400    2943     3867     5506     8245    10803     9137     5222     2752     1546      941      613      422      304      226      174      138      111       91       77       65       56       49       44       39       35       32       30       28       26       25       24       23       23       22       22       22       22       22       23       24       24       26       27       29       31       33       37       40       45       51       58       67       78       92      109      132      163      202      254      323      414      530      675      844     1027     1209     1376     1526     1672     1839    2063
        1213    1338     1602     2125     3222     5709     9671     8148     3628     1615      836      488      311      212      151      112       86       68       55       45       38       33       28       25       22       20       18       17       15       14       14       13       13       12       12       12       12       12       12       12       13       13       14       15       16       17       19       21       23       26       30       35       41       49       60       74       94      122      163      225      320      473      716     1086     1549     1912     1964     1768     1524     1334     1220    1179
        1123    1186     1339     1639     2224     3439     5984     8644     6100     2763     1310      708      426      277      191      138      104       80       64       52       43       36       31       27       24       21       19       17       16       15       14       13       13       12       12       12       12       12       12       12       12       12       13       14       15       16       17       18       20       23       26       29       34       40       47       57       71       89      115      152      206      286      406      585      831     1116     1346     1431     1380     1274     1179    1124
        1774    1740     1871     2231     3005     4634     7387     7703     4163     1878      937      526      324      214      149      108       81       63       50       41       34       28       24       21       18       16       15       13       12       11       11       10       10        9        9        9        9        9        9        9        9        9        9       10       11       11       12       13       14       16       18       20       24       28       33       39       48       60       77      102      138      194      284      439      716     1225     2088     3084     3400     2933     2357    1969
        1397    1647     2130     3111     5235     8787     8362     4069     1818      927      533      335      225      159      117       89       70       56       46       38       33       28       24       22       19       18       16       15       14       13       12       12       11       11       11       11       11       11       11       11       12       12       13       14       15       16       18       19       22       24       28       32       38       45       54       67       84      107      140      187      256      356      501      698      932     1149     1282     1312     1281     1243     1232    1275
        1599    1614     1716     1952     2412     3279     4808     6474     5715     3241     1648      894      529      338      228      162      119       91       71       57       46       39       33       28       24       22       19       17       16       15       13       13       12       11       11       11       11       10       10       10       11       11       11       12       12       13       14       15       16       18       19       22       25       28       33       39       47       57       70       89      115      152      205      285      404      582      831     1138     1432     1616     1663    1632
        1770    1615     1474     1387     1361     1398     1496     1643     1792     1832     1649     1283      901      608      411      284      203      149      112       87       69       55       45       38       32       28       24       21       19       17       16       14       13       13       12       11       11       11       11       10       10       10       11       11       11       12       12       13       14       15       16       18       19       22       25       28       33       39       47       57       71       90      117      157      215      303      440      652      963     1353     1698    1839
        1301    1314     1307     1327     1407     1580     1895     2416     3103     3444     2781     1715      977      574      357      235      162      117       87       67       52       42       35       29       24       21       18       16       14       13       12       11       10        9        9        9        8        8        8        8        8        8        8        8        8        9        9       10       10       11       12       13       14       16       18       21       24       29       34       42       51       65       83      109      146      201      283      404      576      798     1034    1216
        1389    2244     3368     4210     4195     3584     2889     2307     1841     1457     1135      867      651      484      359      268      201      154      119       94       75       60       50       41       35       30       26       23       20       18       16       15       13       12       12       11       10       10       10        9        9        9        9        9        9        9       10       10       10       11       12       12       13       15       16       18       20       23       26       30       36       43       52       64       80      103      136      183      256      369      552     862
        1914    3258     4268     3738     2615     1799     1304     1000      803      664      561      478      408      347      293      245      204      168      139      115       95       79       66       56       47       41       35       31       27       24       22       20       18       17       15       14       14       13       12       12       12       11       11       11       11       11       12       12       12       13       14       15       16       17       18       20       23       25       29       33       39       46       56       69       86      110      145      198      280      414      649    1086
        4955    5044     3120     1887     1279      960      776      662      585      526      474      423      368      311      256      205      162      128      101       80       64       52       43       35       30       25       22       19       17       15       13       12       11       10        9        9        8        8        8        8        7        7        7        7        7        8        8        8        8        9        9       10       11       12       14       15       17       20       23       27       33       40       50       64       83      113      160      237      375      645     1238    2636
        2980    3316     2453     1657     1197      946      809      740      716      724      756      796      816      779      672      524      383      273      194      140      104       79       61       48       39       32       26       22       19       17       15       13       12       11       10        9        9        8        8        8        7        7        7        7        7        7        7        8        8        8        9        9       10       11       12       14       15       18       21       24       29       35       43       55       72       97      135      197      305      506      914    1747
         780     810      833      869      933     1043     1221     1488     1826     2067     1910     1394      889      552      353      235      163      118       88       67       53       43       35       29       25       21       18       16       14       13       12       11       10       10        9        9        8        8        8        8        8        8        8        8        8        9        9        9       10       11       12       13       14       16       18       21       24       28       33       40       49       61       77       99      130      173      232      311      412      527      639     726
        1018     864      705      591      521      486      480      504      563      673      860     1151     1472     1490     1081      647      380      233      152      104       74       55       42       33       27       22       18       16       13       12       10        9        8        8        7        7        6        6        6        6        5        5        5        5        5        6        6        6        6        7        7        8        9       10       11       12       14       16       19       23       28       34       44       57       76      106      153      230      358      564      833    1032
        1455    1100      734      519      401      336      303      291      298      325      378      473      635      885     1114     1011      653      373      218      136       90       63       45       34       26       21       17       14       12       10        9        8        7        6        6        5        5        5        4        4        4        4        4        4        4        4        4        4        4        5        5        5        6        6        7        8        9       10       12       14       17       21       26       34       45       61       88      134      219      386      725    1251
         492     566      617      643      650      649      647      648      654      661      662      647      605      535      447      357      277      213      163      126       98       78       63       51       42       36       30       26       23       20       18       16       15       14       13       12       11       11       10       10       10        9        9        9        9        9       10       10       10       11       11       12       13       14       16       17       19       22       25       29       34       40       48       59       72       91      115      148      192      250      322     406
         836    1099     1177     1074      925      808      740      718      739      807      923     1072     1177     1101      840      557      353      228      152      105       76       56       43       33       27       22       18       15       13       11       10        9        8        7        7        6        6        5        5        5        5        5        5        5        5        5        5        5        5        5        6        6        7        7        8        9       10       11       13       15       18       22       27       33       43       56       75      105      151      226      351     554
         502     807     1050     1015      817      641      526      462      433      433      460      517      604      705      754      670      489      319      204      133       90       64       46       35       27       21       17       14       12       10        9        7        7        6        5        5        4        4        4        4        4        3        3        3        3        3        3        3        3        4        4        4        4        5        5        6        6        7        8        9       11       13       16       19       24       31       41       56       79      117      182     298
         744    1208     1374     1092      777      576      463      401      372      368      385      426      492      577      646      630      508      353      231      152      103       72       52       39       30       24       19       15       13       11        9        8        7        6        6        5        5        5        4        4        4        4        4        4        4        4        4        4        4        4        4        4        5        5        6        6        7        8        9       10       12       14       17       22       27       35       47       66       95      145      236     411
         928     832      613      456      365      318      300      306      340      413      558      846     1317     1450      880      424      218      124       77       51       36       26       20       15       12       10        8        7        6        5        4        4        3        3        3        3        2        2        2        2        2        2        2        2        2        2        2        2        2        3        3        3        3        4        4        5        5        6        7        8       10       13       16       21       28       38       55       82      131      224      404     701
         610     509      382      292      235      202      184      178      181      195      224      274      358      494      659      698      517      309      181      111       72       49       35       26       20       16       13       11        9        8        6        6        5        5        4        4        3        3        3        3        3        3        3        3        3        3        3        3        3        3        3        4        4        4        5        5        6        7        8       10       12       14       18       23       31       42       60       89      140      230      380     555
         251     276      281      274      263      253      249      253      266      292      335      400      492      592      638      563      410      271      177      118       82       59       43       33       26       21       17       14       12       10        9        8        7        6        6        5        5        5        4        4        4        4        4        4        4        4        4        4        4        4        5        5        5        6        6        7        8        9       10       12       14       17       21       26       32       41       53       70       94      126      167     212
        1490    1559      995      608      415      315      262      234      222      224      238      267      314      383      465      512      465      344      227      147       98       67       48       35       27       21       17       14       11       10        8        7        6        6        5        5        4        4        4        4        3        3        3        3        3        3        3        3        3        4        4        4        4        5        5        6        6        7        8       10       12       14       18       22       29       39       54       79      123      208      391     806
         306     214      159      126      106       95       88       86       88       95      106      126      158      212      299      410      455      355      220      131       81       53       37       27       20       16       12       10        8        7        6        5        5        4        4        3        3        3        3        3        3        2        2        2        2        2        3        3        3        3        3        3        4        4        5        5        6        7        8       10       13       16       21       27       38       55       85      138      236      389      496     433
         534     415      305      233      190      165      151      147      150      162      183      219      274      346      405      386      291      190      121       79       53       38       28       21       16       13       10        9        7        6        5        5        4        4        3        3        3        3        3        2        2        2        2        2        2        2        2        2        3        3        3        3        3        4        4        5        5        6        7        9       11       13       17       22       29       41       59       89      143      241      396     542
        1238     701      346      206      144      113       96       87       85       87       96      113      144      206      346      709     1292      872      334      148       78       47       30       21       15       11        9        7        6        5        4        3        3        3        2        2        2        2        2        1        1        1        1        1        1        1        1        1        1        1        2        2        2        2        2        3        3        3        4        5        6        7        9       11       15       21       30       46       77      145      325     832
         816     451      262      176      133      109       97       92       92       98      111      135      181      271      467      810      827      427      196      102       60       38       26       19       14       11        8        7        6        5        4        3        3        3        2        2        2        2        2        2        2        1        1        1        1        1        1        2        2        2        2        2        2        2        3        3        3        4        5        6        7        9       11       14       19       27       40       63      109      215      480     910
         177     143      118      102       92       86       84       86       91      101      118      144      187      254      340      391      336      226      140       88       58       40       29       22       17       13       11        9        7        6        6        5        4        4        4        3        3        3        3        3        3        2        2        2        3        3        3        3        3        3        3        4        4        5        5        6        7        8        9       12       14       18       24       32       44       62       92      136      194      244      251     219
         304     333      329      310      291      282      286      307      351      428      548      686      717      552      341      200      121       77       52       36       27       20       15       12       10        8        7        6        5        4        4        3        3        3        3        2        2        2        2        2        2        2        2        2        2        2        2        2        2        2        2        3        3        3        4        4        5        5        6        8        9       11       14       18       23       31       42       58       84      122      177     243
         283     328      340      324      298      273      256      249      251      264      291      334      398      477      540      527      424      295      195      130       89       63       46       34       27       21       17       14       12       10        9        8        7        6        5        5        5        4        4        4        4        4        3        3        3        3        3        4        4        4        4        4        5        5        6        6        7        8        9       10       12       14       17       21       27       35       45       61       83      116      162     221
         321     264      209      170      145      131      125      126      134      152      184      243      352      550      770      678      384      199      111       68       44       31       22       17       13       10        8        7        6        5        4        4        3        3        3        2        2        2        2        2        2        2        2        2        2        2        2        2        2        2        2        3        3        3        4        4        5        5        6        8        9       12       15       19       26       35       51       76      119      186      274     334
         115      95       81       73       68       66       67       70       78       90      111      147      211      320      455      458      301      168       96       60       39       27       20       15       12        9        8        6        5        5        4        4        3        3        3        2        2        2        2        2        2        2        2        2        2        2        2        2        2        3        3        3        4        4        5        5        6        7        9       11       14       19       25       34       49       71      106      152      192      201      177     143
         164     191      189      168      143      123      109      101       98       99      105      117      139      173      228      300      350      310      211      130       80       52       35       25       18       14       11        9        7        6        5        4        4        3        3        2        2        2        2        2        2        2        2        2        2        2        2        2        2        2        2        2        2        2        2        3        3        3        4        5        5        7        8       10       12       16       21       29       41       58       85     123
         147     127      101       80       66       57       51       48       47       49       53       61       74       99      145      243      441      567      348      160       81       46       29       20       14       10        8        6        5        4        3        3        2        2        2        2        1        1        1        1        1        1        1        1        1        1        1        1        1        1        1        1        1        2        2        2        2        3        3        4        4        5        7        9       12       16       22       32       47       73      108     140
         114      88       70       59       51       47       44       44       45       48       53       62       75       97      132      181      227      218      157       99       62       40       27       20       15       11        9        7        6        5        4        4        3        3        2        2        2        2        2        2        2        2        2        2        2        2        2        2        2        2        2        2        2        3        3        4        4        5        6        7        9       11       14       19       27       39       58       88      131      170      176     148
