SWAN 1
LOCATIONS
     1
     681726.07 2033118.57
AFREQ
     56
     0.0300
     0.0400
     0.0500
     0.0600
     0.0700
     0.0800
     0.0900
     0.1000
     0.1100
     0.1200
     0.1300
     0.1400
     0.1500
     0.1600
     0.1700
     0.1800
     0.1900
     0.2000
     0.2100
     0.2200
     0.2300
     0.2400
     0.2500
     0.2600
     0.2700
     0.2800
     0.2900
     0.3000
     0.3100
     0.3200
     0.3300
     0.3400
     0.3500
     0.3600
     0.3700
     0.3800
     0.3900
     0.4000
     0.4100
     0.4200
     0.4300
     0.4400
     0.4500
     0.4600
     0.4700
     0.4800
     0.4900
     0.5000
     0.5100
     0.5200
     0.5300
     0.5400
     0.5500
     0.5600
     0.5700
     0.5800
NDIR
     72
     5.0000
     10.0000
     15.0000
     20.0000
     25.0000
     30.0000
     35.0000
     40.0000
     45.0000
     50.0000
     55.0000
     60.0000
     65.0000
     70.0000
     75.0000
     80.0000
     85.0000
     90.0000
     95.0000
     100.0000
     105.0000
     110.0000
     115.0000
     120.0000
     125.0000
     130.0000
     135.0000
     140.0000
     145.0000
     150.0000
     155.0000
     160.0000
     165.0000
     170.0000
     175.0000
     180.0000
     185.0000
     190.0000
     195.0000
     200.0000
     205.0000
     210.0000
     215.0000
     220.0000
     225.0000
     230.0000
     235.0000
     240.0000
     245.0000
     250.0000
     255.0000
     260.0000
     265.0000
     270.0000
     275.0000
     280.0000
     285.0000
     290.0000
     295.0000
     300.0000
     305.0000
     310.0000
     315.0000
     320.0000
     325.0000
     330.0000
     335.0000
     340.0000
     345.0000
     350.0000
     355.0000
     360.0000
QUANT
     1
VaDens
m2/Hz/degr
     -999.000000
FACTOR
     1.00000E-06
          11      10        9        9        8        7        7        6        6        6        5        5        5        5        5        5        5        5        5        5        6        6        6        6        6        6        6        6        6        6        6        6        5        5        5        4        4        4        3        3        3        3        3        3        3        3        3        3        3        3        3        3        3        3        3        3        4        4        4        5        6        6        7        8        9       10       10       11       12       12       12      11
          80      85       88       88       84       79       72       65       59       53       48       43       40       36       34       32       30       29       28       27       26       26       26       26       26       26       26       26       26       26       26       26       26       25       25       24       23       23       22       21       20       19       19       18       17       17       16       16       16       15       15       15       15       15       16       16       17       17       18       20       21       23       25       27       30       34       38       44       50       57       64      72
         331     335      303      252      200      156      122       97       78       65       54       46       40       35       31       28       26       24       22       21       20       19       18       18       18       17       17       17       17       18       18       18       19       19       20       21       22       23       23       24       25       26       27       28       29       30       31       32       33       33       34       35       36       37       38       39       41       43       45       48       52       57       63       71       81       94      111      133      163      201      248     296
        2194    1976     1574     1165      842      612      453      343      266      211      171      141      119      101       87       77       68       61       55       51       47       44       42       40       38       37       36       35       35       35       35       35       36       37       39       40       43       45       48       52       56       62       68       76       85       95      108      124      142      163      187      215      247      281      318      355      392      428      463      496      531      568      610      662      728      814      929     1083     1290     1555     1860    2124
       28696   13522     7566     4722     3178     2260     1679     1290     1020      827      684      577      494      429      379      338      305      279      257      239      225      214      204      197      192      189      187      186      187      190      194      199      207      217      229      243      261      283      309      341      380      427      485      558      648      760      901     1080     1306     1589     1943     2376     2888     3466     4081     4687     5241     5721     6136     6529     6962     7521     8317     9517    11418    14615    20514    33110    67109   178994   231948   80401
       38545   18810    10764     6807     4613     3291     2444     1875     1478     1193      982      823      701      605      530      469      421      381      349      322      300      282      268      256      247      240      235      232      231      231      233      237      243      250      260      273      288      307      329      356      388      427      474      531      600      684      788      916     1075     1273     1520     1828     2213     2689     3274     3980     4817     5790     6902     8166     9619    11354    13552    16563    21083    28636    43181    78025   202546   820340   515677  106224
       36783   18002    10120     6236     4103     2838     2043     1520     1163      911      729      594      492      414      354      306      268      237      212      192      175      161      149      140      132      126      121      117      114      112      110      110      110      112      114      117      120      125      132      139      148      159      173      189      208      232      261      296      340      395      463      551      663      809     1000     1256     1600     2069     2716     3618     4884     6679     9252    13015    18730    28041    45168    83585   199514   495348   320254   94444
        6388    3736     2407     1656     1194      893      688      543      437      358      298      252      216      187      164      145      129      117      106       97       90       84       79       74       71       68       66       64       63       62       61       61       61       62       63       65       67       69       72       76       81       86       92      100      109      119      132      147      165      187      213      245      284      332      393      469      566      691      855     1075     1376     1804     2440     3444     5173     8566    16805    46742   232984   181964    35177   12816
       13781   10882     8251     5962     4158     2859     1972     1381      988      723      542      415      324      258      210      173      145      123      106       92       81       72       65       59       54       50       47       44       42       40       39       38       37       37       37       37       37       38       39       40       42       44       47       51       55       60       66       73       82       94      108      126      149      179      220      274      349      457      614      853     1235     1877     3032     5298    10207    21691    44477    59267    46223    31119    22358   17271
       11415    9051     6072     3727     2265     1417      923      627      443      323      243      187      148      119       98       81       69       59       51       45       40       36       33       30       28       26       25       24       23       22       22       21       21       21       21       21       22       23       24       25       26       28       30       33       36       40       45       51       58       68       80       96      117      146      185      241      323      448      645      977     1572     2731     5215    10889    21791    29425    24584    18029    14359    12774    12356   12277
        9286   11316    10186     6277     3320     1804     1054      660      438      305      221      166      128      101       82       67       56       48       41       36       32       29       26       24       22       20       19       18       17       17       16       16       16       16       16       16       17       17       18       19       20       21       23       25       27       30       34       39       44       52       61       74       91      114      146      192      262      370      549      864     1468     2760     5830    12683    18950    15237    10025     7283     6076     5753     6118    7250
        6973    5959     4751     3522     2480     1710     1181      829      595      438      329      254      199      160      130      108       91       78       67       59       52       47       42       39       36       33       31       29       28       27       26       26       25       25       25       25       26       26       27       29       30       32       34       37       40       44       49       55       62       72       84       99      119      145      181      231      301      405      562      813     1234     1988     3436     6390    12199    19844    21746    17399    13107    10435     8867    7850
        4115    3283     2661     2182     1803     1498     1247     1041      870      729      613      518      439      374      321      278      241      212      187      166      149      135      123      112      104       97       91       86       81       78       75       73       71       70       70       70       70       71       72       74       77       80       84       89       95      102      111      121      134      149      168      192      221      258      306      368      450      560      712      926     1235     1696     2401     3502     5206     7631    10283    11670    10856     8825     6816    5254
        3461    3112     2818     2560     2321     2090     1860     1631     1408     1199     1009      843      701      584      488      409      346      295      253      219      192      169      151      136      123      112      104       96       90       85       81       78       75       73       72       71       71       71       72       73       75       78       81       85       90       96      104      113      124      138      154      175      201      233      274      328      397      490      615      787     1025     1360     1829     2470     3288     4196     4968     5347     5262     4867     4364    3879
        2301    2141     2047     1997     1974     1953     1910     1821     1672     1471     1242     1016      816      650      518      415      336      275      228      192      163      141      123      108       96       87       79       73       67       63       59       57       54       53       51       51       50       50       51       52       53       55       57       60       64       68       74       81       89      100      113      129      150      176      211      258      321      409      535      721     1002     1438     2122     3153     4481     5604     5818     5163     4260     3492     2935    2553
        2512    2133     1869     1679     1533     1410     1294     1174     1044      907      770      640      525      428      348      283      232      192      160      135      115       99       87       76       68       61       55       50       46       43       41       38       37       35       34       33       33       33       33       33       33       34       35       37       39       41       44       47       51       56       62       70       80       92      107      127      153      188      235      302      397      538      754     1096     1647     2520     3741     4919     5274     4692     3809    3056
        1978    1800     1596     1369     1135      913      718      558      432      336      263      208      167      135      111       93       78       67       58       50       45       40       36       33       30       28       26       24       23       22       21       21       20       20       20       20       20       20       21       21       22       23       25       26       28       31       34       37       42       47       54       62       72       85      102      124      154      193      247      321      425      570      772     1041     1378     1748     2082     2305     2389     2360     2264    2132
        1925    1649     1463     1340     1259     1202     1151     1091     1007      895      763      626      500      393      308      242      192      154      125      103       86       72       62       54       47       41       37       34       31       28       26       25       23       22       21       21       20       20       20       20       20       21       21       22       23       24       25       27       30       32       36       40       45       51       59       70       83      101      125      158      205      272      373      529      776     1170     1770     2529     3124     3177     2790    2313
        1994    1871     1745     1620     1488     1341     1173      990      808      642      501      388      301      235      185      148      119       98       81       68       58       50       44       38       34       31       28       26       24       22       21       20       19       18       18       17       17       17       17       17       17       18       18       19       20       21       22       24       26       29       32       36       40       46       53       62       74       89      109      136      172      223      293      394      537      740     1013     1350     1699     1971     2098    2087
        4370    3416     2287     1498     1012      713      522      395      308      245      200      165      139      119      102       89       79       70       63       57       52       48       44       41       39       37       35       33       32       31       30       30       29       29       29       29       29       29       30       31       31       33       34       35       37       39       42       45       48       52       57       62       68       76       85       95      108      123      142      165      194      231      279      343      429      551      727      995     1416     2091     3101    4177
        3654    4712     4763     3665     2439     1588     1066      746      543      409      317      252      205      169      142      122      105       92       82       73       66       60       56       52       48       45       43       41       40       38       37       37       36       36       36       36       37       37       38       39       41       42       44       47       49       52       56       60       65       70       76       84       92      101      112      125      140      157      177      201      229      262      303      354      419      502      612      765      982     1303     1797    2563
        1919    2483     3024     3194     2788     2092     1465     1018      722      527      395      305      241      195      160      134      114       99       86       76       68       62       56       52       48       45       43       40       39       38       37       36       35       35       35       35       36       37       38       39       40       42       45       47       50       54       58       63       69       75       83       92      102      113      126      142      159      178      200      225      253      285      322      364      414      474      548      642      765      930     1157    1476
         565     850     1422     2524     3395     2398     1220      646      381      246      170      124       94       74       60       49       42       36       31       28       25       23       21       20       18       17       17       16       16       16       16       16       16       16       17       18       19       20       21       23       25       27       30       34       38       44       50       58       68       79       92      106      121      136      148      158      164      166      166      164      162      160      159      160      164      171      183      200      225      263      320     411
        1941    1760     1642     1591     1595     1636     1674     1646     1493     1223      918      655      461      326      236      174      131      102       80       65       53       44       37       32       28       24       22       19       18       16       15       14       13       13       12       12       11       11       11       11       11       11       12       12       13       13       14       15       16       18       19       22       24       28       32       37       44       53       65       82      104      136      182      251      357      523      784     1171     1660     2088     2249    2145
        2333    1523     1053      792      641      552      500      473      462      465      475      486      490      476      437      377      308      243      188      145      113       88       70       57       47       39       33       28       25       22       19       17       16       14       13       13       12       11       11       11       10       10       10       10       10       11       11       11       12       13       13       14       16       17       19       22       25       29       34       41       50       63       81      107      147      210      318      516      906     1689     2853    3192
         848     927      934      883      803      720      644      579      525      479      438      401      365      329      293      258      224      193      164      139      118      100       85       73       63       55       48       42       37       33       30       27       25       23       22       20       19       18       18       17       17       16       16       16       16       17       17       17       18       19       20       21       23       25       27       30       33       37       42       48       56       67       80       97      120      151      194      251      330      435      567     715
         767     683      592      516      459      420      394      377      365      354      340      319      289      252      211      172      138      109       87       69       56       46       38       32       27       23       20       17       15       14       12       11       10       10        9        9        8        8        8        8        7        7        7        7        8        8        8        9        9       10       10       11       12       14       15       17       20       23       27       33       40       50       63       81      108      147      206      293      417      574      722     794
         465     534      601      648      653      603      508      401      304      227      170      129       99       78       62       50       41       34       29       25       21       19       17       15       13       12       11       10       10        9        9        8        8        8        8        8        8        8        8        8        8        8        8        9        9       10       11       12       13       14       15       17       19       22       25       28       33       39       45       54       64       76       91      109      131      156      184      217      255      297      346     401
         322     258      213      184      165      153      148      147      150      158      170      184      198      209      208      192      165      133      103       79       61       47       37       30       24       20       17       14       12       11       10        9        8        7        7        6        6        6        5        5        5        5        5        5        5        5        5        6        6        6        7        8        8        9       11       12       14       17       20       24       30       38       50       68       95      138      205      306      427      508      490     408
         296     244      197      161      134      115      101       90       83       78       74       71       69       68       66       65       63       61       58       55       50       46       41       36       32       28       25       22       19       17       15       13       12       11       10        9        9        8        8        8        7        7        7        7        7        7        7        7        7        8        8        9        9       10       11       12       14       16       18       21       25       31       38       48       62       82      112      155      213      279      328     333
         315     241      186      148      121      104       91       82       76       72       69       67       66       65       64       62       60       56       52       47       42       36       32       27       23       20       17       15       13       12       10        9        8        8        7        6        6        6        5        5        5        5        5        5        5        5        5        5        5        6        6        6        7        8        8        9       11       12       14       17       21       26       32       42       56       77      109      161      238      334      400     385
         387     294      222      176      146      128      117      111      110      112      118      128      141      154      164      164      149      123       96       72       54       40       31       24       19       15       12       10        9        8        7        6        5        5        4        4        4        3        3        3        3        3        3        3        3        3        3        3        3        3        4        4        4        5        5        6        7        8        9       11       14       17       21       28       38       53       76      117      185      292      413     454
         100      89       82       79       79       83       91      104      126      160      213      280      322      283      195      123       77       51       35       25       19       14       11        9        8        6        5        5        4        4        3        3        3        2        2        2        2        2        2        2        2        2        2        2        2        2        2        3        3        3        3        4        4        5        6        7        8       10       13       16       21       29       40       57       84      121      166      197      196      171      141     117
         344     252      186      143      116       98       87       80       75       73       73       75       78       81       85       88       88       85       77       67       56       45       36       29       23       19       16       13       11        9        8        7        6        6        5        5        4        4        4        4        3        3        3        3        3        3        3        3        4        4        4        4        5        5        6        6        7        8       10       11       14       17       21       28       37       52       75      114      180      283      394     419
         181     135      104       84       71       63       59       57       57       59       64       72       83       98      116      130      132      116       90       65       46       33       24       18       14       11        9        7        6        5        4        4        3        3        3        2        2        2        2        2        2        2        2        2        2        2        2        2        2        2        2        2        3        3        3        4        4        5        6        7        9       11       15       19       27       38       57       88      140      209      254     234
         329     270      213      171      141      122      108      100       94       90       87       85       83       79       74       67       59       50       42       34       28       23       19       16       13       11        9        8        7        6        5        5        4        4        4        3        3        3        3        3        3        3        3        3        3        3        3        3        3        3        4        4        4        5        5        6        7        8        9       11       13       16       20       26       34       47       66       97      146      219      303     350
         284     141       82       55       40       32       26       23       21       19       18       18       18       19       20       22       25       28       32       38       43       46       47       43       36       28       22       17       13       10        8        7        6        5        4        3        3        3        2        2        2        2        2        2        2        2        2        2        2        2        2        2        2        2        2        3        3        3        4        5        6        7        9       11       15       21       32       51       94      203      458     540
         314     220      154      114       90       76       67       62       60       59       62       66       73       83       95      108      116      113       98       77       57       42       31       23       17       14       11        9        7        6        5        4        4        3        3        3        2        2        2        2        2        2        2        2        2        2        2        2        2        2        2        2        3        3        3        4        4        5        6        7        8       10       12       16       22       30       44       68      111      190      306     373
          56      52       49       47       47       48       50       54       60       68       81       97      117      136      144      132      106       78       56       41       30       23       17       14       11        9        8        7        6        5        4        4        4        3        3        3        3        3        3        2        2        2        2        2        3        3        3        3        3        4        4        4        5        5        6        7        9       10       13       16       19       25       32       40       51       62       72       77       77       73       67      61
         105      92       80       70       63       58       55       53       53       54       57       60       64       67       69       67       62       53       44       35       27       21       17       13       11        9        7        6        5        5        4        4        3        3        3        2        2        2        2        2        2        2        2        2        2        2        2        2        2        2        2        3        3        3        3        4        5        5        6        7        9       11       14       18       24       32       43       59       79       99      113     114
         128     105       85       69       57       49       44       40       37       35       34       34       34       34       34       33       32       31       29       26       23       19       16       14       12       10        8        7        6        5        5        4        4        3        3        3        2        2        2        2        2        2        2        2        2        2        2        2        2        2        2        2        3        3        3        4        4        5        6        7        8       10       12       16       21       28       39       55       78      107      133     141
          62      50       42       36       32       29       27       26       26       27       28       29       31       34       36       38       38       36       33       28       23       18       15       12        9        8        6        5        4        4        3        3        2        2        2        2        2        2        1        1        1        1        1        1        1        1        1        1        2        2        2        2        2        2        3        3        4        4        5        6        8       10       13       18       24       34       49       68       88       97       92      77
         103      74       54       41       33       27       23       21       19       18       17       17       17       18       19       20       21       22       23       23       23       22       20       17       14       12       10        8        7        6        5        4        3        3        3        2        2        2        2        2        2        1        1        1        1        1        1        1        1        1        2        2        2        2        2        2        3        3        4        4        5        7        8       11       14       20       28       42       65       99      130     130
          65      56       50       45       42       40       40       41       43       47       52       59       66       71       70       62       50       38       28       20       15       12        9        7        6        5        4        3        3        2        2        2        2        1        1        1        1        1        1        1        1        1        1        1        1        1        1        1        1        1        1        2        2        2        2        3        3        4        4        5        7        9       11       15       20       27       37       51       65       76       78      73
          43      44       44       44       43       42       40       39       38       37       36       34       32       30       27       25       22       19       16       14       12       10        9        7        6        5        5        4        4        3        3        3        2        2        2        2        2        2        2        2        2        2        2        2        2        2        2        2        2        2        2        2        3        3        3        3        4        4        5        6        7        8       10       12       14       17       20       24       29       33       37      41
          57      54       50       45       40       36       33       31       29       27       26       25       24       23       21       20       18       17       15       13       12       10        9        8        7        6        5        4        4        3        3        3        2        2        2        2        2        2        2        2        2        1        1        1        1        2        2        2        2        2        2        2        2        2        3        3        4        4        5        5        7        8       10       12       15       19       24       30       38       46       53      57
          76      54       39       30       24       21       18       17       16       16       16       17       19       21       25       29       36       43       47       46       38       28       20       14       10        8        6        4        3        3        2        2        2        1        1        1        1        1        1        1        1        1        1        1        0        0        1        1        1        1        1        1        1        1        1        1        1        2        2        2        3        4        5        6        8       12       17       27       43       69       95      97
          30      34       39       43       45       47       48       49       49       49       48       47       45       42       38       33       28       24       20       16       13       11        9        7        6        5        4        4        3        3        2        2        2        2        2        1        1        1        1        1        1        1        1        1        1        1        1        1        1        1        1        1        1        1        2        2        2        2        3        3        3        4        5        5        7        8        9       12       14       17       21      25
          15      14       13       13       13       14       15       17       19       23       28       34       42       47       47       40       30       22       15       11        8        6        5        4        3        3        2        2        2        1        1        1        1        1        1        1        1        1        1        1        1        1        1        1        1        1        1        1        1        1        1        2        2        2        3        3        4        5        7        9       11       15       20       25       29       30       29       27       23       20       18      16
          26      21       17       15       13       12       11       11       11       12       13       15       18       22       27       32       36       35       28       21       14       10        7        5        4        3        2        2        1        1        1        1        1        1        0        0        0        0        0        0        0        0        0        0        0        0        0        0        0        0        0        0        0        1        1        1        1        1        2        2        3        3        5        6        9       13       19       28       37       43       41      33
          52      73       85       79       65       51       42       35       31       29       28       28       30       32       36       40       44       46       43       36       27       20       14       10        8        6        4        3        3        2        2        1        1        1        1        1        1        0        0        0        0        0        0        0        0        0        0        0        0        0        0        0        0        0        0        1        1        1        1        1        1        2        2        2        3        4        5        7       10       15       22      34
          24      26       29       31       33       35       38       41       44       48       52       54       54       50       42       34       26       20       15       11        9        7        5        4        4        3        2        2        2        1        1        1        1        1        1        1        1        1        1        1        1        0        0        0        0        1        1        1        1        1        1        1        1        1        1        1        1        2        2        2        3        3        4        5        6        7        8       10       13       15       18      21
          17      18       18       19       20       21       24       27       31       38       48       61       75       84       76       58       39       26       18       13        9        7        5        4        3        3        2        2        2        1        1        1        1        1        1        1        1        1        1        0        0        0        0        0        1        1        1        1        1        1        1        1        1        1        1        2        2        2        3        3        4        4        5        6        8        9       11       12       14       15       16      17
          15      15       16       16       16       17       17       17       18       19       20       21       23       25       26       28       27       26       23       20       16       13       10        8        6        5        4        4        3        2        2        2        2        1        1        1        1        1        1        1        1        1        1        1        1        1        1        1        1        1        1        1        1        1        1        1        1        2        2        2        3        3        4        4        5        6        7        8       10       11       13      14
          18      21       23       24       25       25       25       26       27       29       32       35       40       44       45       42       35       27       20       14       10        7        6        4        3        3        2        2        1        1        1        1        1        0        0        0        0        0        0        0        0        0        0        0        0        0        0        0        0        0        0        0        0        0        0        0        1        1        1        1        1        2        2        2        3        4        5        6        8       10       13      16
          15      14       13       13       13       13       14       15       16       19       23       29       39       52       67       72       60       41       26       17       12        8        6        4        3        3        2        2        1        1        1        1        1        1        1        0        0        0        0        0        0        0        0        0        0        0        0        0        0        1        1        1        1        1        1        1        2        2        2        3        4        5        6        7        9       11       13       15       16       16       16      15
