SWAN 1
LOCATIONS
     1
     681724.29 2033118.57
AFREQ
     56
     0.0300
     0.0400
     0.0500
     0.0600
     0.0700
     0.0800
     0.0900
     0.1000
     0.1100
     0.1200
     0.1300
     0.1400
     0.1500
     0.1600
     0.1700
     0.1800
     0.1900
     0.2000
     0.2100
     0.2200
     0.2300
     0.2400
     0.2500
     0.2600
     0.2700
     0.2800
     0.2900
     0.3000
     0.3100
     0.3200
     0.3300
     0.3400
     0.3500
     0.3600
     0.3700
     0.3800
     0.3900
     0.4000
     0.4100
     0.4200
     0.4300
     0.4400
     0.4500
     0.4600
     0.4700
     0.4800
     0.4900
     0.5000
     0.5100
     0.5200
     0.5300
     0.5400
     0.5500
     0.5600
     0.5700
     0.5800
NDIR
     72
     5.0000
     10.0000
     15.0000
     20.0000
     25.0000
     30.0000
     35.0000
     40.0000
     45.0000
     50.0000
     55.0000
     60.0000
     65.0000
     70.0000
     75.0000
     80.0000
     85.0000
     90.0000
     95.0000
     100.0000
     105.0000
     110.0000
     115.0000
     120.0000
     125.0000
     130.0000
     135.0000
     140.0000
     145.0000
     150.0000
     155.0000
     160.0000
     165.0000
     170.0000
     175.0000
     180.0000
     185.0000
     190.0000
     195.0000
     200.0000
     205.0000
     210.0000
     215.0000
     220.0000
     225.0000
     230.0000
     235.0000
     240.0000
     245.0000
     250.0000
     255.0000
     260.0000
     265.0000
     270.0000
     275.0000
     280.0000
     285.0000
     290.0000
     295.0000
     300.0000
     305.0000
     310.0000
     315.0000
     320.0000
     325.0000
     330.0000
     335.0000
     340.0000
     345.0000
     350.0000
     355.0000
     360.0000
QUANT
     1
VaDens
m2/Hz/degr
     -999.000000
FACTOR
     1.00000E-06
          26      29       31       32       32       31       28       25       22       19       16       14       12       11        9        8        8        7        6        6        6        5        5        5        5        5        5        5        5        5        6        6        6        7        8        9       10       11       13       15       18       21       25       29       33       35       37       36       34       31       28       25       22       20       18       16       15       14       13       13       13       12       13       13       13       14       15       16       17       19       21      23
         335     374      410      437      448      436      402      355      304      256      214      179      151      129      111       96       85       76       68       62       57       53       50       48       46       44       43       42       42       42       42       43       44       46       48       50       53       57       61       66       72       79       87       96      107      118      130      143      155      166      176      183      187      188      187      185      182      178      174      171      170      169      170      173      177      184      194      207      223      244      270     300
        8242    5472     3763     2700     2013     1552     1231     1000      830      701      601      523      461      411      370      336      308      285      266      249      236      224      215      207      201      196      192      189      187      186      187      187      189      192      195      200      205      211      218      227      236      247      259      273      288      306      325      347      372      401      433      470      513      563      621      691      775      878     1005     1166     1373     1648     2021     2546     3311     4470     6288     9148    13184    16783    16396   12336
       15850    8170     4835     3135     2169     1576     1190      927      741      606      506      429      370      324      287      257      233      213      197      184      174      165      158      153      149      147      145      145      146      148      151      155      161      169      178      189      202      218      238      261      289      324      365      416      478      554      648      763      904     1077     1285     1531     1817     2136     2482     2841     3203     3565     3935     4333     4799     5391     6205     7399     9280    12502    18730    33196    77108   183788   121501   38496
       12368    7049     4466     3043     2187     1639     1270     1012      826      688      583      503      440      390      350      317      291      270      253      239      228      220      213      209      206      205      206      209      213      219      227      238      251      267      287      311      341      377      421      476      544      629      737      874     1051     1279     1575     1960     2457     3083     3844     4708     5596     6392     6992     7359     7542     7635     7744     7965     8393     9144    10405    12526    16260    23507    40303    94394   342468   320622    73202   25716
       68550   43027    27595    18280    12525     8859     6451     4822     3690     2885     2299     1865     1538     1287     1091      938      816      717      638      573      519      475      439      409      384      363      347      333      323      315      310      307      306      307      311      317      326      337      351      369      391      417      449      487      533      589      657      741      843      970     1130     1331     1589     1923     2360     2943     3729     4806     6305     8425    11466    15882    22361    31918    46013    66607    95803   133650   171065   183468   154984  107810
      157467   83615    41701    22507    13281     8438     5685     4015     2948     2235     1742     1390     1132      940      793      680      591      520      463      417      380      349      324      304      287      274      263      255      250      246      244      245      247      251      258      266      278      292      309      331      357      390      429      478      538      613      707      828      983     1187     1459     1830     2348     3089     4182     5848     8480    12780    19959    31725    48853    66919    76361    74758    68962    64776    64578    69823    83150   110126   157206  198234
      276050  160815    62990    27963    14530     8470     5365     3616     2559     1883     1431     1118      894      730      608      514      441      384      339      302      273      248      229      213      200      189      181      174      169      166      163      163      163      165      168      173      179      187      197      209      224      243      265      293      328      370      423      491      577      690      839     1040     1317     1711     2287     3161     4548     6861    10957    18658    33646    60265    89844    95278    79891    65090    57064    55482    60661    76097   113195  198673
      127339  301948   376927   134326    46673    21194    11453     6927     4531     3142     2279     1715     1330     1058      861      714      603      517      450      396      354      319      291      269      250      235      223      213      206      200      196      194      194      195      197      202      208      216      226      239      255      275      299      329      365      411      467      539      631      749      906     1117     1407     1818     2416     3321     4750     7125    11296    19011    33350    55798    73959    70597    56203    44447    37560    34533    34718    38474    47879   69572
       57323   78682   102413    92138    53337    26874    14288     8282     5179     3443     2405     1749     1315     1018      807      654      540      454      387      335      294      261      234      213      195      181      169      159      152      145      141      137      135      134      134      135      137      140      145      150      158      167      178      192      209      230      256      287      327      376      440      521      628      771      966     1239     1632     2216     3118     4577     7061    11517    19798    34528    54215    65206    60034    49960    42805    39681    40418   45605
       65349   86626    92503    64718    34698    18259    10295     6258     4057     2771     1976     1460     1113      870      696      568      472      399      342      297      261      232      209      190      175      162      152      143      136      131      127      124      122      121      121      121      123      126      130      135      142      150      160      172      187      205      227      254      287      329      382      449      536      650      803     1011     1300     1711     2309     3203     4567     6678     9917    14631    20649    26694    31019    33232    34574    36694    41147   49843
       36645   58191    83136    66960    32893    15597     8263     4858     3094     2096     1491     1102      842      661      531      436      364      309      267      233      206      185      168      153      142      133      125      119      114      110      107      106      105      105      105      107      110      113      118      124      131      140      151      165      182      202      228      260      300      352      419      506      625      787     1015     1344     1835     2594     3809     5813     9134    14282    20581    24891    24804    22117    19409    17699    17174    17950    20439   25762
        2970    3592     4805     7429    14567    42720    80308    25945     7902     3476     1875     1145      759      535      394      302      238      192      159      134      115      100       88       79       71       65       60       56       53       51       49       47       46       46       46       46       47       48       49       51       54       57       61       67       73       81       91      103      119      139      166      201      250      318      418      570      813     1230     2011     3657     7628    17097    25098    17072     9361     5812     4133     3267     2806     2585     2539    2655
       15951   23258    37930    58058    51789    26534    12593     6652     3907     2491     1691     1205      894      684      539      434      357      299      255      220      193      171      154      139      128      118      111      105      100       96       93       90       89       88       88       89       91       93       96      100      105      112      119      129      141      155      172      194      220      254      297      351      422      515      641      811     1045     1373     1834     2480     3360     4483     5752     6934     7770     8181     8305     8371     8584     9123    10208   12217
       11953   17529    28629    46484    49020    28157    13611     7158     4184     2661     1805     1287      955      733      578      467      385      323      275      239      209      186      167      152      140      130      121      115      109      105      102      100       98       97       98       98      100      103      106      110      116      123      131      141      154      169      187      210      237      271      314      367      434      520      630      772      954     1188     1483     1845     2270     2739     3218     3666     4058     4397     4716     5071     5538     6217     7268    8982
       12719   16919    25884    46952    78279    57287    22996     9909     5041     2901     1823     1223      862      633      480      374      299      244      203      171      147      127      112      100       90       82       75       70       66       62       59       57       55       54       53       53       53       53       54       55       57       60       63       66       71       76       83       91      101      113      128      147      171      202      241      292      360      451      576      751      997     1348     1848     2548     3481     4616     5821     6902     7760     8479     9292   10532
        4838    6010     8301    13262    25229    43545    31981    13040     5783     3029     1792     1156      794      572      429      332      264      215      178      151      129      113       99       89       80       73       68       63       60       57       54       53       51       50       50       50       51       51       53       55       57       60       64       68       74       81       89      100      112      129      149      176      210      255      316      399      515      680      920     1270     1777     2479     3340     4171     4681     4747     4513     4205     3966     3862     3931    4222
        3326    4355     6698    13567    45139    71153    16882     5084     2238     1201      727      477      332      242      183      142      114       93       77       66       56       49       43       39       35       32       30       28       26       25       24       23       22       22       22       22       22       23       23       24       25       26       28       30       32       35       39       44       49       56       65       77       92      112      139      175      227      302      413      582      845     1252     1846     2581     3210     3438     3280     2985     2736     2608     2628    2835
        4650    6284     9867    19181    38301    30151    10894     4409     2185     1244      778      521      367      270      205      160      128      104       87       74       63       55       48       43       39       36       33       30       29       27       26       25       24       24       23       23       23       24       24       25       26       27       28       30       32       35       38       42       46       52       59       68       80       94      113      138      171      215      275      359      475      638      863     1158     1521     1915     2284     2583     2816     3037     3329    3804
        3945    4416     5535     7933    12717    17085    11902     5416     2537     1345      792      505      342      242      179      136      107       85       70       58       49       42       37       32       29       26       24       22       20       19       18       17       17       16       16       16       16       16       16       16       17       17       18       19       21       22       24       26       29       33       37       43       50       59       71       87      108      137      179      241      334      481      723     1134     1842     2986     4414     5340     5242     4644     4125    3876
       11813   13851    15414    15603    13483     9764     6282     3886     2431     1569     1051      730      524      387      294      229      181      147      121      101       86       74       64       56       50       45       41       38       35       32       31       29       28       27       26       26       25       25       25       26       26       27       28       29       30       32       34       37       40       44       49       55       62       71       82       96      114      138      169      211      267      346      458      620      858     1216     1758     2575     3768     5400     7414    9621
        2759    2785     3048     3674     5000     7966    14580    19681    11219     4584     2129     1147      688      447      308      222      166      128      101       82       68       57       49       42       37       33       30       27       25       23       22       20       19       19       18       18       18       17       18       18       18       19       19       20       21       23       24       27       29       32       36       41       47       55       65       79       96      120      154      201      272      379      548      825     1284     2024     3034     3929     4154     3784     3291    2931
        3763    4164     5032     6884    11124    20223    23541    11457     4566     2131     1151      690      446      306      219      163      125       98       79       65       54       46       39       34       30       27       25       22       21       19       18       17       16       16       15       15       15       15       15       15       15       16       16       17       18       19       21       22       24       27       30       34       39       45       53       63       76       94      118      151      198      266      366      518      751     1105     1612     2249     2875     3306     3502    3597
        3900    4458     5268     6562     8530    10532    10039     6700     3718     2055     1204      752      497      344      248      184      141      111       89       73       61       51       44       38       33       30       27       24       22       21       19       18       17       17       16       16       15       15       15       15       16       16       16       17       18       19       20       21       23       25       28       31       35       40       47       55       65       78       95      118      150      193      254      342      469      654      923     1299     1786     2350     2913    3422
        3745    4335     5226     6648     8801    11019    10654     7248     4105     2309     1372      867      579      404      294      220      170      134      108       89       74       63       54       47       42       37       34       31       28       26       25       23       22       21       21       20       20       20       20       20       20       21       22       22       24       25       27       29       31       34       38       42       48       55       64       75       89      107      131      163      206      265      347      462      624      849     1151     1534     1977     2439     2878    3294
        8472   16048    16286     9510     5317     3312     2266     1656     1265      995      798      648      530      436      360      298      248      207      174      147      125      107       92       80       70       62       55       49       45       41       37       35       32       30       29       27       26       25       25       24       24       24       24       24       24       25       26       27       28       29       31       34       36       40       44       48       54       62       71       83       98      118      144      179      227      297      400      559      819     1274     2152    4044
        2719    2116     1748     1560     1510     1585     1815     2284     3162     4528     5265     3826     2046     1074      609      374      246      170      123       92       71       56       46       38       32       27       23       20       18       16       15       14       13       12       11       11       10       10       10       10        9       10       10       10       10       11       11       12       12       13       15       16       18       20       23       26       31       37       44       54       68       88      116      159      226      336      529      881     1536     2585     3508    3418
        2207    2197     2263     2454     2831     3495     4544     5745     5881     4300     2541     1454      870      553      371      260      190      143      111       88       72       59       50       42       37       32       29       26       23       21       20       18       17       17       16       15       15       15       15       15       15       15       15       16       17       17       19       20       21       23       26       29       32       37       42       49       59       71       86      107      137      177      235      320      446      631      899     1257     1663     2009     2198    2235
        5205    5843     5386     4528     3775     3227     2835     2533     2258     1972     1659     1337     1038      786      589      441      333      255      198      156      126      102       85       71       60       52       45       40       35       32       29       27       25       23       22       21       20       19       18       18       18       18       18       18       19       19       20       21       22       23       25       27       29       32       36       41       46       54       63       75       90      110      138      177      232      313      437      631      950     1486     2386    3743
        1311    1788     2398     3066     3576     3666     3285     2657     2026     1507     1116      832      627      478      370      290      231      186      152      126      105       89       76       66       57       51       45       40       37       33       31       29       27       25       24       23       22       21       21       21       20       20       20       21       21       22       22       23       24       26       27       29       31       34       38       42       46       52       60       68       79       93      111      133      162      200      250      318      410      537      714     963
        1670    1608     1534     1499     1529     1641     1855     2177     2534     2656     2268     1585     1003      629      407      274      192      139      104       80       63       51       42       35       30       26       22       20       18       16       14       13       12       12       11       11       10       10       10       10       10       10       10       10       10       11       11       12       13       13       15       16       18       20       23       26       30       36       43       52       64       81      105      139      188      262      375      545      794     1113     1432    1633
         662     591      547      529      533      563      624      728      895     1147     1471     1696     1547     1109      707      447      292      200      142      105       80       63       51       42       35       30       26       22       20       18       16       15       14       13       12       12       11       11       11       11       11       11       11       11       11       12       13       13       14       16       17       19       21       24       28       32       38       46       56       70       90      118      159      220      313      450      638      843      978      980      883     763
         844     686      580      515      481      472      486      523      586      678      789      876      862      721      528      363      247      171      123       90       68       53       42       34       28       24       20       18       16       14       12       11       10       10        9        9        8        8        8        8        7        7        8        8        8        8        8        9        9       10       11       12       13       15       17       20       23       27       33       40       51       65       86      117      165      243      370      577      871     1144     1202    1046
         636     586      531      484      447      421      405      398      400      408      421      437      451      456      445      415      368      312      256      206      165      132      107       87       72       61       51       44       38       34       30       27       25       23       21       20       18       18       17       16       16       16       16       16       16       16       17       17       18       19       20       22       24       26       29       33       37       42       50       59       70       86      106      134      172      224      294      383      485      583      649     664
         593     659      714      761      800      830      849      850      826      770      684      580      473      376      295      231      181      143      115       93       76       64       54       46       39       34       30       27       24       22       20       19       17       16       15       15       14       14       13       13       13       13       13       13       14       14       15       15       16       17       19       20       22       24       27       30       34       39       45       52       61       73       88      106      130      161      199      247      305      372      445     521
         932    1212     1265     1098      884      713      596      520      472      444      431      426      426      422      407      376      330      274      219      171      133      103       81       64       51       42       35       29       25       21       18       16       15       13       12       11       10        9        9        9        8        8        8        8        8        8        8        8        8        8        9        9       10       11       12       13       14       16       18       21       25       29       36       44       55       71       93      127      180      264      402     623
         652     728      732      683      618      560      516      488      475      473      480      492      501      497      468      415      345      274      211      161      123       95       75       59       48       40       33       28       24       21       18       16       15       13       12       11       10       10        9        9        9        9        8        8        8        8        9        9        9        9       10       11       11       12       14       15       17       19       22       25       29       35       43       52       66       85      111      149      204      283      392     524
         326     340      355      374      402      442      503      595      730      923     1151     1297     1190      883      585      379      252      174      125       92       70       55       44       36       30       26       22       19       17       15       14       12       11       11       10       10        9        9        9        8        8        8        8        8        9        9        9       10       10       11       12       13       14       16       18       20       23       26       31       36       43       53       64       79       98      121      150      183      218      252      283     307
         540     502      470      453      457      485      547      663      872     1245     1803     2078     1517      834      451      262      164      110       77       56       43       33       26       22       18       15       13       11       10        9        8        7        7        6        6        6        5        5        5        5        5        5        5        5        5        5        6        6        6        7        7        8        9       10       11       13       15       18       21       26       32       41       53       69       94      130      184      261      361      467      543     563
         261     230      207      191      181      178      179      187      200      221      250      289      335      377      393      366      303      231      170      125       92       70       54       43       35       29       24       20       18       15       14       12       11       10       10        9        8        8        8        8        8        7        7        8        8        8        8        9        9       10       11       12       13       14       16       19       22       25       31       37       46       59       76      101      135      183      242      304      348      358      335     298
         346     314      288      270      261      263      275      301      346      416      523      668      801      798      624      416      266      173      117       83       61       46       36       28       23       19       16       14       12       11        9        9        8        7        7        6        6        6        6        5        5        5        5        5        6        6        6        6        7        7        8        8        9       10       12       13       15       18       21       26       32       40       52       68       91      123      169      230      298      356      383     375
         399     393      386      383      387      401      427      468      526      601      684      744      738      644      503      367      263      189      138      104       79       62       50       41       34       29       25       21       19       17       15       14       13       12       11       10       10       10        9        9        9        9        9        9        9       10       10       11       11       12       13       14       16       17       20       22       25       30       35       42       51       62       77       98      124      159      202      253      305      352      384     398
         537     400      307      248      211      190      179      177      184      200      229      277      353      471      619      700      597      401      248      156      103       71       51       38       29       23       19       16       13       11       10        9        8        7        6        6        5        5        5        5        4        4        4        4        4        4        5        5        5        5        6        6        7        7        8        9       10       12       14       17       21       26       34       45       61       86      128      200      324      509      676     673
         111      92       82       76       74       75       80       89      105      132      180      270      439      661      629      366      190      106       65       43       30       22       17       13       11        9        7        6        5        5        4        4        3        3        3        3        3        2        2        2        2        2        2        2        3        3        3        3        3        4        4        4        5        6        7        8       10       12       16       20       27       38       57       90      155      287      510      626      471      296      196     141
         346     376      381      370      354      342      338      345      366      405      470      569      707      857      915      785      555      360      232      155      107       77       57       44       34       28       23       19       16       14       12       11        9        9        8        7        7        6        6        6        6        5        5        5        5        5        5        6        6        6        6        7        7        8        9       10       11       13       14       17       20       24       29       36       45       57       75       99      132      177      233     294
         243     247      243      232      219      206      194      184      176      170      166      162      160      157      154      149      142      134      123      111       99       86       75       65       56       48       42       36       32       28       25       22       20       18       17       16       15       14       13       13       12       12       12       11       11       11       12       12       12       13       13       14       15       16       17       19       21       23       26       30       34       40       47       56       68       82      100      122      148      177      205     229
         226     247      251      240      221      202      185      172      163      157      156      157      162      169      178      186      192      191      181      162      138      113       91       72       57       46       37       31       26       22       18       16       14       12       11       10        9        8        8        7        7        7        7        6        6        6        6        6        6        7        7        7        8        8        9       10       11       12       13       15       17       20       24       29       35       44       55       70       91      119      153     191
         270     250      218      186      161      142      129      120      115      113      115      120      129      142      160      183      209      232      241      227      193      152      115       86       65       50       39       31       25       21       18       15       13       12       10        9        8        8        7        7        6        6        6        6        6        6        6        6        6        6        7        7        7        8        9       10       11       12       14       16       19       23       27       34       43       56       74      100      136      181      230     265
         240     165      118       90       73       62       55       51       49       49       51       55       61       72       88      116      164      249      381      463      358      209      119       72       47       33       24       18       14       11        9        8        6        6        5        4        4        4        3        3        3        3        3        3        3        3        3        3        3        3        3        3        4        4        4        5        5        6        7        9       11       13       17       22       30       42       62       98      163      267      358     333
         152     123      102       88       79       74       71       70       73       78       86      100      121      154      204      275      344      350      273      181      116       77       53       38       28       22       17       14       11       10        8        7        6        6        5        5        4        4        4        4        4        3        3        3        3        4        4        4        4        4        4        5        5        6        7        8        9       10       12       15       18       23       30       41       57       81      117      167      220      246      230     191
         190     194      191      184      177      171      169      171      176      186      202      221      242      259      263      244      208      164      124       93       70       53       41       32       26       21       17       15       13       11       10        8        8        7        6        6        5        5        5        5        5        4        4        4        4        4        5        5        5        5        5        6        6        7        8        8        9       11       12       14       17       20       25       30       38       48       62       79      101      127      154     177
         154     156      147      133      120      109      101       95       92       92       94       98      105      115      127      139      147      147      136      115       92       71       54       41       32       25       20       16       14       11       10        8        7        7        6        5        5        4        4        4        4        4        4        3        3        3        3        3        4        4        4        4        4        5        5        6        6        7        8       10       11       13       16       20       25       31       40       53       70       92      117     140
         172     153      132      112       97       86       78       73       71       70       72       75       81       90      103      119      138      155      164      156      133      104       78       58       44       33       26       21       17       14       12       10        9        8        7        6        5        5        5        4        4        4        4        4        4        4        4        4        4        4        4        5        5        5        6        6        7        8        9       11       13       16       19       24       31       40       54       73       98      130      160     176
         232     253      246      223      197      176      162      154      153      158      171      194      232      291      378      478      515      428      289      181      115       77       53       38       29       22       17       14       11       10        8        7        6        5        5        4        4        4        4        3        3        3        3        3        3        3        3        3        3        3        3        4        4        4        5        5        6        6        7        9       10       12       15       18       23       29       39       52       72      101      141     189
          67      79       92      104      115      125      134      142      150      158      167      177      186      194      198      194      182      161      136      110       88       69       54       43       35       28       23       19       16       14       12       10        9        8        7        7        6        6        5        5        5        5        4        4        4        4        4        4        4        4        4        5        5        5        5        6        6        7        8        9       10       11       12       14       17       19       23       27       33       39       47      57
          50      56       63       69       76       83       90       96      103      110      117      123      128      130      130      125      117      106       92       79       66       55       46       38       32       27       23       20       17       15       13       12       10        9        9        8        7        7        6        6        6        6        5        5        5        5        5        5        5        5        6        6        6        6        7        7        8        8        9       10       11       12       14       16       18       20       23       26       30       34       39      44
