SWAN 1
LOCATIONS
     1
     -67.28  18.38
AFREQ
     56
     0.0300
     0.0400
     0.0500
     0.0600
     0.0700
     0.0800
     0.0900
     0.1000
     0.1100
     0.1200
     0.1300
     0.1400
     0.1500
     0.1600
     0.1700
     0.1800
     0.1900
     0.2000
     0.2100
     0.2200
     0.2300
     0.2400
     0.2500
     0.2600
     0.2700
     0.2800
     0.2900
     0.3000
     0.3100
     0.3200
     0.3300
     0.3400
     0.3500
     0.3600
     0.3700
     0.3800
     0.3900
     0.4000
     0.4100
     0.4200
     0.4300
     0.4400
     0.4500
     0.4600
     0.4700
     0.4800
     0.4900
     0.5000
     0.5100
     0.5200
     0.5300
     0.5400
     0.5500
     0.5600
     0.5700
     0.5800
NDIR
     72
     5.0000
     10.0000
     15.0000
     20.0000
     25.0000
     30.0000
     35.0000
     40.0000
     45.0000
     50.0000
     55.0000
     60.0000
     65.0000
     70.0000
     75.0000
     80.0000
     85.0000
     90.0000
     95.0000
     100.0000
     105.0000
     110.0000
     115.0000
     120.0000
     125.0000
     130.0000
     135.0000
     140.0000
     145.0000
     150.0000
     155.0000
     160.0000
     165.0000
     170.0000
     175.0000
     180.0000
     185.0000
     190.0000
     195.0000
     200.0000
     205.0000
     210.0000
     215.0000
     220.0000
     225.0000
     230.0000
     235.0000
     240.0000
     245.0000
     250.0000
     255.0000
     260.0000
     265.0000
     270.0000
     275.0000
     280.0000
     285.0000
     290.0000
     295.0000
     300.0000
     305.0000
     310.0000
     315.0000
     320.0000
     325.0000
     330.0000
     335.0000
     340.0000
     345.0000
     350.0000
     355.0000
     360.0000
QUANT
     1
VaDens
m2/Hz/degr
     -999.000000
FACTOR
     1.00000E-06
          37      37       37       37       36       35       34       33       32       31       30       29       29       28       28       28       28       28       28       28       29       29       29       30       30       30       30       30       29       29       28       27       26       24       23       22       21       19       18       17       16       16       15       14       14       13       13       13       13       13       13       13       13       13       14       14       15       15       16       17       18       20       21       23       24       26       28       30       32       34       35      36
         419     356      309      273      246      226      211      199      191      185      182      180      179      180      181      183      184      185      185      184      180      174      167      158      148      137      126      116      106       97       90       83       77       71       67       63       60       58       55       54       53       52       52       52       53       54       56       58       61       65       70       76       83       93      105      120      139      165      199      244      306      391      506      656      832      992     1070     1030      903      750      613     503
       34986   12839     5807     3222     2036     1403     1030      791      631      519      437      376      330      294      266      245      227      214      203      195      189      185      183      182      183      185      189      194      200      209      219      230      244      259      276      294      314      334      355      375      393      410      423      433      439      442      443      442      439      436      434      434      436      440      448      461      479      504      538      583      642      722      831      983     1202     1531     2058     2974     4773     9001    21597   49367
      563757  153106    31884    13121     7075     4410     3012     2193     1675     1327     1084      908      777      678      601      542      495      457      428      405      388      375      366      360      358      360      364      372      383      399      418      442      471      506      548      598      657      725      804      895      995     1104     1218     1331     1435     1523     1588     1628     1641     1632     1608     1575     1541     1510     1487     1475     1478     1497     1538     1604     1701     1840     2034     2306     2693     3262     4135     5565     8145    13556    28329  100203
     1593450  651280   117458    46002    24286    14971    10159     7365     5605     4430     3609     3016     2574     2238     1978     1774     1613     1484     1380     1297     1232     1180     1140     1111     1092     1080     1077     1081     1093     1112     1137     1170     1211     1258     1313     1376     1446     1523     1607     1696     1789     1886     1984     2081     2175     2265     2350     2429     2503     2573     2641     2710     2783     2865     2961     3075     3216     3391     3612     3892     4251     4718     5336     6171     7330     9001    11527    15608    22853    37685    76392  244241
     1858090  540132   115984    47580    25470    15741    10654     7683     5809     4557     3684     3053     2585     2230     1955     1740     1570     1434     1325     1237     1167     1112     1069     1037     1014     1000      995      997     1008     1026     1052     1088     1132     1187     1253     1331     1424     1533     1658     1803     1969     2158     2368     2601     2854     3122     3399     3678     3948     4202     4433     4637     4817     4977     5128     5281     5450     5653     5908     6238     6673     7251     8032     9104    10614    12810    16162    21627    31443    51928   107433  370600
      772706  231815    74036    35055    20336    13293     9401     7032     5487     4426     3667     3108     2685     2358     2102     1897     1733     1599     1491     1401     1328     1269     1220     1181     1150     1127     1109     1097     1090     1088     1089     1094     1103     1114     1128     1144     1162     1182     1204     1227     1252     1279     1307     1337     1369     1404     1442     1484     1530     1584     1644     1714     1796     1892     2005     2141     2305     2505     2752     3059     3450     3954     4619     5522     6789     8642    11511    16296    25180    44613   100737  360205
      289809   87519    37346    20086    12377     8331     5966     4475     3480     2787     2287     1915     1633     1414     1243     1106      995      906      833      773      723      683      650      623      602      585      573      565      561      560      563      569      579      592      609      629      654      683      717      755      800      850      907      971     1043     1123     1211     1309     1418     1537     1668     1812     1971     2147     2343     2564     2816     3108     3453     3870     4386     5040     5897     7059     8701    11144    15032    21815    35338    68578   182226  496316
       39938   22729    14210     9543     6761     4993     3809     2985     2392     1954     1623     1368     1169     1011      884      781      697      627      570      521      481      448      419      396      376      359      346      335      327      321      317      315      314      316      320      325      333      343      355      371      389      410      436      465      500      542      590      647      714      794      888     1001     1137     1301     1500     1745     2048     2428     2911     3535     4357     5468     7020     9275    12729    18389    28502    48506    90285   150590   140687   77359
       94924   54021    28710    16506    10325     6910     4872     3579     2717     2120     1693     1379     1143      963      822      711      622      550      492      444      404      371      344      321      302      286      273      263      255      248      243      240      239      239      241      244      249      255      264      274      287      302      320      341      366      395      430      470      518      575      642      722      817      931     1068     1233     1434     1678     1979     2351     2818     3411     4179     5197     6592     8579    11562    16343    24647    40338    70208  106035
       42137   33673    18414     9599     5402     3305     2167     1500     1085      814      629      498      404      334      281      240      208      183      162      146      133      122      113      106      100       95       91       89       86       85       84       84       85       86       88       91       95       99      105      112      121      131      143      159      177      200      229      264      309      365      438      531      654      814     1026     1303     1662     2114     2659     3272     3907     4507     5043     5526     6017     6614     7454     8746    10860    14521    21167   32442
       15506   15388    12633     8939     5935     3933     2672     1876     1361     1017      781      614      494      405      337      285      245      213      188      168      151      138      126      117      110      104       99       95       92       90       88       87       87       88       89       91       94       97      102      107      114      122      132      144      158      176      197      223      255      295      346      409      490      593      725      895     1113     1390     1736     2154     2640     3175     3733     4290     4842     5412     6051     6839     7884     9316    11251   13583
       10352    7392     5176     3657     2638     1950     1477     1145      906      731      600      501      424      364      316      278      247      222      201      184      170      158      149      141      135      129      125      122      120      119      119      119      121      123      126      131      136      142      150      160      172      185      202      221      245      273      307      348      398      458      532      623      734      871     1039     1244     1494     1795     2155     2583     3088     3682     4388     5240     6291     7614     9297    11376    13669    15464    15579   13527
        8938    4549     2654     1715     1193      877      673      535      437      366      313      272      241      216      197      182      170      160      153      147      143      141      139      140      141      144      148      153      160      169      180      194      210      230      253      282      316      356      403      457      518      585      654      720      779      825      853      864      860      844      822      799      779      763      754      754      764      786      823      879      960     1075     1240     1481     1847     2433     3446     5389     9635    19327    29141   19369
        5370    3296     2110     1428     1016      755      582      462      376      313      265      229      201      179      161      147      135      126      119      113      108      105      102      100      100      100      101      102      105      108      113      118      125      133      143      155      169      185      204      227      253      284      319      358      402      449      498      547      594      637      674      704      729      751      770      791      817      849      893      953     1035     1148     1306     1531     1860     2359     3149     4446     6549     9303    10568    8430
        3472    2043     1295      879      630      472      367      295      242      204      175      153      135      122      111      102       96       90       86       83       81       79       79       79       80       82       84       88       92       98      105      114      125      139      156      178      206      240      285      343      417      513      633      777      937     1088     1199     1242     1215     1138     1040      942      856      786      734      698      677      671      681      707      754      828      938     1104     1357     1759     2434     3632     5759     8580     9005    6085
        1722    1171      830      615      472      375      307      257      220      192      170      153      140      130      122      116      111      108      106      105      106      107      110      113      118      125      134      144      158      174      195      220      252      291      339      397      465      541      620      691      742      762      749      710      657      598      543      494      453      419      394      375      362      356      355      360      372      391      420      461      517      597      709      872     1116     1491     2079     2957     3975     4399     3701    2587
        3033    1886     1130      716      485      348      261      204      164      136      115      100       88       79       72       66       62       58       56       54       52       52       52       52       53       54       56       59       63       67       73       80       88       98      111      126      145      168      194      224      256      287      314      331      337      331      316      296      275      254      235      220      207      198      191      188      188      190      196      206      221      242      272      315      375      465      603      828     1213     1893     2946    3687
        1186     774      523      369      272      208      165      134      111       94       82       72       64       58       53       50       47       44       43       41       40       40       40       40       41       42       44       46       48       51       55       60       66       73       82       92      105      120      139      160      184      209      234      257      274      284      286      281      271      259      246      234      225      218      213      212      213      219      228      243      265      296      340      403      494      633      850     1189     1686     2200     2272    1774
         983     751      580      456      367      302      254      218      191      170      153      140      130      122      116      112      109      107      106      106      107      109      112      116      121      127      134      143      153      164      176      188      201      213      224      233      238      241      240      236      230      222      213      204      195      188      181      176      172      169      168      169      172      176      183      192      205      222      243      272      310      360      427      519      646      820     1050     1323     1570     1664     1536    1266
         958     867      721      572      447      351      279      226      187      157      134      117      103       92       83       77       71       67       63       60       58       57       56       55       55       55       56       57       58       60       62       65       68       72       76       81       86       91       96      101      107      112      116      120      123      126      128      129      129      130      130      131      132      133      135      138      143      149      157      167      180      197      219      247      284      332      396      481      589      720      855     951
         592     764      860      788      607      433      306      222      166      128      102       83       70       60       52       46       41       37       34       32       30       29       28       27       27       27       27       27       28       28       29       31       32       34       37       40       43       47       51       55       60       65       71       76       80       83       85       87       86       85       84       82       80       78       76       75       74       74       75       77       80       84       89       97      107      120      139      164      200      251      327     438
         222     258      296      329      345      334      299      251      204      163      130      105       86       71       60       52       45       40       35       32       29       27       26       24       23       23       22       22       22       22       22       23       23       25       26       28       30       32       36       40       44       50       58       67       78       92      107      125      144      162      176      184      185      179      170      158      147      136      127      119      114      110      108      107      109      112      117      125      135      150      168     192
         210     224      235      241      239      230      215      195      174      153      134      117      103       91       81       73       66       61       56       52       49       47       45       44       43       42       42       42       43       44       45       47       49       52       56       61       66       73       81       90      102      115      130      147      165      182      198      210      216      216      211      202      191      179      167      156      147      139      133      129      126      124      124      125      128      132      138      146      155      167      180     195
         125     117      108      100       91       83       76       69       63       58       53       49       46       43       40       38       36       34       33       32       31       30       29       29       28       28       28       28       28       28       28       28       29       29       30       31       31       32       33       34       35       36       38       39       40       42       43       45       47       49       51       54       56       59       62       66       70       74       79       85       91       97      104      111      118      124      130      135      137      138      135     131
          98     103      107      110      110      108      104       97       88       79       70       62       54       47       42       37       33       30       27       24       22       21       19       18       17       17       16       16       15       15       15       15       15       16       16       17       17       18       19       20       22       23       25       27       30       33       36       39       43       47       51       55       59       62       65       67       68       69       70       70       70       70       70       70       71       73       75       77       80       84       88      93
          55      60       66       74       83       95      109      125      142      158      170      173      166      152      133      114       97       82       70       60       52       46       41       37       34       32       30       28       27       26       25       25       25       25       25       26       27       28       30       32       34       37       40       44       48       52       57       62       67       72       75       77       77       75       73       69       65       61       58       54       51       49       47       45       44       44       44       44       45       47       49      52
          34      37       40       43       46       49       52       54       55       54       53       50       47       43       39       36       32       29       27       25       23       21       20       19       18       17       16       16       16       15       15       15       16       16       16       17       17       18       18       19       20       21       22       22       23       24       25       25       25       26       26       25       25       25       24       24       23       23       23       22       22       22       22       22       23       23       24       25       26       28       30      32
          27      32       39       47       60       77      102      133      164      180      167      135      103       77       58       45       36       29       24       21       18       16       14       13       12       11       11       10       10       10       10       10       10       10       10       11       11       12       12       13       14       15       16       17       17       18       19       19       20       20       19       19       18       18       17       16       16       15       15       14       14       14       14       14       14       15       16       16       18       19       21      24
          26      27       30       32       35       39       44       49       56       62       68       73       74       73       68       61       53       45       38       33       28       24       21       19       17       15       14       12       12       11       10       10        9        9        9        9        9        9        9        9       10       10       10       11       11       12       13       13       14       15       16       17       18       19       20       21       21       22       22       22       22       22       22       22       22       22       22       22       22       23       24      25
          17      20       23       28       33       39       46       53       57       58       55       49       42       36       31       26       23       20       18       16       14       13       13       12       12       11       11       11       12       12       13       13       14       15       17       19       21       24       27       30       33       36       38       38       37       34       31       27       24       21       18       16       14       13       12       11       10        9        9        9        9        8        8        9        9        9       10       10       11       12       13      15
          23      29       37       50       69       94      123      139      129      102       75       55       41       32       25       21       17       15       13       12       11       10        9        9        9        8        8        8        9        9        9       10       10       11       12       13       14       15       17       18       19       20       20       20       19       18       17       15       14       13       12       11       10        9        9        8        8        8        7        7        7        7        8        8        8        9       10       11       12       14       16      19
          12      13       15       17       20       24       29       36       44       54       63       69       69       64       55       45       37       30       25       21       18       15       14       12       11       10       10        9        9        9        9        9        9        9        9       10       10       11       12       13       14       16       18       19       21       23       24       24       24       24       22       21       19       17       15       14       13       12       11       10        9        9        9        9        8        8        9        9        9       10       10      11
          11      13       15       18       22       27       34       44       56       71       86       95       94       84       71       58       47       39       33       28       25       22       20       19       18       17       16       16       16       17       17       18       18       19       21       22       24       25       26       27       27       26       25       23       21       19       17       15       13       12       11       10        9        8        7        7        6        6        6        6        6        6        6        6        6        6        6        7        7        8        9      10
           8       8        8        9        9       10       11       12       14       16       18       20       23       26       29       32       34       34       33       31       28       25       22       20       17       15       14       12       11       10       10        9        8        8        8        8        7        7        7        7        7        7        8        8        8        8        8        9        9        9        9        9        9        9        9        9        9        9        9        8        8        8        8        7        7        7        7        7        7        7        7       7
          35      39       43       46       46       45       42       38       34       30       27       24       22       20       18       17       16       15       15       15       14       14       14       15       15       16       16       17       18       19       19       20       20       20       20       20       19       18       17       16       14       13       12       11       10       10        9        8        8        8        7        7        7        7        7        7        7        7        7        8        8        9       10       10       12       13       15       17       19       22       26      30
           8      10       12       15       18       23       30       37       43       45       43       37       30       24       19       16       13       11        9        8        7        7        6        6        6        5        5        5        5        5        5        6        6        6        7        7        8        8        9       10       10       10       11       11       10       10        9        8        8        7        6        6        5        5        5        4        4        4        4        4        4        4        4        4        4        4        4        5        5        6        6       7
           6       7        9       11       14       19       24       31       35       35       30       24       18       14       11        9        7        6        5        4        4        3        3        3        3        3        3        3        3        3        3        3        3        3        3        4        4        4        5        5        5        6        6        6        6        6        6        6        5        5        5        4        4        3        3        3        3        3        3        2        2        2        2        2        3        3        3        3        3        4        4       5
           7       8       10       13       18       25       36       53       76       92       86       65       45       32       24       18       14       12       10        9        8        7        7        6        6        6        6        6        6        6        6        7        7        8        9       10       10       11       12       12       12       12       11       10        9        8        7        6        5        5        4        4        3        3        3        3        3        2        2        2        2        2        2        3        3        3        3        3        4        4        5       6
           5       6        7        9       11       14       19       25       34       44       52       53       46       36       27       21       16       13       11        9        8        7        6        5        5        4        4        4        4        4        3        3        3        3        3        3        3        3        3        3        3        3        3        3        3        2        2        2        2        2        2        2        2        2        2        2        2        2        2        2        2        2        2        2        2        2        2        3        3        3        4       4
           4       6        8       10       15       23       35       50       58       51       37       26       18       14       11        9        7        6        6        5        5        5        4        4        4        5        5        5        6        6        7        8        9       11       12       12       13       12       10        9        7        6        5        4        3        3        2        2        2        2        1        1        1        1        1        1        1        1        1        1        1        1        1        1        1        1        1        2        2        2        3       3
           2       2        3        4        5        6        8       11       16       23       31       35       33       27       20       15       11        9        7        6        5        5        4        4        4        4        4        4        4        4        4        4        5        5        6        7        8        9       10       10       10        9        8        7        6        5        4        3        3        2        2        2        2        1        1        1        1        1        1        1        1        1        1        1        1        1        1        1        1        1        1       2
           2       2        2        3        3        4        5        7        9       11       15       18       20       21       19       17       14       12       10        9        8        7        6        6        6        5        5        5        6        6        6        7        7        8        9       10       10       10       10        9        8        7        6        5        4        3        3        2        2        2        1        1        1        1        1        1        1        1        1        1        1        1        1        1        1        1        1        1        1        1        1       1
           2       2        3        4        5        7        9       14       19       25       29       29       24       20       16       13       11        9        8        8        7        7        7        8        8        9       10       12       15       18       22       26       26       23       17       13        9        6        5        4        3        2        2        1        1        1        1        1        1        0        0        0        0        0        0        0        0        0        0        0        0        0        0        0        0        0        1        1        1        1        1       1
           2       2        3        4        5        7        9       12       15       16       15       13       10        8        7        6        5        4        4        4        3        3        3        3        3        4        4        4        5        5        6        7        8        8        8        7        6        5        4        3        3        2        2        1        1        1        1        1        0        0        0        0        0        0        0        0        0        0        0        0        0        0        0        0        0        0        0        1        1        1        1       1
           1       2        2        3        3        4        5        7        9       12       15       17       18       17       15       13       11       10        8        8        7        7        6        6        6        6        7        7        8        9       10       11       13       14       15       15       13       11        9        7        5        4        3        3        2        2        1        1        1        1        1        1        1        0        0        0        0        0        0        0        0        0        0        0        0        0        1        1        1        1        1       1
           1       2        2        2        3        4        5        6        8       11       16       22       32       41       43       37       29       21       16       13       10        9        7        7        6        6        5        5        5        5        5        5        6        6        6        7        7        8        8        8        7        7        6        5        5        4        3        3        2        2        2        2        1        1        1        1        1        1        1        1        1        1        1        1        1        1        1        1        1        1        1       1
           2       2        2        3        4        5        6        8       11       15       21       30       38       42       40       34       27       21       17       14       12       10        9        8        8        7        7        7        7        7        7        7        7        7        7        7        7        6        6        5        5        4        3        3        3        2        2        2        1        1        1        1        1        1        1        1        1        1        1        1        1        1        1        1        1        1        1        1        1        1        1       2
           1       1        1        1        1        2        2        2        2        3        3        3        4        5        6        7        8       10       11       12       13       13       12       10        9        7        6        5        4        4        3        3        2        2        2        2        2        1        1        1        1        1        1        1        1        1        1        1        1        1        1        1        1        1        1        1        1        1        1        1        1        1        1        1        1        1        1        1        1        1        1       1
           2       3        4        4        6        7       10       13       17       23       29       33       33       30       25       20       17       14       12       10        9        8        7        7        6        6        5        5        5        4        4        4        4        3        3        3        3        2        2        2        2        1        1        1        1        1        1        1        1        1        1        1        1        1        1        0        0        0        1        1        1        1        1        1        1        1        1        1        1        1        2       2
           1       1        1        2        2        2        2        3        3        4        5        5        6        7        8        8        8        8        8        8        7        7        7        6        6        5        5        5        5        4        4        4        4        4        4        3        3        3        3        3        2        2        2        2        2        2        1        1        1        1        1        1        1        1        1        1        1        1        1        1        1        1        1        1        1        1        1        1        1        1        1       1
           1       1        1        1        1        2        2        3        3        4        5        7        9       12       14       15       15       13       12       10        8        7        6        5        5        5        4        4        4        4        4        4        4        4        4        4        4        4        4        4        4        3        3        2        2        2        1        1        1        1        1        1        1        0        0        0        0        0        0        0        0        0        0        0        0        0        0        0        0        0        0       1
           0       1        1        1        1        1        2        2        2        3        4        5        6        8        9       11       12       13       13       12       12       11       10       10        9        9        9        8        8        8        8        7        7        6        6        5        4        4        3        3        2        2        2        1        1        1        1        1        1        0        0        0        0        0        0        0        0        0        0        0        0        0        0        0        0        0        0        0        0        0        0       0
           0       0        1        1        1        1        2        2        3        4        5        7       10       13       15       15       14       12       10        8        7        6        5        5        4        4        4        4        4        5        5        6        6        7        8        9        9        9        8        6        5        4        3        2        2        1        1        1        1        1        0        0        0        0        0        0        0        0        0        0        0        0        0        0        0        0        0        0        0        0        0       0
           0       0        0        1        1        1        2        2        3        5        7       12       18       23       22       17       12        9        6        5        4        4        3        3        3        3        3        3        3        3        3        4        5        5        6        7        8        7        6        5        4        3        2        2        1        1        1        0        0        0        0        0        0        0        0        0        0        0        0        0        0        0        0        0        0        0        0        0        0        0        0       0
           0       0        0        0        1        1        1        2        2        3        5        6        7        6        6        4        3        3        2        2        1        1        1        1        1        1        1        1        1        1        1        2        2        2        3        3        4        5        5        5        4        3        2        2        1        1        1        0        0        0        0        0        0        0        0        0        0        0        0        0        0        0        0        0        0        0        0        0        0        0        0       0
