SWAN 1
LOCATIONS
     1
     -67.28  18.38
AFREQ
     56
     0.0300
     0.0400
     0.0500
     0.0600
     0.0700
     0.0800
     0.0900
     0.1000
     0.1100
     0.1200
     0.1300
     0.1400
     0.1500
     0.1600
     0.1700
     0.1800
     0.1900
     0.2000
     0.2100
     0.2200
     0.2300
     0.2400
     0.2500
     0.2600
     0.2700
     0.2800
     0.2900
     0.3000
     0.3100
     0.3200
     0.3300
     0.3400
     0.3500
     0.3600
     0.3700
     0.3800
     0.3900
     0.4000
     0.4100
     0.4200
     0.4300
     0.4400
     0.4500
     0.4600
     0.4700
     0.4800
     0.4900
     0.5000
     0.5100
     0.5200
     0.5300
     0.5400
     0.5500
     0.5600
     0.5700
     0.5800
NDIR
     72
     5.0000
     10.0000
     15.0000
     20.0000
     25.0000
     30.0000
     35.0000
     40.0000
     45.0000
     50.0000
     55.0000
     60.0000
     65.0000
     70.0000
     75.0000
     80.0000
     85.0000
     90.0000
     95.0000
     100.0000
     105.0000
     110.0000
     115.0000
     120.0000
     125.0000
     130.0000
     135.0000
     140.0000
     145.0000
     150.0000
     155.0000
     160.0000
     165.0000
     170.0000
     175.0000
     180.0000
     185.0000
     190.0000
     195.0000
     200.0000
     205.0000
     210.0000
     215.0000
     220.0000
     225.0000
     230.0000
     235.0000
     240.0000
     245.0000
     250.0000
     255.0000
     260.0000
     265.0000
     270.0000
     275.0000
     280.0000
     285.0000
     290.0000
     295.0000
     300.0000
     305.0000
     310.0000
     315.0000
     320.0000
     325.0000
     330.0000
     335.0000
     340.0000
     345.0000
     350.0000
     355.0000
     360.0000
QUANT
     1
VaDens
m2/Hz/degr
     -999.000000
FACTOR
     1.00000E-06
          14      11        9        8        6        6        5        4        4        4        3        3        3        3        3        3        3        3        3        3        3        3        3        3        4        4        4        4        4        4        4        4        3        3        3        3        3        3        2        2        2        2        2        2        2        2        2        2        2        2        2        2        2        2        3        3        3        4        4        5        6        7        9       11       14       18       21       24       25       24       20      17
         151     138      121      104       89       76       65       56       49       44       39       36       33       30       28       27       25       24       23       22       21       21       20       19       19       19       18       18       17       17       16       16       16       15       15       14       14       14       13       13       13       13       13       13       13       13       13       13       13       14       14       15       15       16       17       19       20       22       25       27       31       35       41       48       57       68       82       99      118      136      150     155
         578     429      306      222      166      129      103       85       72       62       55       49       45       42       39       37       36       35       35       35       35       36       36       38       39       41       44       46       49       53       56       59       61       63       65       65       64       62       60       57       54       50       47       45       42       40       38       37       36       35       35       34       35       35       37       38       40       43       47       52       59       67       79       94      116      148      194      264      369      511      649     682
        2861    2055     1431     1008      730      544      418      329      265      219      183      156      135      119      105       95       86       79       73       68       65       61       59       57       55       54       54       54       54       54       55       57       58       60       63       66       70       75       80       86       93      101      110      121      133      147      162      179      198      218      240      263      288      314      341      370      402      436      476      522      578      647      736      853     1010     1228     1537     1973     2566     3250     3722    3573
      191440  228661    35300    11537     5500     3154     2021     1395     1017      773      608      491      406      343      295      257      228      204      186      171      159      149      141      135      131      127      125      124      124      125      127      130      135      140      148      157      168      181      197      217      241      271      306      350      404      470      551      649      767      904     1059     1225     1390     1540     1661     1747     1798     1824     1837     1850     1877     1928     2015     2155     2369     2694     3196     4001     5388     8065    14331   35664
      128625   49380    23959    13556     8488     5708     4049     2995     2291     1802     1452     1195     1001      853      737      646      573      515      467      428      397      371      350      333      319      309      301      296      293      293      295      299      306      315      327      342      361      384      412      446      487      537      597      671      762      875     1015     1190     1412     1693     2053     2512     3099     3841     4766     5885     7188     8627    10127    11616    13065    14524    16133    18137    20925    25175    32225    45199    72902   146253   345905  356763
       58305   25635    13666     8212     5355     3706     2686     2019     1565     1245     1012      839      708      606      527      464      414      373      340      313      291      273      258      246      237      230      225      222      221      222      224      228      234      242      253      266      282      302      326      355      391      435      489      556      640      745      880     1054     1280     1580     1982     2527     3272     4293     5680     7517     9822    12470    15149    17489    19301    20723    22145    24094    27265    32812    43228    65323   123660   327799   525468  182559
       46286   26626    16132    10280     6853     4751     3409     2520     1912     1486     1178      952      783      654      554      476      414      364      324      291      264      242      223      208      196      186      177      171      166      162      160      159      159      160      162      166      171      178      186      196      209      224      243      265      292      325      365      415      477      555      653      781      947     1166     1462     1868     2435     3246     4431     6205     8925    13186    19974    30887    48367    75822   117077   172159   220408   211707   145838   83428
       47581   33626    21609    13461     8487     5521     3724     2603     1880     1398     1067      834      665      541      448      376      321      277      242      215      192      174      159      146      136      128      121      115      111      108      105      104      103      103      104      106      108      112      116      122      129      137      148      161      176      195      219      247      283      329      387      462      561      693      873     1125     1487     2023     2844     4155     6342    10166    17109    29690    49883    72079    82546    79734    73367    68583    64824   58718
       45512   28083    15702     9002     5474     3530     2395     1697     1246      944      734      585      475      393      331      283      245      215      191      171      155      142      132      123      116      110      105      102       99       97       96       96       97       98      100      103      107      112      118      126      135      146      160      177      198      223      255      295      347      413      500      615      772      989     1298     1746     2414     3435     5018     7464    11071    15761    20531    23850    25242    25669    26387    28377    32532    39801    49791   55366
       23030   18854    13683     9215     6070     4043     2765     1949     1416     1058      811      636      510      416      345      291      249      216      190      169      152      138      126      117      109      103       98       93       90       88       86       85       85       86       87       89       91       95       99      105      112      120      130      142      157      176      199      228      265      312      374      455      564      716      931     1246     1726     2491     3777     6090    10584    19942    38919    64046    68335    52676    39039    31287    27422    25848    25452   25007
       56675   44508    16097     6460     3174     1794     1115      743      522      383      290      226      181      148      123      104       89       78       69       61       55       50       47       43       41       39       37       36       35       34       34       34       34       34       35       36       38       39       42       44       48       52       57       64       72       82       94      110      131      158      194      244      315      417      571      813     1213     1914     3218     5732    10152    14936    15471    12523     9776     8143     7426     7461     8330    10544    15751   29353
       19972   37779    21238     7233     3108     1627      968      628      434      315      237      184      147      120      100       85       73       64       57       51       46       42       39       37       35       33       32       31       30       30       30       30       30       31       32       33       35       37       39       42       46       51       57       64       73       85      100      119      145      181      230      301      407      569      829     1262     1995     3175     4659     5559     5213     4270     3432     2867     2534     2380     2380     2543     2931     3703     5292    9065
       40226   68925    20763     6374     2806     1508      915      603      422      309      234      183      147      121      101       86       74       65       58       52       47       43       40       38       36       34       33       32       31       31       31       31       32       32       33       35       36       39       41       45       49       54       60       67       77       89      105      126      153      190      241      314      422      584      837     1243     1891     2853     3975     4692     4595     4007     3399     2954     2691     2591     2651     2905     3450     4548     6960   13634
       73852   33202    12989     6125     3359     2046     1343      933      678      510      396      315      256      212      179      153      133      117      105       94       86       79       74       69       66       63       60       59       58       57       57       57       58       59       60       63       66       69       74       79       86       95      105      118      133      153      178      211      253      310      386      492      643      864     1198     1718     2551     3901     6004     8809    11372    12322    11667    10513     9626     9271     9562    10718    13319    18967    32475   63766
       35609   25360    12537     6246     3446     2086     1358      936      674      504      388      307      249      205      172      147      127      112       99       89       81       75       69       65       61       58       56       54       53       52       52       52       53       53       55       57       59       62       66       71       77       84       93      103      117      133      154      181      215      261      321      404      518      681      918     1270     1800     2593     3727     5160     6570     7456     7631     7375     7070     6957     7180     7891     9375    12258    17904   28029
       11199   11745     9849     6706     4165     2586     1664     1120      785      571      429      332      262      212      175      147      125      108       95       84       75       68       63       58       54       51       48       47       45       44       43       43       43       43       44       45       46       48       51       54       58       62       68       75       83       94      107      124      145      173      209      258      326      421      560      768     1094     1625     2525     4083     6647     9959    12122    11644     9847     8234     7200     6704     6674     7100     8038    9520
        7096   15546    26287    14598     5449     2482     1350      826      548      386      285      218      172      139      115       97       83       73       64       57       52       48       44       41       39       37       36       35       34       34       34       34       34       35       36       38       40       42       46       49       54       60       67       76       87      102      121      146      179      224      287      376      505      693      965     1335     1769     2139     2287     2188     1960     1723     1533     1402     1329     1310     1349     1456     1661     2024     2684    4005
        4332    7893    13738    11949     5471     2488     1312      779      505      349      253      191      148      119       97       81       69       59       52       46       42       38       35       32       30       29       28       27       26       25       25       25       25       26       27       28       29       30       32       35       38       41       46       52       59       68       80       95      115      142      179      231      307      419      589      849     1231     1725     2189     2384     2248     1955     1670     1454     1312     1236     1218     1261     1377     1601     2004    2763
        6301    8202     8686     6503     3871     2218     1329      846      568      400      293      221      172      137      111       92       78       67       58       51       45       41       37       34       32       30       28       27       26       25       24       24       24       24       24       25       25       26       27       29       30       33       35       38       42       47       53       60       70       81       96      116      142      176      222      287      376      503      681      927     1248     1625     1999     2292     2462     2539     2585     2667     2841     3172     3753    4736
        1137    1437     2039     3368     6300     8447     4850     2046      979      540      331      219      153      112       85       66       53       44       36       31       27       23       21       19       17       15       14       13       13       12       12       11       11       11       11       11       11       11       12       12       13       14       15       16       17       19       21       24       28       32       38       46       56       71       91      120      163      232      345      540      889     1489     2269     2652     2321     1783     1379     1128      987      923      922     986
        4996    5314     4378     2924     1811     1135      741      507      361      266      203      159      127      104       87       73       63       55       48       43       39       36       33       31       29       27       26       25       25       24       24       24       24       24       25       26       27       28       30       32       34       37       41       46       51       58       67       78       93      111      136      169      215      278      366      493      673      922     1244     1606     1924     2110     2145     2088     2012     1965     1978     2073     2277     2634     3209    4051
        2989    3749     4610     4832     3840     2463     1481      910      587      398      281      206      156      122       97       79       66       56       48       41       36       32       29       27       25       23       21       20       19       19       18       18       18       18       18       18       18       19       20       21       22       23       25       27       30       34       38       43       50       59       70       84      104      131      170      225      309      440      653     1010     1614     2549     3612     4117     3794     3166     2642     2306     2136     2108     2219    2494
        3378    5213     6991     5858     3287     1728      977      602      397      277      202      153      119       95       78       65       55       47       41       37       33       30       27       25       24       22       21       20       20       19       19       19       19       19       20       20       21       22       24       25       27       30       33       36       41       46       54       63       75       90      111      139      178      234      313      427      591      816     1088     1348     1505     1517     1430     1313     1213     1151     1131     1162     1254     1433     1753    2325
        2522    4015     7540    11714     7556     3059     1385      734      437      283      194      140      105       81       64       52       43       36       31       27       24       21       19       17       16       15       14       13       13       12       12       12       12       12       12       12       12       13       13       14       15       16       17       19       20       23       26       30       34       41       49       59       74       94      123      165      230      332      501      786     1255     1907     2460     2518     2185     1810     1540     1384     1328     1365     1517    1846
        4645    5471     6131     5756     4236     2653     1596      985      635      429      302      220      165      128      101       81       67       56       48       41       36       32       28       25       23       21       20       19       18       17       16       16       15       15       15       15       15       16       16       17       17       18       19       21       23       25       27       30       34       39       45       52       62       75       91      114      145      188      250      341      478      687     1005     1468     2077     2725     3218     3453     3514     3558     3706    4047
        1999    2296     2733     3218     3411     2953     2097     1348      856      560      380      269      197      148      115       91       74       61       51       44       38       33       30       27       24       22       20       19       18       17       17       16       16       15       15       15       15       16       16       17       17       18       20       21       23       25       27       31       35       40       46       54       64       78       96      121      156      206      280      390      559      814     1183     1642     2063     2266     2221     2056     1894     1791     1766    1830
        1237    1498     1792     1991     1916     1560     1129      780      539      381      278      208      160      127      102       84       70       60       52       45       40       36       33       30       28       26       24       23       22       22       21       21       21       21       21       21       22       22       23       25       26       28       30       33       36       40       45       51       58       68       79       94      112      135      165      202      247      301      362      427      489      542      582      610      629      646      665      694      737      803      900    1040
        1136    1228     1348     1487     1605     1628     1494     1225      921      663      473      341      250      188      144      113       91       74       61       52       44       38       34       30       27       24       22       21       19       18       17       16       16       15       15       15       15       15       15       16       16       17       17       18       20       21       23       25       28       31       35       40       46       53       63       75       91      112      140      177      225      289      371      472      587      704      810      892      949      990     1026    1072
        1668    1707     1710     1662     1556     1394     1195      985      790      624      490      385      304      243      197      161      133      112       95       82       71       62       55       50       45       41       38       35       33       31       29       28       27       26       26       26       26       26       26       26       27       28       29       30       32       34       37       40       43       48       53       60       68       77       89      104      123      147      177      216      265      328      408      508      629      770      927     1089     1246     1386     1505    1599
        1814    2737     4225     5293     4131     2335     1279      752      477      322      229      169      130      102       82       68       57       48       42       37       33       29       27       24       23       21       20       19       18       18       17       17       17       17       17       18       18       19       19       20       22       23       25       27       29       32       36       41       46       53       61       71       84       99      118      141      168      200      236      274      314      353      391      427      463      502      549      609      692      813      999    1299
         581     699      891     1199     1649     2061     1946     1347      812      491      311      209      147      107       81       63       51       41       34       29       25       22       19       17       16       14       13       12       12       11       11       10       10       10       10       10       10       10       10       11       11       12       13       14       15       16       18       20       22       26       30       35       41       49       60       74       92      116      147      186      233      284      333      373      399      412      416      418      423      436      462     507
         313     350      413      516      690      976     1372     1593     1283      793      464      284      184      127       91       68       53       42       34       28       24       20       18       16       14       13       12       11       10       10        9        9        9        8        8        8        8        8        9        9        9       10       11       11       12       14       15       17       20       23       26       31       38       47       59       76      100      135      185      254      342      434      498      507      471      419      369      330      304      289      285     292
         229     278      361      511      815     1472     2458     2169     1073      516      281      171      113       79       58       45       35       28       24       20       17       15       13       12       11       10        9        8        8        8        7        7        7        7        7        7        7        8        8        8        9       10       10       11       13       14       16       19       22       26       31       38       48       61       79      105      140      185      237      284      308      304      280      250      222      200      184      175      172      174      183     200
         231     245      276      334      437      631     1007     1573     1631      970      487      263      156      100       69       50       37       29       23       18       15       13       11       10        9        8        7        6        6        5        5        5        5        5        4        4        4        4        5        5        5        5        5        6        6        7        8        8       10       11       13       15       18       22       28       35       47       64       92      137      218      363      609      881      921      726      526      394      314      267      240     229
         162     182      216      274      379      588     1061     2035     2315     1188      528      271      158      101       70       50       38       30       24       19       16       14       12       10        9        8        8        7        7        6        6        6        5        5        5        5        5        5        6        6        6        6        7        7        8        9       10       11       13       15       18       22       26       33       41       54       71       96      131      176      226      266      280      266      238      209      184      166      154      148      147     151
         577     584      611      662      744      854      966     1005      899      683      469      312      210      145      103       76       58       45       35       29       24       20       17       15       13       11       10        9        8        8        7        7        6        6        6        6        6        6        5        6        6        6        6        6        7        7        7        8        9       10       11       12       14       16       18       22       26       32       39       50       64       83      111      150      205      279      369      462      536      577      586     581
         412     420      447      496      573      680      803      884      841      672      476      323      220      153      110       82       63       49       39       32       27       23       20       17       15       13       12       11       10       10        9        9        8        8        8        8        8        8        8        8        8        8        9        9       10       11       12       13       15       17       19       22       26       31       37       46       59       76      102      139      197      286      419      596      766      841      794      687      583      504      452     422
         574     671      786      913     1025     1073     1012      853      660      487      354      260      193      147      114       90       72       59       49       41       35       31       27       24       21       19       18       16       15       14       13       13       12       12       11       11       11       11       11       11       11       12       12       13       13       14       15       16       18       19       21       23       26       29       33       38       44       51       60       71       84      100      119      141      168      199      234      274      319      369      427     494
         205     226      255      296      353      432      531      632      682      631      501      364      256      182      133       99       76       60       48       40       33       28       24       21       19       17       15       14       13       12       12       11       11       10       10       10       10       10       10       10       11       11       12       12       13       14       15       17       18       21       23       26       30       35       40       47       55       65       76       89      103      117      130      141      150      157      162      166      169      174      181     191
         200     223      258      309      381      472      560      583      502      370      254      173      120       86       64       48       38       30       25       21       17       15       13       12       10        9        9        8        7        7        7        6        6        6        6        6        6        6        6        6        6        7        7        8        8        9       10       11       12       14       16       18       21       25       30       37       45       55       68       83      101      120      137      152      162      167      168      168      168      170      175     185
         114     114      116      121      128      140      157      181      212      251      291      315      306      262      203      150      109       81       61       47       37       30       24       20       17       15       13       11       10        9        9        8        7        7        7        6        6        6        6        6        6        6        6        7        7        7        8        8        9       10       11       12       14       16       18       21       25       30       36       44       54       66       79       94      108      119      126      129      127      124      120     117
         128     137      153      176      212      267      350      462      565      566      443      298      193      128       89       64       48       37       29       23       19       16       14       12       11       10        9        8        7        7        6        6        6        6        6        6        6        6        6        6        6        6        7        7        8        8        9       10       12       13       15       18       21       26       31       39       48       61       78       98      121      143      160      167      165      157      147      137      130      125      122     123
          54      56       61       69       82      102      134      184      252      306      280      196      123       78       51       36       26       19       15       12       10        8        7        6        5        4        4        4        3        3        3        3        3        3        3        2        2        3        3        3        3        3        3        3        4        4        5        5        6        7        8       10       12       15       19       25       34       48       69       99      136      169      175      156      128      103       84       72       63       57       54      53
         110     103      100       99      101      106      115      126      140      156      169      174      164      142      115       89       68       52       40       31       25       20       17       14       12       10        9        8        7        7        6        6        5        5        5        5        4        4        4        4        4        4        5        5        5        5        6        6        7        8        8       10       11       13       15       18       22       28       36       47       62       85      116      155      197      226      229      210      183      157      136     120
          58      54       52       51       51       53       57       62       70       82       98      121      150      183      205      199      166      124       89       65       48       36       28       22       18       15       13       11        9        8        8        7        6        6        6        5        5        5        5        5        5        5        5        5        5        6        6        7        7        8        9       10       12       14       17       21       26       34       44       60       83      116      157      195      209      192      160      128      103       85       73      64
          88      87       89       93      102      115      135      167      215      287      381      449      414      301      196      127       85       60       43       33       25       20       17       14       12       10        9        8        7        6        6        5        5        5        5        4        4        4        4        4        4        5        5        5        5        6        6        7        7        8        9       11       12       14       17       21       26       32       41       53       69       90      113      135      150      152      144      131      118      106       98      91
          72      72       74       78       85       97      116      145      194      277      419      600      633      444      258      151       95       63       45       33       25       20       16       13       11        9        8        7        6        6        5        5        5        4        4        4        4        4        4        4        4        4        4        4        5        5        5        6        6        7        8        9       10       12       14       17       21       26       32       41       51       64       78       91      100      104      101       95       89       82       77      73
          95      88       84       82       83       86       92      101      115      135      162      195      226      237      214      170      124       89       64       47       35       27       21       17       14       12       10        9        8        7        6        6        5        5        5        4        4        4        4        4        4        4        4        4        4        4        5        5        5        6        6        7        8        9       11       13       15       18       23       29       37       47       62       81      104      128      145      150      143      130      116     104
         178     158      145      137      135      137      143      156      174      199      230      261      278      264      221      168      123       88       65       48       37       29       23       19       15       13       11       10        9        8        7        6        6        5        5        5        5        4        4        4        4        4        4        4        5        5        5        5        6        6        7        8        8       10       11       13       15       19       23       28       36       48       64       88      123      170      226      273      289      272      239     205
         340     419      429      363      273      199      146      110       85       68       55       45       38       32       28       24       21       19       17       15       14       12       11       10       10        9        8        8        7        7        7        6        6        6        6        5        5        5        5        5        5        5        5        5        5        6        6        6        6        7        7        7        8        9        9       10       11       13       14       16       18       21       25       30       36       44       55       71       93      127      176     248
          98     109      118      123      123      120      115      108      101       94       86       79       73       66       60       54       49       43       39       34       30       27       24       21       18       16       15       13       12       11       10        9        8        8        7        7        6        6        6        5        5        5        5        5        5        5        5        5        5        6        6        6        7        7        8        8        9       10       11       12       14       16       18       21       25       30       35       42       51       61       72      85
          53      58       65       73       85      101      124      154      194      237      265      256      212      158      114       82       61       46       35       28       23       19       16       13       12       10        9        8        7        7        6        6        6        5        5        5        5        5        5        5        5        5        5        5        6        6        6        7        7        8        9       10       11       12       13       15       16       18       20       22       25       27       29       32       34       36       38       40       42       44       46      49
          64      64       65       67       71       75       81       90      101      113      126      136      138      129      112       90       70       54       42       32       26       21       17       14       12       10        9        8        7        6        6        5        5        4        4        4        4        4        4        4        4        4        4        4        4        4        4        4        5        5        6        6        7        8        9       10       12       13       16       19       22       26       31       37       42       48       54       58       61       63       64      64
          97      84       74       67       61       58       55       54       53       52       52       52       51       50       47       44       40       35       30       26       22       19       16       13       12       10        9        8        7        6        5        5        5        4        4        4        4        3        3        3        3        3        3        3        3        3        4        4        4        4        5        5        6        7        7        9       10       12       14       17       22       27       36       47       62       82      106      128      141      140      129     112
         103     100       98       98      100      103      110      119      132      146      158      164      157      137      110       84       63       48       36       28       22       17       14       12       10        8        7        6        6        5        4        4        4        3        3        3        3        3        3        3        3        3        3        3        3        3        3        3        4        4        4        5        5        6        7        8        9       11       13       16       19       24       30       38       48       60       73       86       97      104      106     105
