SWAN 1
LOCATIONS
     1
     -67.28  18.38
AFREQ
     56
     0.0300
     0.0400
     0.0500
     0.0600
     0.0700
     0.0800
     0.0900
     0.1000
     0.1100
     0.1200
     0.1300
     0.1400
     0.1500
     0.1600
     0.1700
     0.1800
     0.1900
     0.2000
     0.2100
     0.2200
     0.2300
     0.2400
     0.2500
     0.2600
     0.2700
     0.2800
     0.2900
     0.3000
     0.3100
     0.3200
     0.3300
     0.3400
     0.3500
     0.3600
     0.3700
     0.3800
     0.3900
     0.4000
     0.4100
     0.4200
     0.4300
     0.4400
     0.4500
     0.4600
     0.4700
     0.4800
     0.4900
     0.5000
     0.5100
     0.5200
     0.5300
     0.5400
     0.5500
     0.5600
     0.5700
     0.5800
NDIR
     72
     5.0000
     10.0000
     15.0000
     20.0000
     25.0000
     30.0000
     35.0000
     40.0000
     45.0000
     50.0000
     55.0000
     60.0000
     65.0000
     70.0000
     75.0000
     80.0000
     85.0000
     90.0000
     95.0000
     100.0000
     105.0000
     110.0000
     115.0000
     120.0000
     125.0000
     130.0000
     135.0000
     140.0000
     145.0000
     150.0000
     155.0000
     160.0000
     165.0000
     170.0000
     175.0000
     180.0000
     185.0000
     190.0000
     195.0000
     200.0000
     205.0000
     210.0000
     215.0000
     220.0000
     225.0000
     230.0000
     235.0000
     240.0000
     245.0000
     250.0000
     255.0000
     260.0000
     265.0000
     270.0000
     275.0000
     280.0000
     285.0000
     290.0000
     295.0000
     300.0000
     305.0000
     310.0000
     315.0000
     320.0000
     325.0000
     330.0000
     335.0000
     340.0000
     345.0000
     350.0000
     355.0000
     360.0000
QUANT
     1
VaDens
m2/Hz/degr
     -999.000000
FACTOR
     1.00000E-06
         154     180      199      199      178      145      112       85       64       50       39       31       25       21       18       15       13       12       11       10        9        8        8        7        7        7        7        6        6        6        7        7        7        7        7        8        8        9       10       11       12       14       15       17       20       23       27       31       36       41       46       52       56       59       61       61       61       59       58       57       56       55       55       56       58       61       66       72       81       93      109     129
        1645    1694     1430     1053      738      520      377      281      217      172      139      115       98       84       73       65       58       53       49       45       42       40       38       37       36       35       35       35       35       35       36       37       38       40       42       44       47       50       54       58       63       68       75       81       89       96      105      113      121      129      137      143      150      155      161      166      171      177      184      193      205      219      238      262      295      339      400      485      608      784     1035    1355
        4229    2654     1784     1264      933      712      558      447      366      304      256      219      190      166      147      131      118      108       99       91       85       80       75       72       69       66       64       63       62       61       61       61       61       62       63       65       67       69       72       76       80       85       91       98      106      116      127      141      156      175      197      224      256      294      341      400      472      564      681      835     1041     1326     1737     2359     3362     5112     8445    14993    24000    23298    13750    7345
       47077   17796     8766     5048     3214     2195     1580     1185      918      731      596      496      421      362      317      280      251      228      209      194      181      171      163      157      152      149      147      146      146      148      151      155      161      168      177      188      202      219      239      264      295      333      380      439      514      609      731      890     1097     1369     1723     2180     2749     3420     4144     4829     5379     5738     5925     6013     6092     6245     6551     7103     8044     9638    12449    17885    30278    67577   189391  162395
      107528   23133     9584     5105     3119     2082     1479     1101      851      678      554      462      394      341      300      267      241      221      204      191      180      172      166      161      158      156      156      157      160      164      170      178      188      201      216      236      260      290      328      376      437      518      625      770      971     1258     1679     2318     3312     4876     7235    10212    12498    12493    10645     8500     6808     5631     4854     4365     4091     3995     4066     4324     4826     5702     7234    10112    16395    34902   157108 1179050
     1040560  127857    39519    18511    10532     6718     4625     3365     2554     2005     1618     1337     1127      968      844      747      669      607      557      517      484      458      438      421      410      401      397      395      397      402      410      422      437      457      481      511      547      590      642      704      779      868      974     1101     1252     1431     1641     1884     2160     2465     2791     3125     3451     3754     4023     4255     4457     4644     4835     5056     5337     5713     6232     6967     8032     9633    12161    16467    24710    43842   108484  659972
      390867  169179    61671    28802    15933     9820     6517     4564     3333     2516     1952     1550     1256     1036      868      738      636      555      489      436      393      357      327      303      283      266      252      240      231      224      219      215      213      212      212      215      218      223      230      239      250      263      279      298      320      347      379      417      462      516      582      661      758      875     1020     1199     1421     1698     2047     2487     3048     3769     4707     5949     7633    10002    13503    19063    28824    48669    98738  252425
      270833   93387    41066    22446    13924     9341     6602     4841     3650     2813     2207     1760     1423     1166      967      810      687      588      509      444      391      348      312      282      257      236      219      204      192      181      173      166      160      156      153      151      149      149      150      152      155      159      165      171      180      190      202      217      234      255      281      311      348      394      450      519      607      717      860     1047     1296     1635     2106     2783     3788     5354     7944    12601    22043    45098   119640  340416
      175867   60273    23291    11848     7066     4644     3256     2390     1815     1416     1129      916      755      630      533      456      394      343      302      268      240      216      197      180      166      154      144      136      129      123      118      114      110      108      106      105      105      105      106      107      110      113      116      121      127      134      142      151      163      177      193      212      236      264      298      339      391      455      535      638      772      949     1188     1519     1996     2710     3844     5784     9493    17869    42563  134753
       62717   42352    25772    15476     9522     6072     4018     2753     1948     1419     1061      812      635      506      410      338      283      240      206      180      158      140      126      114      105       97       90       85       80       77       74       72       70       69       68       68       69       69       71       73       76       79       83       88       95      102      111      122      136      152      172      197      228      267      318      383      469      583      738      954     1258     1697     2348     3336     4874     7328    11322    17888    28544    44600    63550   73235
       34438   17247     9475     5831     3909     2790     2086     1616     1288     1051      874      738      633      549      481      426      381      343      312      285      262      243      227      213      201      190      181      174      168      163      158      155      152      151      150      149      150      151      153      156      159      164      170      176      184      193      204      217      231      248      269      293      321      354      394      442      500      572      662      775      922     1115     1375     1739     2266     3070     4375     6676    11194    21129    41669   54425
       35103   36171    23335    12490     6903     4125     2648     1802     1284      951      727      570      458      375      313      265      228      199      176      157      142      129      119      110      104       98       93       90       87       85       84       83       83       83       85       86       89       92       96      101      108      115      124      135      148      164      183      207      235      270      313      367      434      517      621      752      914     1114     1357     1647     1984     2367     2796     3276     3823     4478     5315     6468     8186    10950    15721   24068
       20331   11199     5632     3058     1818     1165      791      563      417      318      250      200      164      137      116      100       87       77       69       62       57       52       49       46       43       41       40       39       38       38       37       37       38       39       40       41       43       45       48       51       55       61       67       74       83       95      109      127      150      179      217      267      333      423      545      710      934     1229     1601     2035     2493     2921     3286     3599     3916     4322     4938     5951     7719    10970    16818   23340
       14436    7572     4127     2479     1619     1128      826      630      496      401      332      281      241      211      187      168      152      140      130      122      116      111      107      104      102      101      100      101      102      104      107      111      116      122      129      138      148      160      175      192      212      235      262      292      328      367      410      456      504      553      600      645      686      723      757      789      823      860      905      962     1036     1136     1271     1460     1733     2140     2782     3862     5838     9723    16627   20849
       16084    8488     3713     1922     1150      760      540      404      316      255      211      180      156      138      123      112      104       97       92       88       85       83       83       82       83       85       87       91       95      101      108      117      128      142      158      178      202      231      265      304      346      390      431      464      484      489      479      459      432      404      377      353      333      317      306      298      296      298      305      317      337      365      405      462      544      664      849     1152     1697     2801     5440   11946
        4418    2584     1530      971      659      473      355      276      222      183      154      133      116      103       93       85       79       74       70       67       65       64       63       63       64       65       67       69       73       78       83       91      100      112      127      146      170      203      246      305      386      500      659      876     1147     1426     1609     1607     1444     1221     1012      844      718      625      558      512      481      463      457      462      480      511      561      635      746      915     1181     1623     2397     3758     5632    6195
        6220    7141     4889     2715     1567      985      668      481      363      285      230      191      163      141      125      112      102       94       88       84       80       78       76       76       76       77       79       81       85       90       97      105      115      129      146      168      196      234      285      355      451      585      768     1002     1260     1458     1501     1377     1168      959      785      652      554      482      429      391      365      348      339      337      343      356      379      413      463      536      642      804     1062     1500     2300    3824
        1529     934      619      438      328      256      207      172      147      128      114      103       95       88       84       80       78       77       77       77       79       81       85       90       97      105      116      131      149      173      204      244      299      370      461      570      683      768      790      742      649      546      453      377      318      273      239      213      194      179      169      162      158      156      157      161      168      178      193      213      242      282      338      422      550      759     1124     1807     3066     4560     4292    2671
        3685    2282     1238      719      457      313      228      173      137      111       93       79       69       61       55       50       47       44       42       40       39       38       38       38       39       40       42       44       47       50       55       61       68       78       91      108      131      163      208      275      373      520      727      970     1139     1113      930      720      551      431      348      290      249      220      200      186      177      172      172      175      182      195      213      240      280      339      429      575      829     1307     2235    3581
        2889    1701      979      604      402      284      211      163      130      107       90       77       67       60       54       49       46       43       40       39       38       37       37       37       37       38       39       41       43       45       49       53       59       66       75       86      100      119      144      176      218      274      343      423      501      557      572      546      492      431      375      327      290      261      240      226      216      211      211      216      226      242      267      303      355      434      558      761     1116     1766     2835    3626
        2267    1360      723      416      263      179      130       98       77       63       52       44       39       34       31       28       26       24       23       22       21       21       20       20       21       21       22       23       24       26       28       31       35       40       46       54       64       79       99      129      173      239      340      483      645      736      687      552      419      319      250      203      170      148      132      121      114      110      108      109      113      120      131      147      170      205      259      347      501      795     1377    2234
        1226    1237      772      425      249      159      109       79       60       47       38       32       27       24       21       19       17       16       15       14       14       13       13       13       13       13       13       14       15       16       17       18       20       23       26       30       36       43       54       69       92      126      180      263      381      498      526      444      332      243      183      143      116       98       85       77       71       67       64       64       65       67       71       78       88      102      123      155      208      298      467     787
         661     803      777      601      416      284      200      146      111       87       70       58       49       43       38       34       31       28       27       25       24       23       23       23       23       23       24       25       26       28       30       33       37       42       48       56       67       81      102      131      173      235      321      427      519      541      481      386      299      233      186      153      129      112      100       91       85       81       79       78       79       82       86       93      102      116      134      161      201      260      350     485
         160     190      231      285      355      433      496      511      463      378      293      223      172      134      107       88       74       63       54       48       43       39       36       34       32       30       30       29       29       29       29       30       31       32       34       36       40       44       49       55       63       74       88      107      131      164      206      257      311      355      372      356      317      271      227      192      163      142      125      113      104       97       93       90       89       90       92       96      102      111      122     138
         218     280      362      455      521      516      439      339      252      188      144      113       90       74       63       54       47       42       38       35       33       31       30       29       28       28       28       28       29       30       32       34       37       40       45       50       58       67       80       96      119      148      186      233      282      319      329      309      269      225      186      155      131      112       98       88       80       74       70       67       66       65       66       68       71       75       82       91      103      119      142     173
         205     246      284      304      297      264      219      176      140      112       91       76       64       54       47       42       38       34       32       30       28       27       26       26       25       25       26       26       27       28       30       32       34       37       41       45       50       56       64       72       81       91       99      107      111      112      110      105       98       91       83       77       71       66       62       59       56       55       54       53       54       55       57       60       65       70       78       88      101      118      140     169
         178     166      148      129      111       94       80       69       60       52       46       42       38       34       32       30       28       27       26       25       25       25       25       25       26       27       28       30       32       34       37       41       45       51       58       66       77       89      103      119      135      149      159      163      161      154      143      131      120      109      100       92       86       81       78       75       74       74       75       76       79       83       89       96      105      115      128      142      157      171      181     184
          33      37       43       50       60       72       86      102      116      121      114       99       82       65       52       42       34       28       24       20       18       16       14       13       12       11       11       10       10       10       10       10       10       11       11       12       13       14       16       18       20       24       28       34       43       55       72       96      128      163      188      185      160      127       99       77       62       51       43       37       33       30       28       26       25       24       24       24       25       26       28      30
          29      31       33       35       39       43       48       53       60       68       75       82       88       90       89       84       78       70       62       55       49       43       39       35       32       30       28       27       26       25       25       25       25       25       26       28       30       32       35       39       45       52       62       76       95      122      161      214      276      327      335      293      231      175      133      103       82       67       56       48       42       38       34       32       30       28       27       27       26       26       27      28
          20      22       23       26       29       33       39       47       57       71       89      108      124      128      119      100       80       62       49       39       32       27       23       20       17       15       14       13       12       11       11       11       11       11       11       11       12       12       13       14       16       18       20       23       28       34       42       54       72       96      128      163      183      174      144      112       85       66       52       43       36       31       27       24       22       21       20       19       19       19       19      19
          61      62       62       62       62       62       62       61       60       58       56       53       50       47       44       41       38       35       33       30       28       26       25       23       22       21       21       20       19       19       19       19       19       19       19       20       21       21       23       24       25       27       30       32       36       39       44       49       55       62       69       77       85       92       97      101      103      102      100       96       91       87       82       78       74       71       68       66       64       63       62      62
          29      30       32       34       36       38       39       39       38       36       33       30       26       23       20       18       15       14       12       11       10        9        8        8        7        7        6        6        6        6        6        6        6        6        7        7        7        8        8        9       10       12       13       15       18       21       26       32       40       50       63       76       88       95       93       85       74       64       54       47       41       36       33       30       28       27       26       25       25       26       26      27
          29      30       32       34       36       39       41       44       47       50       53       54       54       53       51       47       43       39       35       31       28       25       23       21       19       17       16       15       14       14       13       13       12       12       12       12       12       13       13       13       14       15       16       16       18       19       20       22       24       26       28       29       31       33       34       34       35       34       34       33       32       31       30       29       29       28       27       27       27       27       28      28
          17      17       17       17       18       19       20       21       23       26       29       34       39       45       53       62       70       75       75       71       63       53       45       37       31       26       22       19       17       15       13       12       11       11       10       10        9        9        9        9        9       10       10       11       11       12       13       15       16       18       21       24       27       31       36       40       44       47       48       47       44       40       36       33       29       26       24       22       20       19       18      18
          21      21       21       21       21       22       22       23       24       24       25       26       27       28       29       29       30       30       30       29       28       27       26       24       23       21       20       18       17       16       15       15       14       13       13       12       12       12       12       12       12       12       12       12       13       13       13       14       15       15       16       17       18       19       20       21       22       22       23       24       24       24       24       24       24       23       23       22       22       22       21      21
          14      14       15       16       18       20       22       24       26       29       32       34       35       35       34       31       29       25       22       20       17       15       14       12       11       10        9        9        8        8        7        7        7        7        7        7        7        7        7        8        8        9        9       10       11       12       13       14       15       16       17       18       19       20       20       20       19       18       18       17       16       15       14       14       13       13       13       12       12       13       13      13
          30      31       33       35       38       42       46       51       57       63       68       72       74       72       68       61       54       47       40       34       29       26       22       20       18       16       15       13       13       12       11       11       10       10       10       10       10       10       11       11       11       12       13       13       15       16       17       19       21       23       25       28       30       33       35       36       37       38       37       37       36       34       33       31       30       29       29       28       28       28       28      29
           8       8        9        9       10       12       14       16       20       25       33       43       58       72       80       73       58       42       31       23       17       14       11        9        8        7        6        5        5        4        4        4        4        4        4        4        4        4        4        4        5        5        6        6        7        9       10       13       16       20       26       35       45       55       60       56       48       38       30       24       19       16       13       12       10        9        9        8        8        8        7       8
           4       4        4        5        5        6        7        8        9       12       15       20       28       39       53       60       54       40       28       20       14       11        8        7        5        4        4        3        3        3        3        2        2        2        2        2        2        2        2        2        3        3        3        4        4        5        6        7        9       12       16       21       28       36       41       40       33       25       19       15       12        9        8        7        6        5        5        4        4        4        4       4
          10      10       10       10       11       12       13       15       17       20       24       30       37       46       54       59       56       47       37       28       21       16       13       10        8        7        6        5        5        4        4        3        3        3        3        3        3        3        3        3        3        3        3        3        4        4        5        5        6        7        8       10       12       15       19       24       29       35       39       39       37       33       28       24       20       17       15       13       12       11       11      10
           4       4        5        5        5        6        6        7        8        9       11       13       16       19       23       25       26       25       21       18       14       12        9        8        6        5        5        4        4        3        3        3        3        2        2        2        2        2        2        2        2        3        3        3        3        4        4        5        5        6        7        8       10       11       12       13       13       13       12       11       10        9        8        7        6        6        5        5        5        4        4       4
           9      10       11       12       14       17       20       25       31       38       45       51       52       48       41       33       26       20       16       13       11        9        8        7        6        6        5        5        4        4        4        4        4        4        4        4        4        4        4        5        5        5        6        6        7        8        9        9       10       11       12       12       13       13       12       12       11       11       10        9        9        8        8        8        7        7        7        7        7        8        8       8
           5       5        6        6        7        8        9       10       12       14       16       18       19       20       19       17       15       13       11        9        7        6        5        5        4        4        3        3        3        2        2        2        2        2        2        2        2        2        2        2        2        3        3        3        3        4        4        5        5        6        6        7        8        8        8        9        8        8        8        7        7        6        6        6        5        5        5        5        5        5        5       5
           3       3        3        3        3        3        3        3        3        4        4        5        6        7        8       10       13       15       18       21       21       19       17       14       11        9        7        6        5        4        4        3        3        3        2        2        2        2        2        2        2        2        2        2        2        3        3        3        4        4        5        6        7        8        9       10       11       11       11       10        9        8        7        6        5        5        4        4        3        3        3       3
           4       4        4        4        4        5        5        5        5        5        6        6        6        7        8        8        9       10       11       12       14       15       15       15       15       14       13       11       10        9        8        7        6        5        5        4        4        3        3        3        3        3        3        2        2        2        2        2        2        2        2        2        2        3        3        3        3        3        3        3        3        4        4        4        4        4        4        4        4        4        4       4
           1       1        1        1        2        2        2        2        2        3        3        4        5        7        9       12       17       22       25       23       19       14       10        7        5        4        3        3        2        2        2        1        1        1        1        1        1        1        1        1        1        1        1        1        1        1        1        2        2        2        2        2        3        3        3        3        3        3        3        3        3        2        2        2        2        2        2        1        1        1        1       1
           3       3        2        2        2        3        3        3        3        3        3        4        4        5        6        7        9       11       14       17       20       23       23       21       17       14       11        9        7        6        5        4        4        3        3        3        3        2        2        2        2        2        2        2        2        3        3        3        3        4        4        5        5        6        7        7        8        9        9        9        8        8        7        6        5        5        4        4        3        3        3       3
           3       4        4        5        5        6        7        8       10       11       12       13       13       13       13       12       11       10        9        8        7        6        6        5        5        5        4        4        4        4        4        4        4        4        4        4        5        5        5        5        5        6        6        6        6        6        6        6        5        5        5        4        4        4        3        3        3        3        3        3        2        2        2        2        2        2        2        2        3        3        3       3
           2       2        2        2        3        3        3        4        5        5        7        8       10       13       16       19       21       21       19       16       13       11        9        7        6        5        5        4        4        3        3        3        3        3        3        3        3        3        3        3        4        4        4        5        5        5        6        6        6        6        6        6        6        5        5        4        4        3        3        3        2        2        2        2        2        2        2        2        2        2        2       2
           1       1        1        1        1        1        1        2        2        3        3        4        6        8       11       15       19       21       19       15       11        8        6        5        4        3        3        2        2        2        2        2        2        2        2        2        2        2        2        2        2        3        3        4        4        5        5        5        5        5        5        4        4        3        3        2        2        2        1        1        1        1        1        1        1        1        1        1        1        1        1       1
           2       2        2        2        2        2        3        3        4        4        5        6        7        9       11       13       16       17       17       16       14       11        9        8        6        5        5        4        3        3        3        3        2        2        2        2        2        2        2        2        2        2        3        3        3        3        3        3        4        4        4        4        4        4        4        4        4        3        3        3        3        2        2        2        2        2        2        2        2        2        2       2
           0       0        0        0        1        1        1        1        1        1        2        3        3        5        7       11       16       23       26       22       15       11        7        5        4        3        3        2        2        2        2        2        1        1        1        1        2        2        2        2        2        3        3        4        5        6        7        8        9        8        7        6        4        3        3        2        2        1        1        1        1        1        0        0        0        0        0        0        0        0        0       0
           1       1        1        1        1        1        1        1        2        2        2        3        4        5        7        9       14       19       25       25       20       14       10        7        5        4        3        2        2        2        1        1        1        1        1        1        1        1        1        1        1        1        1        1        1        1        1        1        2        2        2        2        2        3        3        3        3        3        2        2        2        2        2        1        1        1        1        1        1        1        1       1
           1       1        1        1        2        2        2        2        3        4        4        5        6        8        9       10       11       11       10        9        8        7        6        5        5        4        4        4        3        3        3        3        3        3        3        3        3        3        3        3        4        4        4        4        4        4        4        3        3        3        3        2        2        2        2        1        1        1        1        1        1        1        1        1        1        1        1        1        1        1        1       1
           1       1        1        1        1        1        1        2        2        3        4        5        6        9       12       16       19       20       18       15       11        8        7        5        4        4        3        3        2        2        2        2        2        2        1        1        1        1        1        1        1        1        1        1        1        1        1        1        1        1        1        1        1        1        1        1        1        0        0        0        0        0        0        0        0        0        0        0        0        0        0       1
           1       1        1        1        1        1        1        2        2        2        3        3        4        5        6        7        9       10       10       10       10        9        8        7        6        6        5        5        4        4        4        4        4        4        3        3        3        3        3        3        3        3        3        3        3        3        2        2        2        2        1        1        1        1        1        1        1        1        1        1        1        0        0        0        0        0        0        0        0        0        1       1
