SWAN 1
LOCATIONS
     1
     681726.07 2033118.57
AFREQ
     56
     0.0300
     0.0400
     0.0500
     0.0600
     0.0700
     0.0800
     0.0900
     0.1000
     0.1100
     0.1200
     0.1300
     0.1400
     0.1500
     0.1600
     0.1700
     0.1800
     0.1900
     0.2000
     0.2100
     0.2200
     0.2300
     0.2400
     0.2500
     0.2600
     0.2700
     0.2800
     0.2900
     0.3000
     0.3100
     0.3200
     0.3300
     0.3400
     0.3500
     0.3600
     0.3700
     0.3800
     0.3900
     0.4000
     0.4100
     0.4200
     0.4300
     0.4400
     0.4500
     0.4600
     0.4700
     0.4800
     0.4900
     0.5000
     0.5100
     0.5200
     0.5300
     0.5400
     0.5500
     0.5600
     0.5700
     0.5800
NDIR
     72
     5.0000
     10.0000
     15.0000
     20.0000
     25.0000
     30.0000
     35.0000
     40.0000
     45.0000
     50.0000
     55.0000
     60.0000
     65.0000
     70.0000
     75.0000
     80.0000
     85.0000
     90.0000
     95.0000
     100.0000
     105.0000
     110.0000
     115.0000
     120.0000
     125.0000
     130.0000
     135.0000
     140.0000
     145.0000
     150.0000
     155.0000
     160.0000
     165.0000
     170.0000
     175.0000
     180.0000
     185.0000
     190.0000
     195.0000
     200.0000
     205.0000
     210.0000
     215.0000
     220.0000
     225.0000
     230.0000
     235.0000
     240.0000
     245.0000
     250.0000
     255.0000
     260.0000
     265.0000
     270.0000
     275.0000
     280.0000
     285.0000
     290.0000
     295.0000
     300.0000
     305.0000
     310.0000
     315.0000
     320.0000
     325.0000
     330.0000
     335.0000
     340.0000
     345.0000
     350.0000
     355.0000
     360.0000
QUANT
     1
VaDens
m2/Hz/degr
     -999.000000
FACTOR
     1.00000E-06
          93      88       81       74       66       59       53       47       42       38       35       32       29       27       25       24       23       22       21       20       20       20       19       19       19       19       19       19       20       20       20       20       21       21       21       22       22       22       22       23       23       23       23       23       23       23       24       24       24       25       25       26       26       27       28       30       31       33       35       38       41       45       49       54       60       67       74       81       88       93       96      96
         512     492      465      436      407      381      358      339      322      309      297      287      278      270      262      254      244      234      222      209      195      181      166      152      139      126      115      104       95       87       80       73       68       63       59       56       53       51       49       47       46       45       45       45       45       45       46       47       49       51       54       57       60       65       71       77       85       95      107      122      139      161      188      220      258      302      351      402      451      490      514     521
       60074   26666    10578     5366     3216     2145     1540     1166      920      750      628      538      470      417      375      343      316      295      278      265      254      246      239      234      231      229      228      228      228      230      232      235      237      241      244      247      250      253      256      258      260      262      264      266      268      270      273      276      280      285      291      300      310      322      338      358      382      412      450      498      559      639      744      888     1091     1388     1847     2610     4012     6992    14862   39666
      159210   93454    31351    13986     7714     4846     3319     2417     1844     1460     1190      995      850      739      654      587      535      493      460      434      413      398      386      379      375      374      377      383      392      404      421      441      466      496      532      573      622      679      743      816      897      985     1079     1173     1266     1351     1424     1481     1521     1544     1554     1554     1549     1543     1542     1549     1568     1602     1656     1736     1848     2003     2216     2512     2930     3538     4461     5948     8565    13802    26591   68002
     2388580  660154    82415    31556    16767    10487     7247     5360     4169     3371     2813     2409     2110     1885     1713     1581     1481     1405     1350     1312     1290     1281     1284     1301     1329     1369     1422     1488     1566     1657     1760     1872     1992     2113     2230     2334     2417     2470     2488     2471     2422     2346     2252     2148     2043     1942     1848     1766     1696     1639     1596     1568     1554     1555     1574     1610     1667     1748     1858     2005     2200     2458     2804     3276     3938     4897     6359     8737    12988    21766    44982  151326
     1801630  190028    59153    29061    17500    11852     8672     6708     5412     4515     3872     3398     3041     2769     2561     2400     2278     2186     2118     2071     2041     2025     2021     2027     2040     2057     2077     2095     2110     2117     2116     2103     2078     2041     1992     1934     1870     1801     1730     1661     1594     1533     1477     1428     1387     1353     1328     1311     1304     1306     1318     1342     1378     1428     1494     1581     1692     1833     2013     2244     2543     2937     3467     4199     5245     6808     9289    13563    21868    41469   108573  747097
      284650  174894    84947    45143    26831    17361    11957     8631     6462     4984     3939     3178     2611     2180     1846     1583     1374     1205     1068      956      864      787      723      669      624      586      555      529      508      490      477      467      460      455      454      456      460      468      478      492      509      530      556      586      622      665      715      774      844      926     1023     1139     1276     1441     1639     1879     2172     2532     2977     3534     4240     5147     6334     7922    10111    13239    17927    25407    38365    63325   117050  224696
      192212  126738    74617    44939    28526    19035    13247     9545     7082     5388     4189     3320     2678     2194     1824     1537     1311     1131      987      870      775      697      632      578      533      496      465      439      417      400      386      375      367      362      359      359      361      366      373      383      396      413      433      457      487      522      564      614      675      747      835      942     1072     1233     1432     1681     1996     2398     2917     3597     4497     5709     7369     9687    13003    17886    25346    37261    57268    92056   148543  204864
      180919  100389    54195    31866    20313    13780     9800     7230     5493     4277     3399     2750     2260     1884     1592     1360     1176     1027      906      806      724      656      599      551      511      478      450      426      407      391      378      368      361      356      353      353      355      359      366      375      387      402      420      442      468      500      537      581      634      697      771      861      970     1101     1262     1460     1706     2016     2408     2912     3569     4441     5622     7260     9607    13100    18573    27726    44351    77305   142331  214990
       45065   36621    28925    22427    17185    13088     9958     7604     5847     4540     3565     2834     2281     1860     1536     1284     1086      930      804      703      621      554      499      453      415      384      358      336      318      303      291      282      275      270      267      266      267      270      275      282      292      304      318      337      359      385      417      456      503      560      630      716      823      957     1127     1345     1627     2000     2500     3180     4122     5453     7367    10158    14261    20241    28602    39152    49934    57172    57982   52999
        8945    9099     9528     9999    10087     9334     7722     5801     4128     2893     2045     1476     1091      827      642      509      411      339      284      241      208      182      161      144      130      119      110      102       96       91       87       84       82       80       79       79       80       81       82       85       88       92       98      104      112      122      134      149      167      190      219      256      304      367      452      569      734      976     1342     1923     2894     4621     7866    14003    23435    29630    26077    19362    14507    11621    10008    9200
       12769    9076     6587     4906     3747     2928     2334     1894     1561     1305     1105      946      819      716      632      563      505      457      417      383      354      330      309      292      277      265      255      246      240      235      231      229      228      229      231      234      239      245      253      262      274      287      304      323      345      372      403      440      483      534      595      668      755      862      991     1151     1350     1600     1920     2334     2880     3616     4631     6064     8138    11181    15569    21276    26629    27984    24024   17972
        8139    5462     3871     2875     2220     1769     1446     1208     1028      889      779      691      619      560      510      469      434      404      379      357      338      321      307      294      284      274      266      259      254      249      245      242      240      239      239      239      241      243      246      250      256      262      270      279      290      303      319      336      357      382      411      445      486      536      596      670      762      877     1026     1220     1481     1841     2354     3116     4304     6254     9605    15271    22662    25399    19736   12736
        7355    4447     2890     1998     1453     1101      862      694      572      482      413      360      318      285      259      237      220      206      195      187      180      175      171      170      169      170      172      175      180      187      195      206      218      233      251      272      296      326      360      400      446      499      559      625      698      775      854      931     1005     1072     1130     1181     1225     1266     1308     1355     1414     1489     1589     1723     1907     2163     2525     3055     3863     5158     7363    11297    17869    24021    20983   12868
        6263    3663     2311     1570     1132      857      674      547      456      389      338      300      270      246      228      213      202      194      188      184      181      181      182      185      189      195      203      213      225      240      257      277      300      325      353      383      415      446      474      499      519      531      536      534      526      515      501      487      474      463      454      449      448      451      459      473      495      525      566      622      697      801      945     1151     1459     1940     2742     4174     6855    11250    14056   10727
        7396    4312     2602     1700     1194      888      692      560      467      400      351      314      287      266      250      239      232      228      227      229      234      242      254      270      290      317      351      395      449      518      604      710      833      966     1092     1181     1207     1161     1060      933      805      691      595      516      454      405      366      335      312      295      282      274      269      269      272      279      291      308      331      363      406      464      543      655      816     1061     1453     2120     3346     5668     9202   10497
        5692    4745     3583     2623     1936     1463     1138      909      745      625      535      466      413      372      339      314      294      279      267      259      253      250      250      252      256      263      272      284      300      319      341      369      401      438      481      530      583      640      697      751      798      833      853      856      845      822      791      757      723      691      663      639      622      610      605      607      617      634      662      701      755      828      925     1056     1234     1480     1826     2318     3015     3955     5033    5804
        2642    1644     1044      701      497      370      286      228      188      158      136      119      106       95       87       81       76       72       70       68       66       66       66       67       68       70       73       77       82       88       95      104      115      129      145      165      189      218      250      286      323      358      386      404      408      400      384      362      338      316      296      279      266      257      251      249      251      257      268      285      309      344      392      460      559      708      942     1325     1969     2973     3955    3790
        5767    2624     1321      771      501      352      262      204      164      136      116      101       89       80       74       68       64       61       59       58       57       57       58       60       62       65       69       74       80       89      100      113      131      154      185      225      278      347      433      529      617      666      658      599      518      436      366      311      267      234      210      191      177      168      162      159      158      161      167      177      191      211      239      280      338      428      571      819     1296     2355     4927    8206
        1268    2096     2729     2194     1313      774      490      334      242      184      146      120      101       87       76       68       62       58       54       52       50       49       49       49       49       51       53       56       60       65       71       79       90      103      121      143      173      212      260      317      374      418      432      411      365      312      262      220      186      160      140      125      114      105       98       94       91       90       90       91       95      100      107      117      131      150      177      215      273      362      511     775
        3088    2782     1720     1003      626      423      305      232      183      150      127      109       97       87       80       74       70       67       65       64       63       64       65       67       69       73       78       83       91       99      109      121      135      149      164      178      190      196      197      191      181      169      154      140      128      116      106       98       92       86       82       79       77       76       76       77       79       82       86       92      100      111      126      146      173      212      269      358      505      763     1250    2135
        2422    2443     1740     1070      664      435      302      220      167      131      106       88       74       64       56       50       45       41       38       36       34       32       31       31       30       30       30       30       31       32       33       35       37       40       43       47       52       58       65       73       84       96      111      128      147      168      188      207      221      230      233      231      225      216      208      200      194      190      189      190      195      203      216      236      263      303      361      448      583      803     1173    1766
         640     469      350      268      211      170      141      118      102       89       78       70       64       59       54       51       48       46       44       43       42       41       41       41       41       41       42       43       44       45       46       48       49       51       53       55       57       60       62       64       66       68       70       72       74       76       78       80       82       85       88       91       96      101      108      116      125      138      154      174      201      236      284      351      445      578      764      995     1207     1268     1121     871
         358     365      344      302      250      201      160      127      102       83       68       57       49       42       37       32       29       26       24       22       21       20       19       18       17       17       17       17       17       17       17       17       18       19       20       21       22       24       26       28       30       34       37       41       46       51       57       64       71       78       85       91       97      102      106      109      111      113      115      118      121      125      130      138      148      161      177      198      225      257      294     331
          95      94       93       91       89       86       83       80       76       72       68       64       61       57       53       50       47       44       41       39       37       35       34       33       31       30       30       29       29       28       28       28       28       28       29       29       30       31       32       33       35       36       38       40       43       45       48       51       54       58       62       65       69       73       76       80       83       86       88       90       92       93       94       95       95       96       96       96       97       97       96      96
         383     419      421      387      333      276      226      185      153      128      109       95       83       74       67       61       57       53       50       48       46       45       43       43       42       42       42       42       42       43       43       44       44       45       45       45       46       46       45       45       45       44       44       43       42       42       41       41       40       40       40       40       41       42       43       44       46       48       51       55       59       65       72       81       92      106      125      149      180      220      270     327
         282     291      291      280      261      236      208      181      155      133      114       98       84       73       64       57       50       45       41       37       34       31       29       27       26       25       23       23       22       21       21       21       20       20       20       21       21       21       22       22       23       24       25       26       28       30       31       33       36       38       41       45       48       52       57       62       67       73       80       87       96      105      115      126      139      153      169      186      206      226      247     267
         103     119      136      152      163      164      156      140      121      102       85       71       60       51       44       38       34       30       27       25       23       22       21       20       19       19       18       18       18       18       19       19       20       21       22       23       24       26       28       30       32       34       37       39       41       43       45       46       46       46       46       45       44       43       42       41       40       39       39       39       39       40       41       42       45       47       51       56       61       69       78      89
          82      89       94       99      103      104      104      102       98       93       87       81       74       68       62       57       52       47       43       40       37       34       32       29       28       26       24       23       22       21       20       19       19       18       18       17       17       17       16       16       16       16       16       16       16       17       17       17       18       18       19       19       20       21       22       23       24       25       27       28       30       33       35       38       41       45       49       53       58       64       70      76
          66      76       83       87       87       84       79       73       67       62       57       54       51       49       47       47       46       47       47       48       49       50       51       51       51       50       47       44       40       36       32       28       25       22       19       17       15       13       12       11       10        9        9        8        8        7        7        7        7        7        7        7        7        7        7        8        8        8        9       10       11       12       13       15       17       20       24       28       33       40       47      57
          22      22       23       23       25       26       28       31       35       40       47       55       64       74       82       84       80       70       58       47       37       30       24       20       17       14       12       11        9        8        8        7        6        6        6        6        5        5        5        5        5        5        5        6        6        6        7        7        8        9       10       11       12       13       15       17       19       22       24       26       28       29       29       29       28       27       26       25       24       23       23      22
          40      44       47       50       52       52       52       50       48       46       44       42       39       37       35       34       32       30       29       28       27       25       24       23       22       21       20       19       17       16       15       14       13       13       12       11       10       10        9        9        8        8        8        7        7        7        7        7        7        7        7        7        7        7        8        8        8        9       10       10       11       12       13       14       16       18       20       23       25       29       32      36
           7       8        8        9       10       11       13       15       18       22       27       34       42       51       59       61       58       50       41       33       27       22       18       15       13       11       10        9        8        8        7        7        7        7        7        7        7        7        7        8        8        8        9       10       11       11       12       13       14       15       15       15       15       14       13       12       11       11       10        9        8        8        7        7        7        7        6        6        6        6        7       7
           7       8        9       10       11       12       14       17       20       23       27       32       36       39       40       39       36       32       28       25       21       19       16       15       13       12       11       10       10        9        9        9        9        9        9        9        9        9       10       10       10       10       11       11       11       11       11       11       10       10       10        9        9        8        8        7        7        6        6        6        6        5        5        5        5        5        5        5        6        6        6       7
          15      15       16       16       16       16       16       15       15       15       15       15       15       15       16       16       17       18       19       20       22       24       25       27       28       29       30       29       27       25       23       20       18       16       14       12       11        9        8        8        7        6        6        5        5        5        5        5        4        4        4        4        4        4        5        5        5        5        5        6        6        7        7        8        9        9       10       11       12       13       14      14
          24      27       28       29       29       29       27       26       24       22       21       20       19       18       17       17       17       16       16       16       17       17       17       17       17       17       17       17       16       15       14       13       12       11       10        9        8        7        7        6        5        5        5        4        4        4        4        4        4        4        4        4        4        4        4        4        4        4        5        5        5        6        7        7        8        9       11       12       14       16       19      22
           6       6        7        8        9       11       12       14       16       18       20       22       23       24       24       24       23       21       20       19       17       16       15       14       13       13       12       12       11       11       10       10        9        9        8        8        8        7        7        6        6        5        5        5        4        4        4        4        3        3        3        3        3        3        3        3        3        2        2        3        3        3        3        3        3        3        3        3        4        4        5       5
           7       8        9       10       11       13       14       16       18       19       21       22       22       23       23       23       23       22       22       21       21       21       20       20       19       19       18       17       16       15       14       13       12       11       10        9        8        7        6        5        5        4        4        4        3        3        3        3        3        2        2        2        2        2        2        2        2        2        2        2        2        3        3        3        3        3        4        4        4        5        5       6
          10      12       15       18       22       26       29       31       30       28       24       21       18       16       14       12       11       10        9        9        8        8        8        8        8        8        8        8        9        9       10       10       10       11       11       10       10       10        9        8        7        7        6        5        5        4        4        4        3        3        3        3        3        2        2        2        2        2        2        2        3        3        3        3        3        4        4        5        5        6        7       8
           3       4        4        5        5        6        8       10       13       16       21       27       32       34       32       27       21       17       13       11        9        7        6        5        5        4        4        4        3        3        3        3        3        3        3        3        4        4        4        4        4        5        5        5        6        6        6        6        6        5        5        5        4        4        4        3        3        3        3        2        2        2        2        2        2        2        2        2        2        2        3       3
           4       4        5        6        7        8       10       12       15       18       22       27       31       33       32       30       26       22       19       16       14       12       11       10        9        8        8        7        7        7        7        6        6        6        6        6        6        6        6        6        5        5        5        5        4        4        4        4        3        3        3        3        2        2        2        2        2        2        2        2        2        2        2        2        2        2        2        2        2        3        3       3
           4       4        5        5        6        7        8       10       12       15       19       24       31       41       52       62       68       67       59       49       40       32       26       21       18       15       13       12       10        9        8        8        7        7        6        6        5        5        5        5        4        4        4        4        3        3        3        3        3        3        3        3        2        2        2        2        2        2        2        2        2        2        2        2        2        2        2        3        3        3        3       3
           2       2        3        3        4        5        7        9       13       19       29       41       50       46       34       24       17       12        9        7        6        5        4        4        3        3        3        3        3        3        3        3        3        3        3        3        4        4        4        4        4        4        4        4        4        4        4        3        3        3        2        2        2        2        1        1        1        1        1        1        1        1        1        1        1        1        1        1        1        1        1       2
           2       2        3        4        4        6        7        9       11       15       18       21       22       21       19       16       14       12       10        9        8        7        7        6        6        6        6        6        6        6        7        7        7        7        8        8        7        7        7        6        5        5        4        4        3        3        2        2        2        2        1        1        1        1        1        1        1        1        1        1        1        1        1        1        1        1        1        1        1        1        2       2
           2       2        3        3        4        4        5        6        7        9       11       14       17       21       24       27       27       26       23       20       17       15       13       11       10        9        8        7        7        6        6        6        6        5        5        5        5        4        4        4        4        4        3        3        3        3        3        2        2        2        2        2        2        2        1        1        1        1        1        1        1        1        1        1        1        1        1        1        1        2        2       2
           1       1        2        2        2        2        3        3        4        5        6        8       10       14       19       25       30       30       25       19       14       11        8        7        5        4        4        3        3        3        2        2        2        2        2        2        2        2        2        2        2        2        2        2        2        2        2        3        3        3        3        2        2        2        2        2        2        2        2        1        1        1        1        1        1        1        1        1        1        1        1       1
           1       1        1        1        2        2        2        3        4        5        6        7        9       10       11       11       11       10        8        7        6        6        5        5        4        4        4        4        4        4        4        4        4        4        4        4        4        4        4        4        3        3        3        2        2        2        2        1        1        1        1        1        1        1        0        0        0        0        0        0        0        0        0        0        0        0        0        0        0        1        1       1
           1       1        1        1        1        2        2        3        4        5        7       10       15       21       27       28       24       18       13       10        8        6        5        5        4        4        3        3        3        3        3        3        3        3        4        4        4        5        5        6        6        6        6        5        5        4        3        3        2        2        2        1        1        1        1        1        1        1        0        0        0        0        0        0        0        0        0        0        0        0        1       1
           2       2        2        2        2        2        3        3        3        4        5        6        7        8        9       11       12       12       11       10        9        7        6        5        4        4        3        3        2        2        2        2        2        1        1        1        1        1        1        1        1        1        1        1        1        1        1        1        1        1        1        2        2        2        2        2        2        2        2        2        1        1        1        1        1        1        1        1        1        1        1       1
           0       0        0        0        0        1        1        1        2        3        4        6        9       12       14       12        8        6        4        3        2        2        1        1        1        1        1        1        1        1        1        1        1        1        1        1        1        1        2        2        2        3        3        3        3        2        2        2        1        1        1        1        0        0        0        0        0        0        0        0        0        0        0        0        0        0        0        0        0        0        0       0
           0       0        0        1        1        1        1        2        2        3        3        4        6        8       10       11       12       11       10        9        7        6        5        5        4        4        3        3        3        3        3        3        3        2        2        2        2        2        2        2        2        2        1        1        1        1        1        1        1        0        0        0        0        0        0        0        0        0        0        0        0        0        0        0        0        0        0        0        0        0        0       0
           1       1        1        1        1        1        1        2        2        3        3        4        5        7       10       13       16       19       19       16       13       10        7        6        5        4        3        3        2        2        2        2        2        1        1        1        1        1        1        1        1        1        1        1        1        1        1        1        1        1        1        1        1        1        1        1        1        1        1        1        1        1        1        1        1        1        1        1        1        1        1       1
           1       1        1        1        1        2        2        2        3        4        5        6        7        8       10       10       10        9        8        7        6        5        4        4        3        3        3        3        2        2        2        2        2        2        2        2        2        2        2        2        2        2        2        2        2        2        1        1        1        1        1        1        1        1        1        1        1        1        0        0        0        0        0        0        0        0        0        0        0        1        1       1
           0       0        0        0        1        1        1        1        1        2        2        2        3        4        5        7        8        9       10       10        9        8        7        6        5        4        4        3        3        3        3        3        3        3        3        3        3        3        4        4        4        5        5        5        5        5        4        4        3        3        2        2        1        1        1        1        1        1        0        0        0        0        0        0        0        0        0        0        0        0        0       0
           0       0        0        0        0        0        0        0        0        1        1        1        2        3        5        8       13       19       21       17       12        8        6        4        4        3        3        2        2        2        2        2        2        2        2        3        3        3        3        3        3        3        3        2        2        1        1        1        1        0        0        0        0        0        0        0        0        0        0        0        0        0        0        0        0        0        0        0        0        0        0       0
           0       0        0        0        0        1        1        1        1        2        2        3        5        7       10       13       15       15       13       11        9        7        6        5        4        4        3        3        3        3        3        3        3        3        3        2        2        2        2        2        1        1        1        1        1        1        0        0        0        0        0        0        0        0        0        0        0        0        0        0        0        0        0        0        0        0        0        0        0        0        0       0
