SWAN 1
LOCATIONS
     1
     681726.07 2033118.57
AFREQ
     56
     0.0300
     0.0400
     0.0500
     0.0600
     0.0700
     0.0800
     0.0900
     0.1000
     0.1100
     0.1200
     0.1300
     0.1400
     0.1500
     0.1600
     0.1700
     0.1800
     0.1900
     0.2000
     0.2100
     0.2200
     0.2300
     0.2400
     0.2500
     0.2600
     0.2700
     0.2800
     0.2900
     0.3000
     0.3100
     0.3200
     0.3300
     0.3400
     0.3500
     0.3600
     0.3700
     0.3800
     0.3900
     0.4000
     0.4100
     0.4200
     0.4300
     0.4400
     0.4500
     0.4600
     0.4700
     0.4800
     0.4900
     0.5000
     0.5100
     0.5200
     0.5300
     0.5400
     0.5500
     0.5600
     0.5700
     0.5800
NDIR
     72
     5.0000
     10.0000
     15.0000
     20.0000
     25.0000
     30.0000
     35.0000
     40.0000
     45.0000
     50.0000
     55.0000
     60.0000
     65.0000
     70.0000
     75.0000
     80.0000
     85.0000
     90.0000
     95.0000
     100.0000
     105.0000
     110.0000
     115.0000
     120.0000
     125.0000
     130.0000
     135.0000
     140.0000
     145.0000
     150.0000
     155.0000
     160.0000
     165.0000
     170.0000
     175.0000
     180.0000
     185.0000
     190.0000
     195.0000
     200.0000
     205.0000
     210.0000
     215.0000
     220.0000
     225.0000
     230.0000
     235.0000
     240.0000
     245.0000
     250.0000
     255.0000
     260.0000
     265.0000
     270.0000
     275.0000
     280.0000
     285.0000
     290.0000
     295.0000
     300.0000
     305.0000
     310.0000
     315.0000
     320.0000
     325.0000
     330.0000
     335.0000
     340.0000
     345.0000
     350.0000
     355.0000
     360.0000
QUANT
     1
VaDens
m2/Hz/degr
     -999.000000
FACTOR
     1.00000E-06
          47      66       76       68       50       35       25       19       15       12       10        8        7        7        6        6        5        5        5        5        5        5        5        5        5        5        6        6        6        6        6        6        5        5        5        4        4        4        3        3        3        2        2        2        2        2        2        2        1        1        1        1        1        1        2        2        2        2        2        2        2        3        3        4        4        5        7        8       11       15       21      32
         274     338      327      252      176      122       87       65       50       40       33       28       24       22       19       18       17       16       15       14       14       14       14       14       15       16       16       17       19       20       22       25       28       31       35       39       42       45       48       48       47       45       41       38       34       31       28       26       23       22       20       19       18       18       18       17       18       18       19       19       21       22       25       28       32       38       45       56       73       97      136     195
         141     168      197      222      233      226      202      171      140      113       92       75       63       53       45       39       35       31       28       26       24       22       21       20       19       18       18       18       18       18       18       18       18       19       20       20       21       22       23       24       25       27       28       29       30       31       32       33       34       34       35       35       35       35       35       36       36       36       37       38       39       41       43       46       49       53       59       66       75       86      100     119
         300     359      392      375      317      247      186      140      107       84       67       55       46       39       34       30       27       24       22       21       19       18       18       17       17       16       16       17       17       17       18       19       20       21       22       24       26       29       32       35       40       44       50       55       61       67       72       76       79       80       80       78       76       73       70       68       66       65       64       64       65       67       69       73       79       87       98      112      131      158      194     242
        2159    1408      914      617      436      321      245      193      156      129      109       94       82       72       65       59       55       51       48       45       44       42       41       41       41       41       41       42       44       45       47       50       54       58       63       69       76       85       95      108      123      141      162      187      214      243      272      299      322      339      348      351      350      346      341      338      337      340      347      361      382      413      458      522      616      753      962     1288     1793     2489     3079    2938
        2686    1559      995      679      487      364      280      222      180      149      125      107       93       82       73       66       60       55       51       48       46       44       42       41       40       40       39       40       40       41       42       44       46       48       51       55       60       65       72       80       91      104      120      140      167      201      246      305      385      493      639      836     1095     1417     1786     2154     2466     2686     2826     2931     3061     3277     3657     4328     5562     8059    14165    35099    97197    52117    13670    5348
       23366   14057     8885     5885     4063     2908     2147     1630     1267     1006      815      671      562      477      411      358      316      282      254      231      212      197      184      174      165      158      153      149      146      144      144      144      146      149      153      158      165      173      184      196      211      230      252      280      313      354      406      470      551      656      791      970     1209     1536     1990     2635     3568     4948     7024    10182    14986    22147    32332    45817    62371    81786   103989   125558   132051   108274    69890   40452
       17775   11059     7381     5192     3802     2876     2234     1775     1437     1184      990      840      721      627      551      488      438      396      361      332      307      287      270      256      244      235      227      222      217      215      213      213      215      217      222      228      235      244      256      269      285      305      328      355      387      425      470      524      588      666      761      875     1016     1190     1407     1680     2026     2471     3054     3829     4888     6379     8565    11949    17579    27866    48911    94179   152082   123717    62196   31418
      130130   60101    24977    12057     6650     4043     2641     1823     1315      983      757      598      483      398      334      284      246      215      191      171      155      142      132      123      116      110      106      102      100       98       97       97       97       99      101      104      109      114      121      129      139      151      166      184      207      235      271      316      375      452      554      695      891     1174     1595     2247     3308     5130     8454    14835    26891    44558    55332    50303    40713    34206    31481    32264    37333    49941    79215  133039
       26658   36047    53049    73176    67193    38829    19740    10686     6322     4033     2733     1943     1437     1097      862      693      569      475      404      349      305      271      243      220      202      187      175      165      157      151      146      143      140      140      140      141      144      147      152      159      168      178      191      207      226      250      280      317      363      422      498      598      732      914     1169     1537     2086     2939     4331     6721    11036    18927    31608    43609    43849    35526    27685    22669    19970    18995    19531   21803
       30045   66526   267180   269575    49539    15911     7265     3982     2441     1617     1133      830      630      492      394      323      269      229      197      172      153      137      124      114      105       98       93       88       85       82       80       79       79       79       79       81       83       86       90       95      101      108      117      129      142      160      181      208      243      287      346      425      534      689      914     1258     1806     2739     4450     7899    15530    31845    49703    43547    28532    19493    14949    12791    12079    12553    14475   18987
       37472  109416   211519    56676    15533     6432     3307     1936     1237      841      601      446      342      269      217      178      149      127      110       96       85       76       69       63       59       55       52       49       47       46       44       44       43       43       44       44       46       47       49       52       55       58       63       69       76       85       96      109      126      148      177      215      267      338      440      590      820     1192     1832     3028     5501    11253    24991    43494    39428    25398    17410    13751    12405    12689    14856   20651
       12057   17293    30166    67867   110304    51052    17446     7663     4056     2423     1572     1085      784      589      456      362      294      244      206      177      154      135      121      109      100       92       85       80       76       73       70       68       67       66       66       67       68       69       71       74       78       82       88       94      103      113      125      141      160      185      216      256      308      378      473      605      792     1064     1470     2087     3028     4416     6251     8149     9360     9511     8987     8358     7957     7930     8399    9591
       10167   16954    37784    97671    69355    19967     7698     3809     2189     1387      941      673      501      386      305      247      205      172      148      128      113      101       91       83       76       71       67       63       61       59       57       56       56       56       56       57       58       60       62       66       69       74       80       88       96      107      121      138      160      187      223      270      332      418      536      705      950     1309     1840     2601     3603     4696     5527     5813     5627     5258     4933     4764     4808     5129     5852    7275
        9210   11994    17600    28589    40034    30490    14752     7094     3822     2279     1469     1005      721      537      413      326      263      217      182      155      134      118      105       94       86       79       73       68       65       62       59       57       56       55       55       55       56       57       58       60       63       67       71       76       82       90      100      111      126      144      167      197      236      287      356      451      585      778     1064     1499     2173     3211     4719     6582     8197     8848     8545     7875     7307     7042     7169    7805
       13280   20022    32047    42628    32508    16655     8362     4610     2782     1804     1236      886      659      505      397      319      262      218      185      159      139      122      109       99       90       83       77       72       68       65       62       60       59       58       58       58       58       59       60       62       64       67       71       75       81       87       95      105      117      131      148      170      197      230      273      327      397      488      605      759      959     1218     1545     1950     2432     2987     3606     4297     5097     6100     7491    9634
       10788   15566    23280    30163    25581    14913     7995     4533     2771     1809     1245      895      667      512      403      324      266      222      189      162      142      125      112      101       92       85       79       74       70       67       64       62       60       60       59       59       59       60       62       63       66       69       73       77       83       89       97      107      119      133      150      172      198      231      273      326      392      478      588      728      907     1133     1413     1750     2144     2592     3093     3656     4317     5149     6292    8005
        3806    5248     7993    13355    20238    17945     9578     4768     2613     1580     1032      714      518      390      303      242      197      164      138      119      104       92       82       74       68       62       58       55       52       50       48       47       46       45       45       46       46       47       49       50       53       56       59       63       68       75       82       92      103      117      134      155      181      214      256      308      373      455      554      673      810      959     1112     1259     1394     1519     1639     1770     1933     2155     2481    2984
        3487    5352     9690    21595    37714    21772     8254     3794     2080     1282      857      608      451      347      275      224      186      157      135      118      104       93       85       78       72       67       64       61       58       57       55       55       54       54       55       56       58       60       62       66       69       74       80       87       96      106      119      134      152      175      202      236      277      325      383      450      526      607      689      768      840      902      956     1004     1053     1111     1186     1289     1437     1657     1993    2537
        3514    4908     7663    13360    20806    17298     8519     4105     2227     1342      875      606      440      331      257      205      167      139      118      101       88       78       70       63       57       53       49       47       44       42       41       40       39       39       39       39       39       40       41       43       45       47       50       54       59       64       71       79       89      101      116      134      157      187      224      271      330      405      497      609      738      880     1026     1166     1293     1406     1514     1629     1774     1974     2272    2738
        1198    1852     3431     8766    25441    15739     4418     1796      936      563      372      262      194      149      119       97       80       68       59       52       46       41       38       35       32       30       29       28       27       26       26       26       26       26       26       27       28       29       31       33       35       38       41       45       50       56       63       72       83       96      111      129      151      175      201      228      255      279      300      315      326      335      342      350      360      376      400      435      486      562      679     868
        4096    6759    12186    16531    10691     4876     2394     1333      819      541      378      276      208      162      129      105       87       74       63       55       48       43       39       35       32       30       28       27       25       24       24       23       23       23       23       23       23       24       24       25       26       28       30       32       34       37       41       46       51       58       66       76       89      104      124      148      179      217      265      323      393      474      567      669      780      899     1032     1189     1390     1670     2095    2800
        2262    2715     3634     5580     9510    12366     7676     3365     1598      866      520      337      231      166      124       95       75       61       50       42       36       31       27       24       21       19       18       16       15       14       14       13       13       12       12       12       12       12       12       13       13       14       14       15       16       18       19       21       24       27       31       36       42       49       60       73       92      117      153      205      282      399      576      840     1201     1614     1948     2096     2083     2017     1989    2053
         630     667      745      882     1119     1543     2314     3524     4183     3039     1663      907      535      341      232      166      123       95       75       61       50       42       36       32       28       25       23       21       19       18       17       16       16       15       15       15       15       15       15       15       16       16       17       18       20       21       23       26       29       33       38       44       52       63       77       97      125      164      223      312      447      646      909     1169     1295     1236     1076      912      785      698      646     624
         851     964     1139     1422     1909     2813     4578     7319     7723     4585     2285     1225      725      466      319      229      171      132      105       85       70       59       51       44       39       35       31       29       26       24       23       22       21       20       20       19       19       19       19       19       20       20       21       22       23       25       27       29       32       35       39       44       50       58       67       79       93      112      135      165      202      248      301      362      427      491      549      599      641      680      722     776
        6606    6036     5079     4291     3718     3260     2811     2316     1796     1318      935      656      463      332      243      181      138      108       86       69       57       47       40       34       30       26       23       21       19       17       16       15       14       13       13       12       12       12       12       11       12       12       12       12       13       13       14       15       16       17       19       21       23       26       29       34       40       47       56       69       86      109      142      190      262      375      558      870     1425     2416     4024    5840
        2107    1738     1497     1357     1291     1281     1311     1359     1384     1335     1179      947      709      512      368      266      197      148      114       90       72       59       49       41       35       31       27       24       22       20       18       17       16       15       14       13       13       13       12       12       12       12       13       13       13       14       15       16       17       18       20       22       25       28       32       37       43       52       63       78       99      129      172      237      340      508      791     1265     1972     2688     2907    2575
        2192    1963     1832     1823     1954     2268     2838     3657     4185     3483     2146     1198      689      422      274      187      134       99       75       59       47       39       32       27       23       20       18       16       14       13       12       11       10       10        9        9        9        9        8        8        8        9        9        9        9       10       10       11       12       13       14       16       18       20       23       27       31       38       46       57       72       94      125      172      245      363      558      883     1385     1996     2414    2422
        1309    1217     1187     1238     1401     1743     2403     3508     4286     3194     1667      846      468      282      182      124       89       66       50       39       32       26       22       18       16       14       12       11       10        9        8        8        7        7        6        6        6        6        6        6        6        6        6        6        7        7        7        8        8        9       10       11       13       15       17       20       23       28       34       43       55       72       97      134      192      285      435      669      990     1306     1459    1422
        1078    1175     1262     1373     1551     1847     2329     3017     3563     3179     2080     1191      687      419      270      184      130       96       72       56       45       36       30       25       22       19       16       14       13       12       11       10        9        9        8        8        8        7        7        7        7        7        7        8        8        8        8        9       10       10       11       12       14       15       17       20       23       27       32       39       48       59       75       98      129      173      237      327      450      606      781     947
         958     946      941      964     1030     1156     1359     1640     1903     1896     1501      996      622      392      257      176      125       92       70       54       43       35       29       24       21       18       16       14       13       11       10       10        9        8        8        8        7        7        7        7        7        7        7        8        8        8        9        9       10       11       12       13       14       16       18       21       25       29       35       43       54       68       88      117      159      219      306      427      582      747      879     947
         599     585      589      619      684      800      993     1287     1629     1731     1367      866      517      318      205      139       99       73       55       43       34       28       23       20       17       15       13       11       10        9        9        8        8        7        7        7        6        6        6        6        6        6        6        7        7        7        8        8        9       10       11       12       14       15       18       21       25       30       36       45       58       75       99      134      183      254      347      456      557      620      637     622
        1363    1147      955      828      758      736      758      824      937     1084     1201     1165      934      646      421      275      184      128       92       69       53       41       33       27       22       19       16       14       12       11       10        9        8        8        7        7        7        6        6        6        6        6        6        6        6        6        7        7        7        8        9        9       10       11       13       15       17       20       24       29       36       45       58       77      106      150      221      340      541      857     1234    1446
         383     324      283      258      246      244      254      278      320      391      511      711     1001     1212     1036      656      382      231      148      100       71       53       40       32       26       21       18       15       13       11       10        9        8        8        7        7        6        6        6        6        6        6        6        6        6        6        6        7        7        8        8        9       10       11       13       15       17       21       25       31       39       50       66       90      126      182      267      384      506      568      539     461
         794     673      572      500      455      431      426      437      466      513      573      636      669      637      536      407      294      209      150      110       83       64       50       40       33       27       23       20       17       15       14       12       11       10       10        9        9        8        8        8        8        8        8        8        8        8        8        9        9       10       10       11       12       14       16       18       20       24       28       34       42       52       67       88      119      167      240      353      517      716      868     886
         707     630      555      502      473      469      493      550      658      848     1163     1575     1715     1275      744      422      252      161      108       77       56       43       34       27       22       18       15       13       12       10        9        8        7        7        6        6        6        5        5        5        5        5        5        5        5        5        6        6        6        7        7        8        9       10       11       12       14       17       20       24       29       37       47       61       83      115      165      242      358      511      661     734
         402     291      232      198      181      174      176      188      213      256      330      461      683      950      950      627      351      201      124       81       57       41       31       24       19       16       13       11       10        8        7        7        6        5        5        5        4        4        4        4        4        4        4        4        4        4        4        5        5        5        6        6        7        8        9       11       13       15       18       23       30       39       54       78      119      198      369      780     1602     1830     1108     625
        1203    1190      946      717      566      475      424      402      402      423      465      527      599      644      612      497      357      243      165      115       82       60       46       35       28       23       19       16       13       12       10        9        8        7        7        6        6        5        5        5        5        5        5        5        5        5        5        5        5        5        6        6        7        7        8        9       10       12       14       16       19       23       29       37       48       65       90      131      201      324      545     890
         501     533      518      483      450      430      428      446      490      569      696      871     1034     1019      777      501      309      196      129       89       64       48       37       29       23       19       16       13       11       10        9        8        7        6        6        5        5        5        5        5        4        4        4        4        4        4        5        5        5        5        6        6        6        7        8        9       10       11       13       16       19       23       28       36       46       60       82      113      159      227      317     419
         332     441      548      624      654      651      635      623      622      634      656      675      671      621      524      405      297      212      152      110       82       62       48       38       30       25       21       17       15       13       11       10        9        8        7        7        6        6        6        5        5        5        5        5        5        5        5        5        5        5        6        6        6        7        8        8        9       10       12       14       16       19       22       27       33       42       53       69       92      125      173     241
         673     697      669      624      586      566      567      592      642      715      794      835      780      629      453      309      210      146      104       76       57       44       35       28       23       19       16       14       12       11       10        9        8        7        7        6        6        6        6        5        5        5        5        5        5        5        6        6        6        6        7        8        8        9       10       11       13       15       17       21       25       30       38       48       63       83      114      159      225      322      447     579
         583     591      540      470      404      353      315      289      270      257      247      239      229      215      198      176      152      128      105       86       70       57       47       38       32       27       23       20       17       15       13       12       11       10        9        9        8        8        7        7        7        7        7        7        7        7        7        7        7        8        8        9        9       10       11       13       14       16       19       22       26       31       38       47       60       78      105      143      199      281      388     503
         719     536      388      293      234      197      174      161      154      152      156      164      176      193      211      226      229      216      187      151      116       88       67       52       41       32       26       22       18       15       13       12       10        9        8        8        7        7        6        6        6        5        5        5        5        5        5        6        6        6        6        7        7        8        9       10       11       13       15       17       21       26       32       42       55       76      109      164      260      425      654     803
         215     218      215      210      205      203      205      211      221      237      254      270      278      267      238      195      152      115       87       65       50       39       31       25       21       17       15       12       11        9        8        8        7        6        6        5        5        5        5        5        4        4        4        4        4        5        5        5        5        5        6        6        7        7        8        9       11       12       14       16       20       24       29       36       45       58       74       95      121      150      179     202
         392     314      255      216      194      183      183      194      218      264      345      494      747      987      837      481      256      146       90       59       41       30       23       17       14       11        9        8        7        6        5        5        4        4        3        3        3        3        3        3        3        3        3        3        3        3        3        3        3        3        4        4        4        5        5        6        7        8       10       12       15       19       24       32       44       63       93      142      224      339      443     457
          61      57       55       54       55       59       65       75       92      120      173      288      595     1464     1602      601      237      118       69       44       30       22       17       13       10        9        7        6        5        5        4        4        3        3        3        3        3        3        2        2        2        2        2        3        3        3        3        3        3        4        4        5        5        6        7        8       10       12       15       19       24       31       41       54       69       84       94       96       91       83       74      66
         115     122      125      125      123      122      121      122      126      132      142      156      175      197      217      229      222      194      156      119       88       66       50       38       30       24       19       16       13       11       10        9        8        7        6        6        5        5        5        4        4        4        4        4        4        4        4        4        4        4        5        5        5        6        6        7        7        8        9       11       13       15       18       21       26       32       39       49       61       74       89     103
         154     145      132      120      110      102       98       96       98      102      110      121      136      155      174      185      179      156      123       92       68       50       38       29       23       18       15       12       10        9        8        7        6        5        5        4        4        4        4        3        3        3        3        3        3        3        3        3        3        4        4        4        4        5        5        6        7        8        9       11       13       16       19       24       31       40       53       70       92      117      139     153
         138     111       90       75       64       57       53       50       49       49       51       55       60       68       78       91      105      116      116      104       84       64       47       35       27       21       16       13       11        9        7        6        6        5        4        4        4        3        3        3        3        3        3        3        3        3        3        3        3        3        3        3        4        4        5        5        6        7        8        9       11       14       18       23       31       42       59       85      119      155      174     165
         141     101       76       61       52       46       42       40       40       40       42       46       52       60       71       86      102      114      112       96       73       53       38       28       21       16       12       10        8        7        6        5        4        4        3        3        3        3        2        2        2        2        2        2        2        2        2        2        2        2        3        3        3        3        4        4        5        6        7        8       10       13       17       23       33       48       75      124      203      281      276     205
         298     241      195      165      146      136      132      135      144      159      181      207      229      229      199      152      107       74       52       37       28       21       16       13       10        8        7        6        5        4        4        4        3        3        3        2        2        2        2        2        2        2        2        2        2        2        2        2        2        3        3        3        3        4        4        5        6        7        8       10       12       15       19       25       35       49       72      110      171      255      330     343
          81      77       74       74       75       80       87       99      118      145      183      229      263      250      194      134       89       60       42       31       23       18       14       11        9        8        7        6        5        4        4        4        3        3        3        3        3        3        2        2        2        2        2        3        3        3        3        3        3        4        4        4        5        6        7        8        9       11       13       17       21       27       34       44       57       71       85       96      100       98       93      86
         277     194      133       98       78       66       60       57       57       61       68       81      105      149      236      391      483      324      162       84       49       31       21       15       11        8        6        5        4        3        3        2        2        2        2        1        1        1        1        1        1        1        1        1        1        1        1        1        1        1        1        1        1        2        2        2        2        3        3        4        5        6        8       11       14       20       29       45       75      132      229     311
         181     112       76       57       45       39       35       32       31       32       33       37       42       51       66       92      139      217      285      238      139       77       46       29       20       14       10        8        6        5        4        4        3        3        2        2        2        2        2        1        1        1        1        1        1        1        1        1        1        1        1        2        2        2        2        2        3        3        4        5        6        7       10       13       18       26       40       68      126      244      362     300
         142     113       89       72       61       54       50       48       49       51       57       67       83      112      167      273      428      431      252      128       70       42       28       19       14       10        8        6        5        4        4        3        3        2        2        2        2        2        1        1        1        1        1        1        1        1        1        1        1        1        2        2        2        2        2        3        3        3        4        5        6        7        9       12       16       23       32       48       73      109      147     160
         189     169      145      125      111      102       98       97      101      109      122      141      163      183      186      163      126       89       62       44       31       23       17       13       11        9        7        6        5        4        4        3        3        3        2        2        2        2        2        2        2        2        2        2        2        2        2        2        2        2        2        2        3        3        3        4        4        5        6        7        9       11       13       17       23       31       43       62       89      127      167     192
