SWAN 1
LOCATIONS
     1
     681726.07 2033118.57
AFREQ
     56
     0.0300
     0.0400
     0.0500
     0.0600
     0.0700
     0.0800
     0.0900
     0.1000
     0.1100
     0.1200
     0.1300
     0.1400
     0.1500
     0.1600
     0.1700
     0.1800
     0.1900
     0.2000
     0.2100
     0.2200
     0.2300
     0.2400
     0.2500
     0.2600
     0.2700
     0.2800
     0.2900
     0.3000
     0.3100
     0.3200
     0.3300
     0.3400
     0.3500
     0.3600
     0.3700
     0.3800
     0.3900
     0.4000
     0.4100
     0.4200
     0.4300
     0.4400
     0.4500
     0.4600
     0.4700
     0.4800
     0.4900
     0.5000
     0.5100
     0.5200
     0.5300
     0.5400
     0.5500
     0.5600
     0.5700
     0.5800
NDIR
     72
     5.0000
     10.0000
     15.0000
     20.0000
     25.0000
     30.0000
     35.0000
     40.0000
     45.0000
     50.0000
     55.0000
     60.0000
     65.0000
     70.0000
     75.0000
     80.0000
     85.0000
     90.0000
     95.0000
     100.0000
     105.0000
     110.0000
     115.0000
     120.0000
     125.0000
     130.0000
     135.0000
     140.0000
     145.0000
     150.0000
     155.0000
     160.0000
     165.0000
     170.0000
     175.0000
     180.0000
     185.0000
     190.0000
     195.0000
     200.0000
     205.0000
     210.0000
     215.0000
     220.0000
     225.0000
     230.0000
     235.0000
     240.0000
     245.0000
     250.0000
     255.0000
     260.0000
     265.0000
     270.0000
     275.0000
     280.0000
     285.0000
     290.0000
     295.0000
     300.0000
     305.0000
     310.0000
     315.0000
     320.0000
     325.0000
     330.0000
     335.0000
     340.0000
     345.0000
     350.0000
     355.0000
     360.0000
QUANT
     1
VaDens
m2/Hz/degr
     -999.000000
FACTOR
     1.00000E-06
          58      69       83       98      112      119      115      101       83       66       51       40       32       26       21       18       15       13       12       10        9        8        8        7        7        7        6        6        6        6        6        6        6        6        7        7        7        8        8        9       10       11       12       13       15       17       18       21       23       25       27       28       29       30       30       30       29       29       28       27       27       27       27       27       27       28       30       32       35       38       43      50
         164     178      197      222      251      286      322      354      372      368      340      296      247      202      165      134      111       92       78       67       58       51       46       41       38       35       33       31       30       28       28       27       27       27       27       28       28       30       31       33       35       38       41       45       50       56       63       72       82       95      109      126      144      162      178      190      197      197      193      186      176      166      157      150      143      139      136      135      136      139      145     153
       26212   17166     7226     3444     1920     1198      808      579      433      336      269      220      185      158      137      121      108       98       89       83       78       73       70       68       66       65       64       64       65       66       68       70       74       78       83       89       97      107      119      134      153      176      205      243      292      355      437      542      674      833     1011     1184     1321     1395     1398     1350     1276     1200     1134     1087     1062     1061     1089     1152     1259     1432     1706     2154     2934     4435     7766   15959
       62025   20419     9570     5432     3461     2384     1737     1321     1040      842      698      591      509      446      396      356      325      299      279      263      250      239      232      226      223      221      222      224      228      234      242      252      265      281      300      324      351      384      424      471      526      592      669      758      861      977     1104     1239     1375     1507     1627     1729     1812     1877     1929     1975     2023     2083     2164     2276     2435     2658     2975     3434     4116     5180     6957    10244    17395    37878   125695  211223
      475221   58992    20989    10622     6389     4266     3058     2308     1813     1471     1225     1044      907      803      721      657      606      567      536      512      494      482      475      472      474      480      491      506      526      552      585      624      672      729      797      877      971     1080     1204     1342     1491     1646     1797     1933     2043     2118     2155     2155     2126     2077     2019     1961     1909     1868     1843     1837     1853     1894     1966     2075     2232     2453     2762     3200     3836     4799     6343     9043    14432    27877    81051  718121
     2220880  139582    33889    15243     8708     5672     4019     3023     2378     1937     1624     1396     1224     1093      993      914      854      807      772      746      728      718      714      717      725      739      759      784      815      852      893      938      988     1039     1091     1140     1185     1222     1250     1266     1270     1263     1246     1222     1193     1161     1130     1101     1075     1055     1041     1034     1035     1045     1065     1097     1143     1206     1290     1400     1546     1738     1998     2355     2861     3607     4770     6725    10397    18632    44322  247355
     1028350  239761    37416    14436     7527     4581     3068     2196     1650     1288     1037      856      722      621      543      482      434      396      365      340      320      305      292      283      277      273      271      272      275      279      287      296      309      324      343      365      392      423      460      502      552      609      674      747      828      916     1008     1102     1195     1283     1362     1431     1489     1538     1580     1619     1662     1712     1776     1861     1975     2130     2341     2633     3045     3646     4561     6046     8695    14165    28773   98706
      467439  174563    43262    17548     9101     5425     3537     2458     1792     1356     1058      848      694      579      492      424      370      328      294      266      244      225      210      198      188      180      174      170      166      165      164      165      167      170      175      181      189      198      210      225      242      263      288      318      355      399      453      518      598      697      818      966     1148     1369     1635     1947     2306     2706     3140     3599     4077     4581     5134     5781     6598     7711     9348    11952    16535    25862    50044  148603
       60257  230235   144624    32160    12080     6048     3542     2289     1585     1154      875      684      550      452      379      324      281      247      220      198      181      167      155      146      139      133      128      125      123      121      121      122      124      126      130      136      142      150      160      172      187      204      226      252      284      323      371      430      504      595      708      848     1017     1218     1449     1702     1962     2210     2430     2612     2761     2891     3024     3187     3412     3739     4231     4992     6229     8393    12672   23071
       52879   43248    26616    15062     8782     5423     3541     2426     1731     1278      972      758      604      491      406      342      292      252      221      196      175      158      145      134      124      117      110      105      101       98       96       95       94       94       95       96       98      101      105      110      116      123      132      142      155      171      190      213      241      276      320      375      445      534      651      803     1003     1271     1630     2112     2755     3603     4697     6067     7731     9714    12097    15101    19185    25183    34251   46133
       33517   48028    39753    19944     9496     5023     2944     1870     1263      895      660      503      394      315      258      215      182      157      137      121      108       98       89       82       77       72       68       65       63       61       60       59       59       59       60       61       63       66       69       72       77       83       90       98      109      122      137      157      182      214      256      310      383      482      619      814     1095     1510     2127     3036     4315     5916     7532     8685     9163     9197     9174     9408    10156    11769    14943   21240
       12412   14578    14880    12286     8532     5514     3565     2376     1644     1179      874      667      522      418      341      283      239      205      178      157      140      126      114      105       98       91       86       82       79       76       75       73       73       73       73       74       76       78       81       85       90       96      103      112      122      135      151      170      193      223      260      307      366      444      544      676      850     1078     1375     1755     2219     2756     3329     3888     4393     4838     5260     5725     6323     7163     8383   10131
       10634    7570     5128     3518     2494     1832     1391     1086      870      712      593      503      432      377      333      297      268      244      224      207      194      182      173      165      158      153      149      146      144      143      142      142      143      145      148      151      156      161      167      174      183      192      203      216      230      246      263      284      306      332      361      394      431      473      522      578      643      721      813      925     1063     1238     1462     1760     2164     2734     3561     4796     6649     9230    11903   12699
        5255    7127     7257     5328     3370     2132     1417      994      731      560      443      361      301      257      223      197      177      161      148      138      130      124      120      117      115      114      115      116      119      123      128      135      143      154      167      183      202      226      255      290      333      385      445      515      590      666      734      786      813      815      795      759      716      673      633      600      573      554      544      541      548      564      592      635      697      784      908     1087     1354     1767     2432    3533
       14924   10545     4244     1983     1109      700      480      351      268      212      174      145      125      109       97       87       80       74       70       66       64       62       61       61       61       62       64       66       69       73       79       86       94      105      120      138      161      192      233      289      364      467      604      774      953     1088     1119     1041      903      758      633      535      461      405      365      336      316      304      299      301      309      325      350      389      444      527      653      856     1207     1888     3438    7641
        6537    3984     2144     1238      783      533      384      290      227      184      152      129      112       98       88       80       73       68       64       61       59       57       56       56       56       57       59       61       64       68       73       79       87       97      110      126      148      177      216      270      348      463      636      898     1284     1768     2156     2170     1837     1426     1093      855      693      581      503      450      414      391      379      377      385      403      434      481      552      659      825     1094     1562     2438     4128    6505
        3790    1908     1066      666      453      328      250      198      161      135      116      102       91       82       76       71       67       64       62       61       61       61       62       64       67       70       75       81       89       99      112      129      152      182      224      282      364      482      650      870     1106     1251     1213     1031      818      638      505      409      340      291      256      230      212      199      191      187      186      190      197      209      226      251      287      339      415      533      725     1066     1737     3186     5826    6515
        1466     713      408      262      182      135      104       83       69       58       50       44       40       36       33       31       30       28       28       27       27       27       28       29       30       32       34       37       41       46       52       60       72       88      110      143      194      277      422      693     1185     1794     1821     1254      777      505      353      263      207      170      145      128      116      108      103      100       99      101      105      112      122      137      158      189      237      315      449      710     1303     2846     5076    3453
        1820    1653     1320      985      725      540      411      322      258      212      178      152      133      117      105       96       89       83       78       75       73       71       70       70       71       72       74       77       82       87       94      103      114      128      146      169      200      242      298      376      486      640      853     1123     1402     1577     1551     1361     1119      903      735      610      519      454      406      372      349      334      327      327      333      347      370      403      450      515      606      734      912     1152     1446    1720
        1148    1385     1463     1302     1014      743      540      400      304      238      192      158      133      114      100       89       80       73       68       64       61       58       57       56       55       55       56       58       60       63       66       71       78       85       95      108      124      145      173      209      257      322      407      514      635      745      807      795      723      624      527      445      380      330      292      264      243      229      219      214      213      217      224      237      256      282      319      371      444      546      692     894
         595     625      572      466      356      267      201      155      122       99       81       69       59       51       46       41       37       35       32       31       29       28       28       27       27       28       28       29       30       32       34       37       40       45       50       57       65       77       91      110      135      167      207      254      303      342      360      350      320      281      244      211      184      163      147      135      126      121      117      116      117      120      126      135      147      165      189      222      268      330      412     508
         726     867      861      698      501      349      247      180      136      106       85       70       58       50       44       39       35       32       29       27       26       25       24       24       23       23       24       24       25       26       27       29       31       34       38       43       49       56       66       79       97      121      153      197      254      322      389      433      435      398      343      288      242      206      179      158      144      133      126      122      120      121      125      132      142      157      179      210      255      320      416     553
         370     367      353      329      296      259      222      189      159      135      115       98       85       74       65       58       52       48       44       41       38       36       34       33       32       31       31       30       31       31       32       33       34       35       38       40       43       47       52       58       66       75       87      103      123      148      182      227      284      356      441      529      603      642      638      600      546      489      438      395      362      338      320      309      303      303      306      314      325      338      352     364
         497     386      295      227      177      141      115       95       80       69       60       53       48       44       40       37       35       34       32       31       31       31       31       31       32       33       34       36       38       41       45       50       56       63       72       84       99      119      146      180      225      281      348      416      470      492      479      439      388      339      297      263      236      216      202      193      187      186      188      194      205      220      243      274      316      373      446      534      625      687      684     610
         175     187      186      172      150      126      103       85       70       58       49       42       37       32       29       26       24       23       21       20       20       19       19       19       19       19       20       21       22       24       26       28       32       36       41       49       58       71       89      114      148      193      247      295      316      300      257      209      168      136      112       95       82       72       65       60       57       54       53       52       52       54       56       59       63       69       77       88      101      117      136     156
         227     214      191      163      136      113       93       78       66       56       48       43       38       34       31       29       27       25       24       23       22       22       22       22       22       23       24       25       26       28       30       33       37       41       47       54       64       76       91      111      136      165      197      227      246      250      238      216      191      166      145      128      115      104       96       91       87       84       83       83       85       88       93      100      109      120      134      152      172      194      213     226
         118     117      112      106       98       90       82       73       66       59       53       48       44       40       37       34       32       30       29       28       27       26       26       26       25       26       26       27       27       29       30       32       34       36       39       42       46       51       56       62       68       75       83       90       96      102      106      108      108      107      105      101       98       94       91       88       86       84       83       82       83       84       85       88       91       94       98      103      108      112      116     118
          72      80       87       94       97       97       92       84       74       64       54       46       40       34       30       26       23       21       19       18       17       16       15       14       14       14       14       14       14       14       15       15       16       17       19       20       23       25       29       33       38       45       53       64       76       89      102      112      116      115      107       97       86       76       68       60       54       50       46       44       42       41       40       40       40       42       43       46       49       53       58      65
          68      76       86       97      110      123      135      141      140      132      118      102       86       72       61       51       44       38       33       29       26       24       22       21       19       19       18       17       17       17       17       17       18       18       19       20       22       24       26       29       32       37       42       50       58       69       83       98      114      128      138      140      135      124      112       99       87       78       69       63       58       54       51       50       48       48       48       49       51       54       57      62
          80      87       95      104      113      121      127      128      124      116      104       92       80       69       59       51       44       39       35       31       28       26       24       22       21       20       19       19       18       18       18       19       19       20       21       22       23       25       27       30       33       37       43       49       57       68       80       95      111      128      143      153      155      150      140      127      114      102       92       84       77       71       67       64       62       61       61       62       64       66       70      74
          79      81       84       87       90       92       92       91       87       82       75       67       60       53       46       40       36       32       28       25       23       21       19       18       17       16       15       14       14       14       14       13       14       14       14       14       15       16       17       18       20       22       24       27       30       35       40       48       56       68       82       98      118      137      154      166      168      163      152      138      125      113      102       94       87       82       79       76       75       75       75      76
          25      27       30       34       39       45       50       56       59       60       57       52       46       39       33       28       24       20       18       15       14       12       11       10       10        9        9        8        8        8        8        8        8        8        9        9       10       10       11       12       14       15       17       20       23       26       30       34       38       42       44       45       43       41       38       34       31       28       26       24       22       21       20       19       18       18       18       19       19       20       21      23
          11      12       13       14       16       18       22       27       34       44       61       84      114      139      136      108       78       55       39       29       23       18       15       13       11        9        8        8        7        7        6        6        6        6        6        6        6        7        7        8        9       10       11       13       16       19       24       32       43       61       87      120      143      136      107       77       56       41       32       25       21       18       15       14       12       11       11       10       10       10       10      10
          28      31       34       38       44       50       58       66       73       78       79       75       67       58       49       41       34       28       24       21       18       16       14       13       12       11       10       10        9        9        9        9        9        9        9       10       10       11       11       12       13       14       16       18       20       23       27       31       35       39       43       46       48       48       47       44       41       38       35       32       29       27       26       24       23       23       23       23       23       24       25      26
          19      21       24       28       34       42       52       67       84      100      105       95       76       58       43       32       25       20       16       13       11        9        8        7        7        6        6        5        5        5        5        5        5        5        5        5        5        5        6        6        7        8        9       10       12       14       17       20       25       31       38       46       52       56       55       51       45       38       33       28       25       22       20       18       17       16       16       16       16       16       17      18
          28      29       30       31       33       35       38       41       43       46       49       50       50       49       46       42       38       33       29       25       22       20       17       15       14       13       11       11       10        9        9        8        8        8        8        8        8        8        8        8        8        9        9       10       10       11       12       13       15       16       18       20       22       24       27       29       31       32       33       34       34       33       33       32       31       30       29       28       27       27       27      27
          12      13       13       14       15       17       19       22       26       31       39       51       68       88      106      107       90       67       48       34       25       19       15       12       10        8        7        6        6        5        5        4        4        4        4        3        3        3        3        4        4        4        4        4        5        5        5        6        7        8        9       10       12       14       16       19       21       23       25       25       25       23       22       20       18       17       15       14       13       13       13      12
           6       7        7        8       10       11       14       17       21       27       33       38       39       36       30       23       18       14       11        9        7        6        5        4        4        3        3        3        3        2        2        2        2        2        2        2        2        2        2        3        3        3        3        4        4        4        5        5        6        7        7        8        8        8        8        8        8        7        7        6        6        6        5        5        5        5        5        5        5        5        5       6
           5       5        6        7        8       10       12       16       21       29       42       57       67       64       49       35       24       17       13       10        8        7        5        5        4        4        3        3        3        3        3        3        3        3        3        3        3        3        3        4        4        4        5        6        7        8        9       11       13       15       16       17       16       15       13       12       10        9        7        7        6        5        5        5        4        4        4        4        4        4        4       5
           6       6        6        7        7        8        9       10       11       13       15       19       24       31       40       49       55       53       45       35       26       20       15       12        9        8        6        5        5        4        4        3        3        3        3        3        2        2        2        2        2        2        3        3        3        3        3        4        4        4        5        5        6        7        7        8        9        9        9       10       10        9        9        8        8        8        7        7        7        6        6       6
           6       7        7        7        8        8        9       10       11       12       14       17       20       25       31       40       50       61       67       65       55       44       33       25       19       15       12       10        8        7        6        5        5        4        4        4        3        3        3        3        3        3        3        3        3        3        3        3        3        3        3        3        3        4        4        4        4        4        5        5        5        5        5        5        5        6        6        6        6        6        6       6
           5       5        6        6        6        7        7        8        9       10       12       14       17       21       25       30       35       38       38       34       29       24       19       15       13       10        9        7        6        6        5        5        4        4        4        3        3        3        3        3        3        3        3        3        3        4        4        4        4        5        5        5        5        6        6        6        7        7        7        7        7        6        6        6        6        6        6        5        5        5        5       5
           4       4        4        4        5        5        6        6        7        8        9       11       12       14       16       18       20       20       19       18       16       14       12       10        9        8        7        6        6        5        5        4        4        4        4        4        4        4        4        4        4        4        4        4        5        5        5        6        6        6        6        6        7        7        6        6        6        6        5        5        5        5        4        4        4        4        4        4        4        4        4       4
           4       4        5        5        6        7        8        9       10       11       13       14       14       14       14       14       13       12       11       10        9        8        8        7        7        6        6        6        6        6        6        6        6        6        6        6        7        7        7        7        7        8        8        7        7        7        6        6        6        5        5        4        4        4        3        3        3        3        3        3        3        3        3        3        3        3        3        3        3        3        3       4
           8       9       10       10       11       13       14       16       18       19       21       23       24       24       24       22       21       19       17       15       13       11       10        9        8        8        7        6        6        6        5        5        5        5        5        5        5        5        5        5        5        5        5        5        5        5        5        5        6        6        6        6        6        6        6        6        6        6        6        6        6        6        6        6        6        6        6        7        7        7        7       8
           5       6        6        7        9       10       12       16       20       26       34       42       47       44       36       27       20       15       11        9        7        6        5        4        4        3        3        3        2        2        2        2        2        2        2        2        2        2        2        2        2        2        3        3        3        4        4        4        5        5        6        6        6        6        6        6        6        6        6        5        5        5        5        4        4        4        4        4        4        4        5       5
           6       7        7        8        9       10       11       13       14       15       16       17       17       17       16       14       13       12       10        9        8        7        7        6        5        5        5        4        4        4        4        4        4        4        4        4        4        4        4        4        4        4        4        4        4        4        5        5        5        5        5        5        5        5        5        5        4        4        4        4        4        4        4        4        4        4        4        5        5        5        5       6
           2       3        3        3        4        4        5        6        7        9       11       14       16       17       17       15       12       10        8        6        5        4        3        3        3        2        2        2        2        2        2        1        1        1        1        1        2        2        2        2        2        2        2        3        3        3        4        4        5        5        5        5        5        5        5        4        4        4        3        3        3        2        2        2        2        2        2        2        2        2        2       2
           2       2        2        2        2        3        3        3        4        4        5        6        7        9       11       14       18       20       20       18       15       12        9        7        6        5        4        3        3        2        2        2        2        2        1        1        1        1        1        1        1        1        1        1        2        2        2        2        2        3        3        3        3        4        4        4        4        4        4        4        4        3        3        3        3        2        2        2        2        2        2       2
           2       2        2        2        2        3        3        3        4        4        5        6        7        8        9       10       11       12       13       13       12       12       11       10        9        9        8        7        7        6        6        5        5        5        5        4        4        4        4        4        3        3        3        3        3        2        2        2        2        2        2        2        1        1        1        1        1        1        1        1        1        1        1        1        1        1        1        1        1        1        1       1
           2       2        2        2        2        2        2        2        2        3        3        3        3        4        5        5        6        7        8       10       12       14       16       18       19       19       18       16       14       12       11        9        8        7        6        5        5        4        4        4        4        3        3        3        3        3        3        3        2        2        2        2        2        2        2        2        2        2        2        2        2        2        2        2        2        2        2        2        2        2        2       2
           1       1        1        1        1        2        2        2        2        2        3        3        4        4        5        6        7        8        9       10       11       11       11       10        9        8        7        6        5        4        4        3        3        3        2        2        2        2        2        2        2        1        1        1        1        1        1        1        1        1        1        1        1        1        1        1        1        1        1        1        1        1        1        1        1        1        1        1        1        1        1       1
           1       1        1        1        1        1        1        2        2        2        3        4        5        6        7        9       11       13       13       12       11        9        8        7        6        5        4        4        4        3        3        3        3        3        3        3        3        3        4        4        4        4        4        4        4        3        3        3        3        2        2        2        1        1        1        1        1        1        1        1        1        0        0        0        0        0        0        0        0        0        0       1
           1       1        1        1        1        1        2        2        2        2        2        2        3        3        3        3        3        4        4        4        4        5        5        5        4        4        4        4        3        3        2        2        2        2        1        1        1        1        1        1        1        1        0        0        0        0        0        0        0        0        0        0        0        0        0        0        0        0        0        0        0        0        0        0        1        1        1        1        1        1        1       1
           1       1        2        2        2        3        3        4        5        6        7        9       10       10       10        9        8        7        6        5        4        3        3        3        2        2        2        2        2        2        1        1        1        1        1        1        1        1        1        1        1        1        1        1        1        1        1        1        1        1        1        1        1        1        1        1        1        1        1        1        1        1        1        1        1        1        1        1        1        1        1       1
           2       3        4        5        7        8        8        7        6        5        4        3        3        2        2        2        2        2        2        1        2        2        2        2        2        2        3        4        4        5        7        8        9        8        7        5        4        3        2        2        1        1        1        1        0        0        0        0        0        0        0        0        0        0        0        0        0        0        0        0        0        0        0        0        0        0        0        1        1        1        1       2
