SWAN 1
LOCATIONS
     1
     681726.07 2033118.57
AFREQ
     56
     0.0300
     0.0400
     0.0500
     0.0600
     0.0700
     0.0800
     0.0900
     0.1000
     0.1100
     0.1200
     0.1300
     0.1400
     0.1500
     0.1600
     0.1700
     0.1800
     0.1900
     0.2000
     0.2100
     0.2200
     0.2300
     0.2400
     0.2500
     0.2600
     0.2700
     0.2800
     0.2900
     0.3000
     0.3100
     0.3200
     0.3300
     0.3400
     0.3500
     0.3600
     0.3700
     0.3800
     0.3900
     0.4000
     0.4100
     0.4200
     0.4300
     0.4400
     0.4500
     0.4600
     0.4700
     0.4800
     0.4900
     0.5000
     0.5100
     0.5200
     0.5300
     0.5400
     0.5500
     0.5600
     0.5700
     0.5800
NDIR
     72
     5.0000
     10.0000
     15.0000
     20.0000
     25.0000
     30.0000
     35.0000
     40.0000
     45.0000
     50.0000
     55.0000
     60.0000
     65.0000
     70.0000
     75.0000
     80.0000
     85.0000
     90.0000
     95.0000
     100.0000
     105.0000
     110.0000
     115.0000
     120.0000
     125.0000
     130.0000
     135.0000
     140.0000
     145.0000
     150.0000
     155.0000
     160.0000
     165.0000
     170.0000
     175.0000
     180.0000
     185.0000
     190.0000
     195.0000
     200.0000
     205.0000
     210.0000
     215.0000
     220.0000
     225.0000
     230.0000
     235.0000
     240.0000
     245.0000
     250.0000
     255.0000
     260.0000
     265.0000
     270.0000
     275.0000
     280.0000
     285.0000
     290.0000
     295.0000
     300.0000
     305.0000
     310.0000
     315.0000
     320.0000
     325.0000
     330.0000
     335.0000
     340.0000
     345.0000
     350.0000
     355.0000
     360.0000
QUANT
     1
VaDens
m2/Hz/degr
     -999.000000
FACTOR
     1.00000E-06
          13      11       10        9        8        7        7        6        6        6        6        5        5        5        5        6        6        6        6        6        6        7        7        7        7        6        6        6        5        5        5        4        4        4        3        3        3        3        2        2        2        2        2        2        2        2        2        2        2        2        2        2        3        3        3        3        4        4        5        6        7        8       10       11       13       15       17       18       18       17       16      14
         104      92       79       66       55       47       40       35       30       27       25       23       21       20       19       18       17       17       17       16       16       16       17       17       17       17       18       18       18       18       18       18       18       18       17       17       16       16       15       15       14       13       13       13       12       12       12       12       12       12       12       12       12       13       14       14       15       17       18       20       23       26       30       35       42       50       61       73       88      101      110     111
         113     118      117      109       97       84       70       58       48       40       34       29       25       21       19       17       15       13       12       11       10       10        9        9        8        8        8        8        7        7        7        7        7        8        8        8        8        9        9        9       10       10       11       12       12       13       14       15       16       17       18       19       20       21       23       24       26       27       29       31       33       36       39       42       46       51       58       65       73       83       94     105
          99     133      190      290      455      624      590      394      238      149       99       70       52       40       32       27       22       19       17       15       14       13       12       11       11       10       10       10       10       10       10       11       11       12       13       14       16       18       20       24       28       34       41       51       64       82      103      125      142      146      136      119      100       83       70       60       52       46       42       39       36       35       34       34       35       36       39       42       47       54       63      77
        1400    1186      965      768      608      482      386      313      257      214      181      155      134      117      104       93       84       77       71       66       61       58       55       53       51       50       49       49       48       49       49       50       51       53       55       57       60       64       69       74       80       87       95      105      117      131      147      165      187      212      240      272      308      346      387      431      476      523      572      622      677      737      804      883      976     1086     1212     1350     1486     1590     1624    1559
        2789    1673     1097      766      561      427      335      270      222      187      160      138      122      109       98       90       83       77       72       69       66       64       62       61       61       61       62       63       64       67       70       73       78       84       91      100      110      123      140      160      186      220      263      320      395      497      636      826     1084     1425     1848     2313     2728     2993     3066     2996     2866     2745     2674     2679     2783     3020     3457     4231     5664     8639    16339    45891   118713    46962    12800    5321
        5329    3262     2156     1508     1102      834      650      520      425      354      300      258      225      199      178      161      147      136      127      119      113      108      105      102      100       99       99      100      101      104      107      111      117      124      132      143      155      171      190      214      244      282      330      392      474      584      734      945     1250     1703     2401     3512     5333     8330    12946    18608    22617    22787    20547    18192    16716    16361    17322    20180    26668    42605    96779   431710   406601    66867    21349    9737
       37408   27663    19843    13953     9760     6875     4916     3584     2668     2027     1572     1243     1000      818      680      573      489      423      371      328      294      265      242      223      207      194      184      175      168      163      159      156      155      155      156      158      161      166      172      180      190      202      217      235      256      283      316      356      406      468      548      650      784      963     1205     1542     2023     2733     3821     5569     8541    13977    24886    49417   110066   232767   286659   198559   125303    86483    64257   49197
       30287   21309    13463     8320     5264     3462     2371     1685     1238      936      726      576      467      385      323      275      237      208      184      164      149      136      125      117      110      104      100       96       93       91       90       90       90       91       93       95       99      103      109      116      124      134      146      161      180      203      232      268      315      375      454      560      705      909     1205     1648     2340     3472     5434     9051    16089    29594    49568    61431    55302    44392    36956    33358    32660    34036    36110   35862
       18748   19911    19190    16030    11781     8078     5456     3740     2634     1911     1426     1093      859      689      563      469      397      341      297      262      233      210      192      177      164      154      146      139      134      131      128      126      126      126      128      130      134      139      145      153      163      175      190      209      231      259      294      338      393      466      560      687      861     1106     1460     1991     2822     4190     6568    10917    18951    31638    42266    40353    31489    24045    19395    16777    15523    15268    15836   17100
       20234   28332    43928    61325    50154    25490    12314     6579     3884     2481     1685     1200      889      680      534      430      353      296      252      217      190      169      151      137      126      116      109      103       98       94       91       89       88       87       87       88       90       92       95       99      105      111      119      129      141      156      175      198      227      264      312      375      459      574      736      970     1322     1876     2798     4442     7621    14280    28073    46370    47361    33955    23646    18055    15283    14233    14519   16269
        5540    6466     8334    12155    20345    33571    31675    15715     7164     3704     2153     1366      926      660      490      376      297      240      198      167      142      124      109       97       87       80       73       68       64       61       58       56       55       54       53       53       54       55       56       58       60       64       68       72       79       86       95      107      121      139      162      193      233      287      362      470      630      878     1287     2011     3427     6582    14668    32919    39927    23947    13543     8934     6753     5674     5204    5165
        5424    8905    20383    79544    74142    14774     4955     2320     1295      806      541      384      284      218      172      139      114       96       82       71       63       56       50       46       42       40       37       35       34       33       32       31       31       31       31       32       33       34       35       37       40       42       46       51       56       63       71       82       96      114      138      171      216      280      375      522      762     1177     1957     3533     6733    11281    12201     8917     6044     4409     3533     3086     2915     2969     3277    3967
        4565    6815    12168    27183    45625    24003     8781     3989     2169     1327      881      621      458      351      277      224      185      156      134      117      103       92       84       77       71       67       63       60       58       56       55       55       55       55       56       57       59       62       65       69       74       81       88       98      110      125      145      170      203      247      307      391      513      694      976     1433     2198     3478     5378     7218     7521     6309     4875     3812     3122     2697     2456     2354     2376     2528     2854    3454
        4661    6419     9817    15924    20644    15034     7696     3972     2262     1408      941      663      489      373      293      236      194      163      139      121      106       95       85       78       72       67       63       60       57       55       54       53       53       53       53       54       56       58       61       64       68       73       79       87       97      109      124      143      167      199      241      298      376      487      648      887     1253     1818     2670     3814     4955     5502     5228     4539     3857     3343     3008     2829     2791     2896     3175    3706
       10525   11184    10748     8855     6354     4242     2796     1878     1300      929      685      519      403      321      260      215      180      154      133      116      103       92       84       76       71       66       62       59       56       54       53       52       51       51       51       52       53       55       57       60       63       67       72       78       85       95      106      120      137      159      188      224      273      338      427      553      735     1003     1415     2059     3084     4683     6939     9406    10990    11093    10307     9436     8867     8705     8966    9623
        5203    6144     7668     9744    11324    10322     7183     4379     2651     1673     1110      771      558      418      322      254      206      170      142      121      105       92       82       73       67       61       57       53       50       48       46       45       44       43       43       43       43       44       45       47       49       51       55       59       64       70       77       86       97      112      130      153      183      223      277      351      456      608      834     1180     1714     2533     3699     5056     6081     6304     5884     5288     4804     4528     4482    4687
        5866    6830     8446    10696    12411    11196     7624     4544     2702     1682     1103      759      545      405      310      244      196      161      134      114       98       86       76       68       61       56       52       48       45       43       41       40       39       38       38       37       38       38       39       40       42       44       46       49       53       58       64       71       79       90      103      120      142      171      209      261      332      433      580      798     1132     1649     2443     3583     4948     6067     6464     6218     5755     5387     5242    5378
        7126    9365    12686    15798    14832    10014     5821     3398     2092     1365      937      671      499      382      300      241      198      165      140      121      105       93       83       75       69       63       59       55       52       50       48       47       46       45       45       45       46       47       48       50       52       55       58       62       67       73       80       89      101      114      131      152      179      214      259      318      395      498      637      822     1066     1380     1762     2192     2630     3030     3369     3663     3962     4338     4887    5744
        1727    1684     1742     1913     2237     2790     3672     4836     5517     4659     3034     1814     1108      712      483      343      253      193      151      121       99       83       71       61       53       47       43       39       36       33       31       29       28       27       26       26       25       25       25       26       26       27       28       30       32       34       37       40       44       50       56       65       76       90      108      133      168      217      290      402      584      897     1477     2617     4770     7380     7515     5484     3770     2762     2196    1883
        4816    4578     4309     3948     3459     2866     2253     1705     1265      935      696      524      401      313      248      200      163      136      115       98       85       74       66       59       53       48       45       41       39       37       35       34       32       32       31       31       31       31       32       32       33       34       36       38       41       44       47       52       57       64       72       82       94      110      131      158      193      240      304      394      521      705      976     1375     1955     2749     3706     4621     5223     5406     5292    5060
        3734    3991     4548     5531     6952     8065     7201     4759     2738     1579      960      617      418      295      217      164      127      101       82       68       57       49       42       37       33       29       27       24       23       21       20       19       18       18       17       17       17       17       17       17       17       18       19       20       21       22       24       26       28       31       35       40       46       53       63       75       91      113      143      185      244      331      461      660      967     1428     2064     2789     3382     3667     3701    3672
        4795    7219    10466    12068     9432     5673     3247     1937     1223      814      566      408      304      232      181      145      118       97       82       70       60       52       46       41       37       34       31       29       27       25       24       23       22       21       21       20       20       20       20       21       21       22       22       23       25       26       28       30       32       35       39       43       49       55       63       73       85      101      120      145      177      218      272      342      436      561      728      955     1265     1700     2329    3282
        2051    2156     2434     2982     3975     5520     6645     5360     3074     1639      925      562      365      250      179      133      102       80       64       53       44       37       32       28       25       22       20       18       17       16       15       14       13       13       13       12       12       12       12       12       13       13       14       14       15       16       18       19       21       23       26       30       34       40       47       57       70       87      110      144      192      264      373      542      803     1184     1661     2095     2310     2289     2167    2067
         800     784      829      952     1208     1749     3062     6694    10110     4808     1740      787      424      257      168      117       85       65       50       40       33       27       23       20       17       15       14       12       11       11       10        9        9        8        8        8        8        8        8        8        8        9        9        9       10       11       11       13       14       15       17       20       23       28       33       40       50       65       85      116      165      247      392      673     1240     2257     3129     2761     1929     1364     1048     880
        1062     857      767      752      807      954     1265     1927     3303     4556     3030     1345      636      344      206      134       92       66       50       38       30       24       20       17       14       12       11       10        9        8        7        7        6        6        6        5        5        5        5        5        5        5        5        6        6        6        7        7        8        8        9       10       12       14       16       19       23       28       35       45       59       81      115      173      280      498     1011     2352     4681     4338     2468    1498
        1033     790      666      608      594      616      674      772      901     1014     1009      836      595      395      261      176      123       89       67       51       40       33       27       22       19       16       14       13       11       10        9        9        8        7        7        7        7        6        6        6        6        6        7        7        7        7        8        8        9       10       11       12       14       15       18       21       25       31       38       48       63       86      121      180      287      502     1003     2348     5056     4973     2695    1537
        1887    1600     1431     1367     1399     1534     1794     2183     2571     2553     1950     1236      745      460      297      201      142      104       79       61       49       40       33       28       23       20       18       16       14       13       12       11       10       10        9        9        9        8        8        8        8        8        8        9        9        9       10       11       11       12       14       15       17       19       22       26       30       36       44       55       70       91      123      170      245      370      582      948     1524     2173     2460    2251
        1240    1716     2512     3897     6020     7398     5804     3386     1906     1139      728      493      349      257      196      153      122       99       82       69       59       51       45       40       35       32       29       27       25       23       22       21       20       19       19       18       18       18       18       18       18       19       19       20       21       22       23       25       27       29       31       34       38       42       47       54       61       70       81       94      110      129      153      182      218      262      316      384      470      581      729     936
        1918    1848     1811     1838     1946     2138     2384     2567     2470     2014     1425      942      617      413      286      204      151      114       89       71       57       47       40       34       29       26       23       20       18       17       15       14       14       13       12       12       12       11       11       11       11       11       12       12       12       13       14       15       16       17       19       21       23       27       30       35       42       50       60       75       94      121      159      215      298      423      611      884     1239     1609     1871    1957
        1137     935      817      762      759      810      928     1146     1511     2008     2276     1832     1121      640      379      239      159      111       81       61       47       38       31       25       21       18       16       14       12       11       10        9        9        8        8        7        7        7        7        7        7        7        7        7        7        8        8        8        9       10       11       12       13       15       17       20       24       28       35       43       55       72       97      136      198      301      482      795     1264     1688     1714    1431
        2555    1519      960      696      568      510      500      534      626      817     1219     2086     3202     2482     1128      520      274      162      103       71       50       37       29       23       18       15       13       11        9        8        7        6        6        5        5        5        4        4        4        4        4        4        4        4        4        4        4        4        4        5        5        6        6        7        8        9       10       12       14       17       20       26       33       43       60       85      128      208      371      746     1657    2925
         604     556      525      515      528      570      653      801     1065     1544     2320     2880     2237     1243      667      385      240      160      112       82       62       49       39       32       27       23       19       17       15       13       12       11       10       10        9        9        8        8        8        8        8        8        8        8        8        9        9       10       10       11       12       13       15       17       19       22       26       31       37       46       57       74       97      130      178      248      345      469      595      679      694     658
         727     607      505      438      401      390      404      446      531      685      957     1358     1572     1189      673      368      215      135       90       63       46       35       27       22       18       15       12       10        9        8        7        6        6        5        5        5        4        4        4        4        4        4        4        4        4        4        4        5        5        5        6        6        7        7        8       10       11       13       15       19       23       29       37       49       67       95      140      213      335      515      709     792
        1023     944      777      634      539      484      459      460      485      534      603      674      699      629      484      337      227      154      107       77       57       43       33       27       22       18       15       13       11       10        9        8        7        6        6        5        5        5        5        5        4        4        4        4        4        5        5        5        5        5        6        6        7        8        8        9       11       12       15       17       21       26       33       42       56       76      108      159      244      389      617     885
        1483    1055      715      526      424      372      351      356      388      456      582      803     1128     1314     1017      585      322      188      118       78       55       40       30       23       19       15       13       11        9        8        7        6        6        5        5        4        4        4        4        4        3        3        3        3        3        3        4        4        4        4        4        5        5        6        7        7        8       10       12       14       17       21       27       35       47       66       97      152      256      467      893    1451
         210     182      164      155      153      158      172      198      243      324      484      844     1681     2339     1323      557      270      152       95       64       45       34       26       20       17       14       12       10        9        8        7        6        6        5        5        5        4        4        4        4        4        4        4        4        4        4        5        5        5        6        6        7        8        9       10       12       15       18       22       27       35       47       64       91      134      199      289      378      412      376      311     253
         214     202      197      198      207      225      257      309      397      550      816     1204     1382     1020      582      329      198      128       88       64       48       37       29       24       20       17       14       13       11       10        9        8        8        7        7        6        6        6        6        6        6        6        6        6        6        7        7        8        8        9       10       11       12       14       16       19       23       27       33       42       53       69       91      120      159      204      247      277      284      273      252     231
         313     263      233      218      215      225      249      296      384      558      944     1848     2671     1569      651      309      170      105       69       49       36       27       21       17       14       12       10        9        8        7        6        5        5        5        4        4        4        4        4        4        4        4        4        4        4        4        4        5        5        5        6        6        7        8       10       11       13       16       20       25       32       42       57       81      120      185      292      442      575      586      494     390
         342     286      248      225      214      213      224      247      290      364      495      728     1085     1279      950      532      293      173      111       75       53       40       30       24       19       16       13       11       10        9        8        7        6        6        5        5        5        5        4        4        4        4        4        4        4        5        5        5        5        6        6        7        8        9       10       11       13       16       19       24       30       38       51       69       98      142      213      315      432      504      487     416
         528     557      544      515      492      486      505      557      661      856     1225     1863     2402     1871      993      508      283      172      112       77       56       41       32       25       20       17       14       12       10        9        8        7        6        6        5        5        5        5        4        4        4        4        4        4        4        4        4        5        5        5        5        6        6        7        8        9       10       11       13       16       19       23       29       37       48       64       86      120      171      244      341     447
         371     484      585      654      695      726      772      854     1002     1250     1610     1909     1721     1132      646      371      225      145       98       69       51       38       30       24       19       16       13       11       10        8        7        7        6        5        5        5        4        4        4        4        4        4        4        4        4        4        4        4        4        4        5        5        5        6        6        7        8        9       10       12       14       17       21       25       32       41       54       72       98      136      191     269
         226     158      118       94       80       71       66       63       64       67       73       83      100      128      178      269      433      612      543      316      170       98       62       42       29       22       17       13       11        9        7        6        6        5        4        4        4        3        3        3        3        3        3        3        3        3        3        3        3        3        3        4        4        4        5        6        7        8        9       11       14       17       23       30       43       64      100      169      291      439      456     337
         925     601      404      300      243      213      201      202      216      249      312      430      659     1048     1239      817      408      212      122       76       51       36       26       20       16       13       10        9        7        6        5        5        4        4        4        3        3        3        3        3        3        2        2        2        2        3        3        3        3        3        3        4        4        4        5        5        6        7        9       10       13       16       21       27       37       52       79      126      218      414      789    1111
         345     207      142      109       91       81       77       77       81       91      110      145      215      382      855     1508      824      297      133       72       44       29       20       15       11        9        7        6        5        4        3        3        3        2        2        2        2        2        2        1        1        1        1        1        1        1        1        2        2        2        2        2        2        3        3        3        4        5        6        7        8       11       14       19       27       41       65      116      235      522      847     633
         740     494      325      234      184      157      143      138      142      155      180      224      300      424      564      564      387      223      129       79       52       36       26       19       15       12        9        8        6        6        5        4        4        3        3        3        3        2        2        2        2        2        2        2        2        2        2        2        2        2        3        3        3        3        4        4        5        6        7        8       10       12       15       20       27       38       55       86      146      269      514     795
         412     330      265      222      196      184      182      192      215      260      341      494      771     1065      910      504      260      145       88       58       40       29       22       17       13       11        9        7        6        6        5        4        4        3        3        3        3        3        3        2        2        2        2        2        2        2        3        3        3        3        3        4        4        4        5        6        6        8        9       11       13       17       21       28       39       55       80      123      195      304      422     465
         524     364      250      185      149      129      119      117      121      134      159      203      282      422      595      584      368      197      110       67       43       30       21       16       12       10        8        6        5        5        4        3        3        3        2        2        2        2        2        2        2        2        2        2        2        2        2        2        2        2        2        2        3        3        3        4        4        5        6        7        8       10       13       17       23       33       48       76      127      229      412     581
         277     178      119       86       68       57       51       47       46       48       51       58       70       90      126      191      293      350      258      144       79       47       30       21       15       11        8        7        5        4        4        3        3        2        2        2        2        2        1        1        1        1        1        1        1        1        1        1        1        1        1        2        2        2        2        2        3        3        4        5        6        7        9       11       16       22       33       52       88      162      287     358
         296     299      275      244      217      198      186      181      185      196      218      253      307      379      455      479      411      295      195      128       87       61       44       33       26       20       16       13       11       10        8        7        6        6        5        5        4        4        4        4        4        3        3        3        3        3        3        4        4        4        4        4        5        5        6        6        7        8        9       11       13       16       19       24       31       41       54       75      105      147      202     259
         550     554      403      277      203      161      137      125      122      125      137      159      200      270      387      522      517      345      195      111       68       44       30       22       16       13       10        8        7        5        5        4        3        3        3        2        2        2        2        2        2        2        2        2        2        2        2        2        2        2        2        2        2        2        3        3        3        4        5        5        7        8       10       13       16       22       31       44       68      113      199     360
         349     345      307      263      227      203      190      185      189      204      233      282      364      497      668      745      592      367      216      132       85       58       42       31       24       18       15       12       10        9        7        6        6        5        5        4        4        4        3        3        3        3        3        3        3        3        3        3        3        3        4        4        4        5        5        6        6        7        9       10       12       15       18       23       29       39       53       75      107      157      226     302
         555     613      441      286      199      151      124      109      102      101      105      117      140      181      260      432      812     1158      729      318      154       85       52       35       24       18       14       11        9        7        6        5        4        4        3        3        3        2        2        2        2        2        2        2        2        2        2        2        2        2        2        2        2        2        3        3        3        4        4        5        6        8        9       12       15       20       27       40       60       98      173     327
         289     207      154      123      104       94       89       89       94      105      125      161      228      366      635      853      582      279      140       79       49       33       23       17       13       10        8        7        6        5        4        4        3        3        3        2        2        2        2        2        2        2        2        2        2        2        2        2        2        2        2        2        3        3        3        4        4        5        6        8        9       12       15       20       28       40       60       97      162      271      381     378
          85      57       42       34       28       25       23       23       23       23       25       28       33       41       53       73      102      134      137      104       66       41       26       18       13        9        7        6        4        4        3        3        2        2        2        2        1        1        1        1        1        1        1        1        1        1        1        1        1        1        1        1        2        2        2        2        3        3        4        5        6        8       11       16       23       37       67      135      295      422      277     144
         419     332      233      169      131      109       97       92       91       96      108      129      168      239      375      576      603      369      188      102       60       39       26       19       14       11        9        7        6        5        4        3        3        3        2        2        2        2        2        2        2        1        1        1        1        1        1        1        2        2        2        2        2        2        3        3        3        4        4        5        6        8       10       13       17       23       33       50       79      134      235     372
