SWAN 1
LOCATIONS
     1
     681724.29 2033118.57
AFREQ
     56
     0.0300
     0.0400
     0.0500
     0.0600
     0.0700
     0.0800
     0.0900
     0.1000
     0.1100
     0.1200
     0.1300
     0.1400
     0.1500
     0.1600
     0.1700
     0.1800
     0.1900
     0.2000
     0.2100
     0.2200
     0.2300
     0.2400
     0.2500
     0.2600
     0.2700
     0.2800
     0.2900
     0.3000
     0.3100
     0.3200
     0.3300
     0.3400
     0.3500
     0.3600
     0.3700
     0.3800
     0.3900
     0.4000
     0.4100
     0.4200
     0.4300
     0.4400
     0.4500
     0.4600
     0.4700
     0.4800
     0.4900
     0.5000
     0.5100
     0.5200
     0.5300
     0.5400
     0.5500
     0.5600
     0.5700
     0.5800
NDIR
     72
     5.0000
     10.0000
     15.0000
     20.0000
     25.0000
     30.0000
     35.0000
     40.0000
     45.0000
     50.0000
     55.0000
     60.0000
     65.0000
     70.0000
     75.0000
     80.0000
     85.0000
     90.0000
     95.0000
     100.0000
     105.0000
     110.0000
     115.0000
     120.0000
     125.0000
     130.0000
     135.0000
     140.0000
     145.0000
     150.0000
     155.0000
     160.0000
     165.0000
     170.0000
     175.0000
     180.0000
     185.0000
     190.0000
     195.0000
     200.0000
     205.0000
     210.0000
     215.0000
     220.0000
     225.0000
     230.0000
     235.0000
     240.0000
     245.0000
     250.0000
     255.0000
     260.0000
     265.0000
     270.0000
     275.0000
     280.0000
     285.0000
     290.0000
     295.0000
     300.0000
     305.0000
     310.0000
     315.0000
     320.0000
     325.0000
     330.0000
     335.0000
     340.0000
     345.0000
     350.0000
     355.0000
     360.0000
QUANT
     1
VaDens
m2/Hz/degr
     -999.000000
FACTOR
     1.00000E-06
          72      74       77       80       83       87       90       93       96       98      100       99       98       95       91       86       81       75       70       64       59       55       51       47       44       41       39       37       35       34       33       32       31       31       31       30       31       31       31       32       33       34       35       37       39       40       43       45       47       50       52       55       57       59       61       63       64       65       65       66       66       66       65       65       65       65       65       65       66       67       68      70
         151     150      152      156      164      175      191      212      240      277      325      386      460      537      598      617      580      501      410      326      259      207      168      139      117      100       87       77       69       63       58       54       51       49       47       46       45       45       46       47       48       50       53       57       62       68       75       85       98      114      136      166      206      262      340      445      578      718      814      814      727      603      487      394      324      273      235      207      187      172      162     155
        8196    8682     7315     5144     3376     2228     1520     1079      794      603      472      379      310      259      221      191      167      148      134      122      112      104       98       93       89       86       83       82       81       81       82       83       86       89       93       98      104      111      121      133      147      165      188      216      252      299      360      441      551      700      907     1194     1584     2092     2684     3244     3602     3660     3474     3182     2891     2655     2493     2405     2395     2466     2634     2925     3389     4104     5174    6651
       34920   17498    10193     6538     4487     3240     2435     1890     1507     1230     1024      869      748      654      580      520      472      433      402      376      355      339      326      317      310      307      305      307      311      317      327      339      356      376      402      433      472      519      578      651      743      859     1008     1202     1459     1807     2287     2966     3953     5426     7682    11183    16511    23865    31685    36234    35462    31538    27343    24158    22210    21448    21884    23754    27733    35519    51811    93285   253523   919146   414229   91467
       68819   36460    22070    14571    10234     7533     5754     4531     3661     3023     2545     2180     1896     1673     1495     1352     1237     1143     1068     1007      959      921      893      873      861      856      859      869      886      912      946      991     1047     1116     1202     1308     1438     1598     1798     2048     2364     2768     3293     3983     4908     6170     7923    10404    13964    19093    26331    35875    46647    55603    59433    57806    53249    48355    44485    42109    41379    42477    45849    52510    64756    88239   139805   290721  1191390  4442470   688462  164657
      291111  101016    46776    25781    15873    10551     7422     5454     4153     3256     2617     2149     1799     1531     1323     1160     1030      925      841      772      716      671      634      605      582      565      553      546      543      544      550      561      577      598      625      659      701      753      817      894      990     1108     1254     1438     1671     1970     2359     2872     3562     4505     5821     7692    10392    14321    19969    27697    37093    46202    52143    53628    52027    49588    47917    47909    50270    56070    67578    90351   140563   279175   746691  913189
      436013   92037    31510    14719     8145     5015     3325     2330     1704     1291     1007      805      657      547      463      398      347      306      274      248      226      209      194      183      173      166      160      156      153      151      151      152      154      157      162      168      176      186      199      214      232      255      283      317      360      414      482      570      685      837     1044     1330     1735     2326     3212     4579     6739    10161    15346    22109    28404    31323    30636    28579    27020    26835    28625    33501    44432    71212   160236  560648
       63977   32526    18625    11668     7818     5517     4058     3088     2417     1939     1588     1326     1125      970      847      750      672      608      557      515      481      453      431      413      399      389      383      379      379      382      387      396      409      426      447      473      505      544      592      651      723      812      922     1061     1237     1462     1756     2144     2665     3376     4366     5766     7773    10662    14758    20281    26951    33569    38395    40548    40711    40276    40442    42104    46199    54293    69720   100479   165632   276049   276843  141805
       40909   97593   313622   252707    65910    24873    12424     7271     4706     3267     2389     1819     1431     1157      958      809      695      607      538      484      440      405      377      354      337      323      313      306      302      300      301      305      312      322      336      353      376      403      438      480      534      601      685      794      936     1123     1376     1725     2223     2955     4071     5840     8740    13517    20687    28233    30477    26100    20044    15308    12139    10101     8818     8054     7679     7636     7926     8614     9858    12003    15825   23324
       56201  224072   193742    42148    15180     7486     4365     2825     1963     1438     1098      866      702      582      493      425      372      331      298      272      250      234      220      210      202      196      192      189      189      190      193      198      205      214      225      240      258      280      308      342      385      439      508      596      710      862     1065     1341     1718     2237     2939     3843     4887     5859     6448     6479     6063     5456     4860     4365     3998     3755     3629     3616     3724     3977     4423     5160     6384     8535    12741   22682
       33116   29253    22716    16307    11389     7988     5709     4180     3136     2409     1891     1514     1234     1023      860      734      635      555      491      439      397      362      333      310      290      274      261      250      242      236      231      228      227      228      230      234      240      248      258      270      285      303      325      351      383      420      466      520      587      668      767      889     1040     1228     1463     1757     2126     2588     3162     3870     4732     5767     6987     8408    10054    11972    14244    17001    20392    24491    28979   32601
       19852   21733    21455    18693    14674    10860     7891     5768     4290     3259     2532     2008     1624     1338     1120      952      821      717      633      566      511      467      430      400      375      355      338      325      315      308      303      300      300      302      306      312      321      332      346      364      385      411      442      478      522      574      637      711      800      907     1035     1189     1373     1592     1850     2153     2502     2897     3334     3807     4310     4836     5385     5965     6598     7316     8167     9216    10550    12269    14460   17106
        7598   10625    16025    23683    25848    17620     9628     5356     3220     2083     1430     1031      772      598      475      387      322      272      234      205      181      162      147      135      125      117      111      105      102       99       97       95       95       95       97       99      102      106      111      117      125      135      147      162      180      202      231      266      311      369      446      546      682      865     1117     1463     1930     2533     3241     3941     4460     4671     4600     4373     4119     3918     3810     3818     3967     4298     4889    5888
        9870   12982    17286    21176    20537    15070     9494     5859     3744     2508     1756     1279      963      746      592      480      397      334      286      248      217      193      174      158      145      134      126      119      113      108      105      102      100      100       99      100      101      104      107      111      116      122      130      139      150      164      180      200      224      254      290      335      390      460      547      656      793      965     1177     1434     1737     2081     2454     2839     3223     3600     3983     4401     4902     5558     6475    7823
        8468   10321    12448    13960    13394    10638     7395     4894     3254     2223     1570     1144      859      662      522      421      345      288      244      210      183      161      144      130      118      109      101       94       89       85       81       79       77       75       75       75       75       76       77       80       82       86       91       96      103      111      121      132      147      164      185      211      243      283      333      397      477      579      710      876     1087     1351     1673     2055     2490     2965     3469     3999     4570     5221     6020    7063
       10151   14695    19334    19287    13888     8494     5130     3232     2140     1483     1068      795      609      477      382      312      259      218      186      161      141      125      112      101       92       85       78       73       69       66       63       61       59       58       57       57       57       57       58       59       61       63       66       69       73       78       84       90       99      108      120      134      151      171      196      227      264      310      368      439      528      640      780      957     1181     1465     1831     2308     2948     3836     5123    7082
        8991   11935    12995    10783     7436     4860     3230     2227     1597     1185      906      711      571      467      389      329      282      245      215      191      171      155      141      130      121      113      107      101       97       93       91       88       87       86       85       85       86       87       89       91       94       98      102      107      113      120      128      138      149      162      177      194      214      238      266      298      336      381      435      498      573      664      775      912     1084     1305     1594     1985     2532     3326     4520    6344
        3160    3120     3172     3330     3597     3938     4239     4273     3845     3053     2216     1546     1076      761      552      410      313      244      195      159      131      110       94       82       71       63       57       52       47       44       41       38       37       35       34       33       32       32       32       32       33       33       34       36       38       40       42       46       50       54       60       68       77       88      102      120      144      175      217      273      351      460      616      841     1160     1598     2144     2715     3160     3368     3364    3261
        6344    4217     2957     2208     1740     1434     1225     1075      966      882      816      760      711      665      619      573      525      477      429      382      339      299      263      232      204      181      161      144      129      117      106       98       90       84       79       75       71       68       66       64       63       62       62       62       63       64       66       69       72       76       81       87       94      103      114      128      146      168      197      235      285      355      452      595      811     1157     1743     2797     4746     7909    10461    9249
        7847    7409     6352     5269     4375     3675     3118     2655     2252     1893     1570     1286     1041      838      672      540      436      355      291      241      202      171      146      126      110       97       86       77       70       64       59       55       52       49       47       45       43       42       41       41       41       41       42       42       43       45       47       49       52       56       61       66       72       80       90      102      118      137      161      193      234      290      366      473      625      850     1189     1713     2531     3771     5439    7087
        4671    6956     7550     5715     3707     2421     1666     1209      917      721      583      482      406      348      301      264      233      207      185      167      151      137      125      115      105       97       90       84       79       74       70       66       63       60       57       55       54       52       51       50       49       49       49       49       50       51       52       53       55       57       60       63       67       72       78       84       93      103      115      130      148      172      202      242      294      366      467      614      837     1193     1794    2853
        1649    2954     6136    11825    10681     5161     2546     1458      937      653      483      374      300      247      209      180      158      140      126      115      106       99       93       88       84       80       78       75       73       72       71       70       69       69       68       68       68       68       68       68       69       69       69       70       70       71       72       73       74       75       77       79       81       83       87       90       95      100      107      115      125      137      151      170      194      226      267      325      406      527      718    1042
        2123    3282     4866     6098     5829     4478     3158     2225     1609     1199      917      717      569      459      374      308      256      214      181      154      132      114       99       87       77       68       61       55       50       46       42       39       37       35       33       31       30       29       28       28       27       27       27       27       28       28       29       30       31       33       34       37       39       42       46       50       56       63       71       80       93      108      128      154      187      232      292      377      499      680      958    1400
        2788    2128     1596     1243     1014      864      763      692      639      595      554      510      461      407      350      295      244      200      163      133      110       91       76       64       55       47       41       36       32       29       26       24       22       20       19       18       17       17       16       16       16       16       16       16       16       16       17       18       19       20       21       23       25       28       31       35       40       47       55       66       80      100      127      167      225      314      459      702     1123     1817     2697    3153
         920    1119     1258     1293     1233     1121      996      880      780      695      623      559      502      448      397      349      304      262      224      191      162      138      118      101       87       75       65       57       51       45       41       37       34       31       29       27       25       24       23       22       21       21       21       20       20       21       21       21       22       23       24       25       27       29       31       34       37       41       46       53       61       71       83      100      121      150      188      240      311      409      543     716
        1139    1352     1578     1804     1998     2097     2031     1782     1424     1066      773      556      404      298      224      171      134      107       86       71       59       50       43       37       33       29       26       23       21       20       18       17       16       15       15       14       14       14       14       14       14       14       14       14       15       16       16       17       18       20       22       24       26       29       33       37       43       49       58       69       82       99      122      151      189      238      302      384      488      615      768     943
         701    1032     1519     2125     2614     2684     2362     1919     1528     1226      998      824      687      575      482      403      336      279      232      192      160      133      112       94       80       68       59       51       45       40       35       32       29       26       24       23       21       20       19       18       17       17       17       16       16       16       16       17       17       17       18       19       20       21       23       24       27       29       33       37       42       48       56       66       79       96      119      150      194      256      348     487
        1635    1527     1182      885      689      569      496      456      440      445      468      512      578      661      742      773      710      571      418      295      208      149      110       83       64       51       41       34       29       24       21       18       16       15       13       12       11       11       10       10        9        9        9        9        9        9        9        9        9       10       10       11       12       13       14       16       17       20       23       27       32       38       47       60       78      104      144      208      316      505      830    1295
        1485    1864     1956     1789     1548     1346     1208     1129     1097     1099     1120     1135     1108     1010      845      655      484      352      256      189      142      109       85       68       55       45       38       32       28       24       22       19       17       16       15       14       13       12       12       11       11       11       10       10       10       11       11       11       12       12       13       14       15       16       17       19       22       25       28       33       39       47       57       71       90      117      157      216      307      452      683    1035
         995    1668     2347     2393     1914     1443     1130      942      836      783      769      783      814      843      837      769      642      494      361      260      188      138      104       79       62       50       40       33       28       24       21       18       16       14       13       12       11       10       10        9        9        8        8        8        8        8        8        8        8        9        9       10       10       11       12       13       14       16       18       21       24       28       34       41       51       65       86      115      161      235      361     585
         829    1284     1616     1528     1209      927      737      620      551      516      506      517      546      589      634      659      633      548      431      318      230      166      122       92       70       55       44       36       30       25       21       18       16       14       13       12       11       10        9        9        8        8        8        8        8        8        8        8        8        8        8        9        9       10       11       12       13       14       16       19       22       25       30       37       46       58       76      102      143      207      316     506
         596     882     1247     1595     1791     1807     1729     1647     1599     1591     1602     1586     1478     1251      959      684      474      328      230      166      122       92       71       56       45       37       31       26       22       19       17       15       13       12       11       10       10        9        9        8        8        8        8        7        7        8        8        8        8        8        9        9       10       11       12       13       14       16       18       20       24       28       33       40       49       62       79      104      140      193      274     401
         594     908     1325     1696     1793     1620     1364     1143      982      869      791      732      681      627      562      487      407      328      259      201      157      122       96       77       62       51       42       36       30       26       23       20       18       16       15       13       12       12       11       10       10       10        9        9        9        9        9        9        9       10       10       11       11       12       13       14       15       17       19       22       25       29       34       41       50       62       79      103      137      188      267     393
         181     258      383      594      961     1584     2476     3233     3274     2770     2212     1780     1464     1222     1019      838      673      527      405      307      232      177      135      105       83       66       53       44       36       31       26       23       20       17       16       14       13       12       11       10       10        9        9        8        8        8        8        8        8        8        8        8        9        9       10       10       11       12       13       14       16       18       20       24       27       33       39       48       59       76       98     131
         462     488      489      481      477      487      518      581      694      890     1218     1665     1866     1427      837      470      278      175      117       82       60       45       35       28       23       19       16       14       12       10        9        8        8        7        6        6        6        5        5        5        5        5        5        5        5        5        5        5        6        6        6        7        8        8        9       11       12       14       16       19       23       28       35       44       56       74       99      135      184      250      328     405
         563     367      246      180      144      123      112      109      111      121      140      175      242      384      727     1392     1259      539      234      120       71       45       31       22       17       13       10        8        7        6        5        4        4        3        3        3        3        2        2        2        2        2        2        2        2        2        2        2        2        2        2        3        3        3        4        4        5        5        6        8        9       12       15       19       26       37       55       88      150      279      512     689
         418     370      317      273      242      223      214      213      223      243      279      336      424      546      668      685      548      367      234      152      102       72       53       40       31       25       20       17       14       12       10        9        8        7        7        6        6        5        5        5        5        5        5        5        5        5        5        5        5        6        6        6        7        8        8        9       11       12       14       17       21       25       32       41       54       73      101      143      206      289      376     427
         336     318      283      246      216      194      179      171      168      171      179      192      210      232      254      266      260      231      189      146      110       82       62       48       37       30       24       20       17       14       12       11       10        9        8        7        7        6        6        6        5        5        5        5        5        5        5        5        6        6        6        7        7        8        8        9       10       12       14       16       19       23       28       36       45       60       80      109      150      206      268     319
         449     462      392      307      243      199      172      156      148      147      152      165      189      227      287      374      473      514      432      295      187      120       80       56       40       30       23       19       15       12       10        9        8        7        6        5        5        5        4        4        4        4        4        3        3        3        3        4        4        4        4        4        4        5        5        6        6        7        8       10       12       14       17       21       27       35       48       67       98      148      230     345
         207     238      266      293      321      355      402      469      572      726      938     1141     1137      866      555      341      216      142       98       71       52       40       31       25       21       17       14       12       11        9        8        8        7        6        6        5        5        5        5        5        4        4        4        4        4        4        5        5        5        5        6        6        6        7        8        9       10       11       13       15       17       21       25       30       37       46       58       73       92      116      144     175
         216     237      250      256      259      260      263      271      283      300      320      341      354      347      317      267      211      160      120       91       69       53       42       34       27       23       19       16       14       12       11       10        9        8        7        7        6        6        6        5        5        5        5        5        5        5        5        5        6        6        6        7        7        8        9       10       11       12       14       16       19       22       27       32       40       49       62       79      100      126      156     187
         275     283      250      206      169      143      126      115      110      110      114      125      144      177      235      342      547      866      937      582      298      162       97       62       43       31       23       18       14       12       10        8        7        6        5        5        4        4        4        3        3        3        3        3        3        3        3        3        3        3        3        3        4        4        4        5        5        6        7        8        9       11       14       17       22       28       38       52       74      109      160     223
         394     486      381      250      170      125       99       84       76       72       72       75       83       98      123      172      273      519     1060     1088      476      202      102       60       38       26       19       14       11        9        7        6        5        4        4        3        3        3        2        2        2        2        2        2        2        2        2        2        2        2        2        2        2        2        2        3        3        3        4        5        5        6        8       10       12       16       22       31       46       73      125     227
          49      44       40       37       36       36       37       39       43       50       60       78      110      177      350      966     1936      805      261      118       65       40       27       20       15       11        9        7        6        5        5        4        4        3        3        3        2        2        2        2        2        2        2        2        2        2        2        2        3        3        3        3        4        4        5        6        7        8       10       13       16       21       28       38       51       66       80       87       85       77       66      57
         118     193      310      429      455      387      307      249      214      195      191      199      222      267      346      472      608      593      403      231      132       81       52       36       25       19       14       11        9        7        6        5        4        4        3        3        3        2        2        2        2        2        2        2        2        2        2        2        2        2        2        2        2        2        2        2        3        3        3        4        4        5        6        7        9       11       14       18       24       34       49      74
         236     273      248      197      153      122      103       90       84       81       82       88       99      118      151      213      335      568      783      582      293      150       85       53       35       25       18       14       11        9        7        6        5        4        4        3        3        3        3        2        2        2        2        2        2        2        2        2        2        2        2        2        2        3        3        3        3        4        4        5        6        7        9       11       14       18       24       32       47       70      107     166
         100     111      115      112      107      101       96       94       94       97      105      118      138      169      216      278      330      320      244      161      103       68       46       33       24       18       14       11        9        8        7        6        5        4        4        3        3        3        3        2        2        2        2        2        2        2        2        2        2        2        2        3        3        3        3        4        4        4        5        6        7        8       10       12       14       18       23       30       39       51       67      84
         324     231      157      112       86       71       61       56       54       54       57       62       72       88      116      163      241      329      323      216      124       72       45       30       21       15       12        9        7        6        5        4        4        3        3        2        2        2        2        2        2        2        1        1        1        1        1        2        2        2        2        2        2        2        2        3        3        4        4        5        6        7        9       12       16       22       31       48       77      133      231     334
         338     240      151      101       74       58       48       43       39       38       38       40       43       50       60       78      111      177      316      509      438      221      109       60       37       24       17       13       10        7        6        5        4        4        3        3        2        2        2        2        2        2        1        1        1        1        1        1        1        1        2        2        2        2        2        2        3        3        4        4        5        6        7       10       12       17       24       36       57       99      182     305
         105     104      100       97       94       92       94       98      105      118      140      174      233      334      501      677      630      400      225      132       83       55       39       29       22       17       14       11        9        8        7        6        5        5        4        4        4        3        3        3        3        3        3        3        3        3        3        3        3        3        4        4        4        5        5        6        6        7        8       10       12       14       17       22       27       34       43       55       68       82       95     103
          39      30       24       21       18       17       16       17       17       19       21       25       32       44       68      128      361     1609      859      177       68       34       20       13        9        7        5        4        3        3        2        2        2        1        1        1        1        1        1        1        1        1        1        1        1        1        1        1        1        1        1        1        1        1        2        2        2        3        4        5        6        8       11       16       25       41       71      118      148      122       81      54
         326     377      285      187      129       97       78       68       62       60       61       66       75       92      122      181      309      566      687      389      175       89       51       32       22       15       11        9        7        5        4        4        3        3        2        2        2        2        2        1        1        1        1        1        1        1        1        1        1        1        1        1        1        2        2        2        2        3        3        3        4        5        6        8       10       13       18       25       38       61      105     193
         109     101       87       75       65       59       55       54       55       59       67       81      106      155      263      514      780      493      209       99       55       33       22       16       11        9        7        5        4        4        3        3        2        2        2        2        1        1        1        1        1        1        1        1        1        1        1        1        1        1        1        1        1        2        2        2        2        3        3        4        5        6        7        9       12       16       22       31       44       63       86     104
         270     319      260      182      130      100       82       72       66       65       67       73       84      105      142      209      327      434      355      198      105       60       37       25       17       13       10        7        6        5        4        3        3        2        2        2        2        2        1        1        1        1        1        1        1        1        1        1        1        1        1        1        1        2        2        2        2        2        3        3        4        5        6        7        9       12       17       24       36       57       95     167
         150     130      102       80       65       55       49       46       45       46       50       57       69       91      133      230      484      871      566      218       98       53       32       21       15       11        8        6        5        4        3        3        2        2        2        2        1        1        1        1        1        1        1        1        1        1        1        1        1        1        1        1        1        1        2        2        2        3        3        4        4        5        7        8       11       15       21       30       45       69      105     140
         182     103       62       42       31       25       21       18       17       16       16       17       19       21       25       31       43       65      116      253      463      298      116       53       29       18       12        8        6        5        4        3        2        2        2        1        1        1        1        1        1        1        1        1        1        1        1        1        1        1        1        1        1        1        1        1        1        2        2        2        3        4        5        6        8       11       16       26       45       86      172     246
