SWAN 1
LOCATIONS
     1
     -67.28  18.38
AFREQ
     56
     0.0300
     0.0400
     0.0500
     0.0600
     0.0700
     0.0800
     0.0900
     0.1000
     0.1100
     0.1200
     0.1300
     0.1400
     0.1500
     0.1600
     0.1700
     0.1800
     0.1900
     0.2000
     0.2100
     0.2200
     0.2300
     0.2400
     0.2500
     0.2600
     0.2700
     0.2800
     0.2900
     0.3000
     0.3100
     0.3200
     0.3300
     0.3400
     0.3500
     0.3600
     0.3700
     0.3800
     0.3900
     0.4000
     0.4100
     0.4200
     0.4300
     0.4400
     0.4500
     0.4600
     0.4700
     0.4800
     0.4900
     0.5000
     0.5100
     0.5200
     0.5300
     0.5400
     0.5500
     0.5600
     0.5700
     0.5800
NDIR
     72
     5.0000
     10.0000
     15.0000
     20.0000
     25.0000
     30.0000
     35.0000
     40.0000
     45.0000
     50.0000
     55.0000
     60.0000
     65.0000
     70.0000
     75.0000
     80.0000
     85.0000
     90.0000
     95.0000
     100.0000
     105.0000
     110.0000
     115.0000
     120.0000
     125.0000
     130.0000
     135.0000
     140.0000
     145.0000
     150.0000
     155.0000
     160.0000
     165.0000
     170.0000
     175.0000
     180.0000
     185.0000
     190.0000
     195.0000
     200.0000
     205.0000
     210.0000
     215.0000
     220.0000
     225.0000
     230.0000
     235.0000
     240.0000
     245.0000
     250.0000
     255.0000
     260.0000
     265.0000
     270.0000
     275.0000
     280.0000
     285.0000
     290.0000
     295.0000
     300.0000
     305.0000
     310.0000
     315.0000
     320.0000
     325.0000
     330.0000
     335.0000
     340.0000
     345.0000
     350.0000
     355.0000
     360.0000
QUANT
     1
VaDens
m2/Hz/degr
     -999.000000
FACTOR
     1.00000E-06
          16      14       13       11       10        9        8        7        7        6        6        5        5        5        5        4        4        4        4        4        4        4        4        4        4        5        5        5        5        5        5        5        5        5        5        5        5        5        5        5        5        5        5        4        4        4        4        4        4        4        5        5        5        5        5        6        6        7        7        8        9       10       11       13       14       16       18       19       19       19       19      18
         156     191      220      224      199      159      120       90       68       52       41       33       28       23       20       17       15       14       13       12       11       10       10        9        9        9        9        9        9        9       10       10       11       11       12       13       14       16       17       20       22       25       28       32       36       40       44       48       50       51       51       50       48       46       44       42       40       39       38       37       37       38       39       41       44       47       52       59       69       82      100     124
          81     110      159      242      362      434      355      226      138       89       61       44       33       26       21       17       14       12       11       10        9        8        8        7        7        7        7        6        6        7        7        7        7        8        9        9       10       12       14       16       19       23       29       37       50       69      100      146      205      249      241      192      141      104       79       62       51       43       38       34       31       30       29       28       28       29       31       34       37       43       51      63
        8229    3109     1484      842      534      367      266      202      159      128      106       90       77       68       60       54       49       46       43       40       38       37       36       35       35       35       35       36       37       38       40       43       45       49       53       59       65       74       84       97      113      134      160      193      234      285      344      408      470      520      548      552      537      511      481      453      431      416      409      410      421      444      482      541      633      776     1013     1440     2311     4470    10823   17222
       51040  122152    46289    13405     5790     3120     1915     1281      912      679      525      419      342      286      244      211      186      166      150      137      127      119      112      107      103      101       99       98       98       99      101      104      108      113      119      127      138      150      166      186      211      242      283      337      408      505      641      835     1121     1556     2228     3261     4720     6310     7162     6742     5614     4501     3654     3068     2680     2436     2304     2265     2316     2471     2761     3257     4110     5674     8939   17532
      100090   53995    26637    14352     8523     5472     3733     2672     1988     1527     1205      974      803      675      576      499      438      390      351      319      293      272      255      242      231      222      216      211      209      208      208      211      215      221      229      240      253      270      290      315      345      382      428      485      557      649      766      920     1124     1399     1779     2316     3091     4234     5948     8520    12239    17053    21943    25045    25423    24004    22214    20913    20458    21061    23047    27120    34844    49716    77970  112826
       35462   20851    12768     8210     5528     3877     2816     2109     1622     1278     1027      842      701      593      509      443      390      347      312      284      261      242      226      213      203      194      188      183      180      178      178      179      181      185      190      197      206      217      231      247      268      292      323      360      405      462      533      623      738      889     1088     1357     1727     2248     2999     4114     5815     8487    12779    19704    30482    45437    61910    74857    82309    87254    93743   103880   115039   115276    92930   60326
       35350   17414     9624     5835     3798     2612     1877     1398     1073      845      681      559      467      397      342      299      264      237      214      195      180      168      158      150      143      138      134      132      130      129      130      131      134      138      143      149      157      167      179      193      211      232      259      292      333      384      449      533      642      786      980     1247     1621     2156     2937     4098     5832     8388    11954    16366    20811    24206    26209    27507    29203    32469    38917    51697    77564   121676   134100   77599
       45787   26172    14824     8809     5544     3677     2551     1839     1369     1049      823      660      540      449      380      326      283      249      222      199      181      166      154      144      136      130      124      120      117      115      114      114      114      116      118      122      127      132      140      149      160      173      189      209      233      263      300      347      406      482      582      714      893     1138     1485     1985     2725     3850     5593     8325    12530    18563    25966    32991    37916    40943    43808    48420    56348    67777    76589   68604
       41390   20877    10597     5848     3504     2247     1522     1077      791      600      467      372      302      250      211      180      156      137      122      109       99       91       84       78       74       70       67       65       64       62       62       62       62       63       64       66       69       72       76       81       87       94      104      115      128      145      166      193      227      272      331      410      518      671      893     1226     1745     2590     4033     6618    11362    19580    30388    37377    36796    33374    31339    32131    36728    46717    61166   63339
      107955   60908    20195     8372     4243     2451     1549     1045      741      547      417      327      263      215      180      153      132      115      102       91       82       75       70       65       61       58       56       54       52       52       51       51       51       52       53       55       57       60       64       68       73       80       88       98      110      125      144      169      201      243      299      376      485      642      879     1248     1852     2891     4763     8163    13606    19022    19949    17101    14099    12232    11516    11913    13732    18128    28885   59338
       28698   28797    18532     9782     5285     3088     1942     1299      912      667      505      393      313      255      212      179      153      133      117      105       94       86       79       74       69       66       63       60       59       58       57       57       57       58       59       61       63       66       69       74       80       86       95      105      118      134      154      180      212      256      313      392      502      660      895     1256     1837     2808     4487     7351    11570    15490    16241    14259    11938    10324     9508     9421    10105    11816    15168   21121
       33687   45827    24907    10032     4696     2558     1553     1018      708      515      388      302      241      196      163      138      119      103       91       82       74       68       62       58       55       52       50       48       47       46       46       46       46       47       48       50       52       55       58       62       67       73       81       90      101      116      134      157      188      228      281      355      458      606      824     1153     1654     2413     3489     4775     5848     6246     6000     5507     5076     4839     4848     5164     5918     7429    10516   17497
       16289   38277    50103    20246     7480     3522     1960     1217      815      578      428      329      260      210      174      147      126      110       97       86       78       72       66       62       59       56       54       52       51       50       50       50       51       52       54       56       59       62       67       72       79       87       98      111      128      149      177      214      264      334      435      587      824     1219     1927     3316     6298    12521    19332    16785    10593     6843     4907     3878     3323     3053     2992     3123     3489     4216     5627    8629
       31639   54620    32654    11804     5106     2656     1565     1005      688      494      369      284      225      182      151      127      109       94       83       74       67       61       56       52       49       46       44       43       41       41       40       40       40       41       42       43       45       47       50       53       57       63       69       77       86       99      114      134      159      193      239      303      393      524      724     1040     1561     2456     4007     6465     9217    10295     9197     7523     6244     5484     5162     5234     5761     6982     9578   15614
       40789   17690     7425     3681     2084     1296      864      607      445      337      263      210      172      143      121      104       91       80       71       65       59       54       51       48       45       43       42       41       40       39       39       40       40       41       42       44       46       49       52       56       61       66       74       83       94      108      126      148      178      218      271      344      447      596      817     1152     1665     2445     3560     4915     6107     6677     6619     6306     6066     6082     6485     7487     9575    14037    24458   44026
       17849    9926     5345     3065     1890     1241      857      617      461      354      279      225      185      154      131      113       99       87       78       71       65       60       55       52       49       47       46       44       43       43       43       43       43       44       45       47       49       52       55       59       64       70       77       85       96      110      126      147      174      210      256      317      401      516      677      905     1231     1690     2318     3117     4019     4877     5552     6030     6427     6922     7725     9115    11551    15737    21644   24229
       16185   10132     5775     3364     2069     1346      919      653      481      365      285      227      184      153      128      109       95       83       74       66       60       55       51       47       44       42       40       39       38       37       36       36       36       37       37       38       40       42       44       46       50       53       58       64       71       80       90      104      120      141      169      204      250      312      397      513      676      905     1227     1677     2285     3058     3954     4889     5789     6665     7644     8950    10906    13879    17681   19670
        2272    3377     5380     7461     6278     3464     1804     1020      630      418      293      215      164      128      103       85       71       61       53       46       41       37       34       31       29       28       26       25       24       24       23       23       23       24       24       25       26       27       29       31       33       36       40       45       51       58       68       80       96      118      149      192      254      349      498      739     1138     1762     2539     3031     2864     2335     1840     1488     1260     1123     1052     1036     1072     1170     1356    1683
        2675    3809     4743     4204     2723     1598      965      619      420      299      222      171      135      109       90       76       65       57       50       45       40       37       34       32       30       29       28       27       26       26       26       26       27       27       28       29       31       33       35       38       41       46       51       58       67       77       92      110      134      168      213      277      367      494      668      890     1131     1319     1386     1331     1212     1085      979      903      859      844      861      914     1013     1181     1456    1914
        4561    9645    17804    11441     4265     1886     1003      604      396      276      202      154      120       97       80       67       57       50       44       39       35       32       30       28       26       25       24       23       22       22       22       22       22       23       23       24       26       27       29       31       34       38       42       47       54       63       74       88      108      134      170      221      296      405      568      807     1128     1481     1729     1758     1611     1408     1230     1100     1020      985      995     1055     1181     1413     1836    2668
        5178    6011     5343     3673     2266     1403      906      614      435      320      243      190      152      124      103       87       75       65       57       51       46       42       39       36       34       32       31       30       29       28       28       28       28       28       29       30       31       32       34       36       39       42       46       50       56       63       72       82       96      113      134      161      196      241      299      372      464      574      700      834      963     1078     1173     1254     1330     1418     1537     1709     1970     2370     2995    3943
        2792    5000     7781     6328     3143     1556      867      536      357      253      187      144      114       92       76       65       55       48       43       38       35       32       30       28       26       25       24       24       23       23       23       23       23       24       25       26       27       29       31       33       36       40       45       50       57       66       77       90      107      128      155      189      230      277      329      382      429      464      484      492      491      488      486      490      502      528      571      639      746      918     1208    1735
        2187    3197     4732     5669     4361     2492     1378      813      516      348      247      182      139      109       88       72       61       52       45       39       35       31       28       26       24       23       21       20       20       19       19       18       18       18       19       19       19       20       21       22       24       25       27       30       33       37       42       48       55       64       76       91      110      134      167      208      261      327      405      490      575      649      705      742      767      790      820      868      946     1072     1275    1610
        1692    2358     3464     4823     4991     3456     1981     1144      704      462      320      232      174      135      108       88       73       61       53       46       41       36       33       30       28       26       24       23       22       21       21       20       20       20       20       21       21       22       23       24       25       27       29       31       35       38       43       48       55       63       74       87      103      124      150      183      223      271      327      388      449      506      555      595      628      658      693      739      806      906     1058    1299
         756    1042     1626     3029     6637     8939     4307     1724      839      477      301      205      147      111       86       69       56       47       40       35       30       27       25       22       21       19       18       17       17       16       16       16       16       16       16       17       17       18       19       20       22       24       26       29       33       37       43       51       61       74       92      117      152      202      274      377      515      672      802      846      799      705      610      532      475      437      417      412      423      452      506     598
        1851    2246     2884     3812     4676     4456     3122     1870     1110      690      452      312      224      167      128      101       81       67       56       47       41       36       32       28       26       23       22       20       19       18       17       17       16       16       16       16       16       16       17       17       18       19       20       21       23       25       27       30       34       38       44       51       60       72       88      108      135      173      224      295      393      524      690      881     1069     1217     1307     1350     1373     1407     1479    1615
        2283    2063     1877     1735     1630     1546     1463     1361     1229     1067      889      715      562      437      339      265      209      167      135      111       92       78       66       57       50       44       40       36       32       30       28       26       24       23       22       22       21       21       21       21       21       21       21       22       23       24       25       27       29       32       35       38       43       49       56       64       76       90      110      135      170      218      287      386      531      745     1057     1479     1968     2380     2557    2485
        2536    2669     2565     2334     2069     1817     1587     1374     1174      986      812      658      526      417      330      262      210      169      137      113       94       79       67       58       50       44       39       35       32       29       27       25       23       22       21       20       19       19       18       18       18       18       18       19       19       20       21       22       23       25       27       29       32       35       39       45       51       59       69       82       99      122      152      193      250      331      448      618      867     1217     1670    2159
         526     559      617      712      858     1072     1350     1592     1581     1259      862      564      374      257      183      135      103       80       64       53       44       37       32       28       25       22       20       19       17       16       15       14       14       14       13       13       13       13       13       14       14       15       15       16       17       19       20       23       25       28       32       37       44       52       63       77       97      123      159      209      277      364      467      568      640      666      651      613      572      539      519     514
         736     954     1307     1865     2555     2794     2160     1345      809      508      337      235      171      129      100       80       65       54       46       40       35       31       27       25       23       21       20       18       18       17       16       16       16       15       15       16       16       16       17       17       18       19       20       22       24       26       29       32       36       40       46       53       61       71       84       98      115      135      157      181      206      231      254      276      296      316      338      364      397      442      505     597
         798     846      898      961     1044     1147     1255     1324     1290     1123      878      638      451      319      229      168      126       97       76       61       50       41       35       30       26       23       20       18       16       15       14       13       12       11       11       11       10       10       10       10       10       10       10       11       11       11       12       13       14       15       16       18       20       22       25       29       34       40       48       57       70       87      110      140      181      234      302      386      481      579      668     741
         494     490      497      519      556      614      692      786      875      913      856      711      540      391      282      205      152      116       90       71       58       48       40       34       29       26       23       21       19       17       16       15       14       13       13       12       12       12       12       12       12       12       13       13       14       14       15       16       18       19       21       24       27       31       36       42       50       61       74       93      117      149      192      247      315      389      460      511      536      537      524     507
         446     549      717     1008     1538     2438     3219     2628     1500      819      481      306      207      148      110       85       67       55       45       38       33       29       25       23       20       19       17       16       15       15       14       14       13       13       13       13       13       13       14       14       15       16       17       18       19       21       23       26       29       33       38       44       51       59       70       83       98      116      137      158      180      200      218      232      243      252      261      272      286      306      336     380
         324     320      322      332      349      373      403      432      450      441      399      333      262      199      150      113       87       67       53       43       35       29       25       21       19       16       15       13       12       11       10        9        9        9        8        8        8        8        8        8        8        8        8        8        9        9       10       11       12       13       14       16       18       21       24       28       33       40       49       61       76       97      125      160      203      251      296      330      348      350      343     333
         264     283      305      334      372      420      482      553      624      671      663      590      479      367      274      205      155      119       93       74       61       50       42       36       31       27       24       22       20       18       17       16       15       14       13       13       12       12       12       12       12       12       13       13       13       14       15       16       17       18       20       22       24       27       30       34       39       45       52       61       71       83       98      114      131      150      169      187      204      219      234     249
         191     200      216      241      281      345      451      639      998     1668     2361     1934     1045      547      314      197      133       94       70       54       43       35       29       24       21       18       16       14       13       12       11       10       10        9        9        9        9        9        9        9        9        9        9       10       10       11       12       13       14       15       17       20       22       26       30       36       43       51       62       76       93      113      134      155      173      185      191      193      191      188      186     187
         253     236      228      229      239      260      296      353      440      564      700      754      644      452      293      191      128       90       65       49       38       30       25       20       17       15       13       11       10        9        8        8        7        7        6        6        6        6        6        6        6        6        6        6        6        7        7        8        8        9       10       11       13       14       17       20       24       29       36       46       60       80      108      149      205      275      344      386      386      355      315     280
         339     322      315      318      334      367      424      519      675      921     1226     1344     1060      663      395      244      159      109       78       58       45       35       28       23       20       17       15       13       11       10        9        8        8        7        7        7        6        6        6        6        6        6        6        6        7        7        7        8        8        9       10       11       12       14       16       19       22       27       32       40       50       65       84      112      150      200      261      322      368      387      380     360
         229     238      261      304      385      538      859     1561     2350     1653      737      349      190      115       75       52       38       29       22       18       14       12       10        9        8        7        6        5        5        4        4        4        4        4        3        3        3        3        3        3        3        4        4        4        4        5        5        5        6        7        8        9       10       12       14       17       21       27       34       45       61       83      115      158      211      261      292      295      280      259      241     231
         856     702      578      495      446      422      417      428      450      474      485      462      398      312      230      165      119       86       64       49       38       30       24       20       17       14       12       11        9        8        7        7        6        6        5        5        5        5        5        4        4        4        4        5        5        5        5        5        6        6        6        7        8        9       10       11       13       15       18       22       28       35       45       61       83      118      176      271      428      657      888     961
         728     626      517      430      367      324      296      280      272      270      274      282      289      292      287      268      238      201      164      130      103       82       65       52       43       36       30       25       22       19       17       15       14       12       11       11       10        9        9        9        8        8        8        8        8        8        8        9        9       10       10       11       12       13       14       16       18       21       24       29       35       42       53       68       89      120      167      239      348      498      660     754
         323     338      358      388      431      493      579      691      816      905      882      735      543      380      264      187      136      102       78       61       49       40       34       29       25       21       19       17       15       14       13       12       11       11       10       10       10        9        9        9        9        9       10       10       10       11       11       12       13       14       16       17       19       22       25       29       33       39       47       56       68       83      102      125      151      181      212      241      266      286      300     312
         148     150      157      170      192      229      291      398      588      882     1067      820      466      258      152       97       66       47       35       26       21       17       14       12       10        8        7        7        6        5        5        5        4        4        4        4        4        4        4        4        4        4        4        4        4        4        5        5        5        6        7        7        8       10       11       13       16       19       24       29       37       47       60       76       96      116      135      148      154      154      152     149
         201     175      152      136      125      119      118      121      129      144      166      200      248      304      343      326      256      178      120       81       57       41       31       24       19       15       12       10        9        8        7        6        5        5        4        4        4        4        3        3        3        3        3        3        3        3        3        4        4        4        4        5        5        6        6        7        8       10       12       14       17       21       27       35       47       65       90      125      168      209      230     224
         151     148      144      142      142      145      151      163      182      209      248      302      367      423      430      369      275      192      133       94       68       51       39       31       25       20       17       14       12       11       10        9        8        7        7        6        6        6        5        5        5        5        5        5        5        5        5        6        6        6        7        7        8        9       10       11       13       15       17       21       25       30       37       46       57       71       88      106      124      139      149     152
         150     136      125      116      111      109      110      115      125      140      163      197      242      294      331      318      256      183      126       87       62       45       34       26       21       17       14       12       10        9        8        7        6        6        5        5        5        4        4        4        4        4        4        4        4        4        4        4        5        5        5        6        6        7        8        9       10       12       14       17       21       26       33       43       56       74       97      124      149      167      171     163
         101      89       82       78       78       79       85       94      108      131      167      223      301      374      367      275      178      113       74       51       36       27       21       16       13       11        9        8        7        6        5        5        4        4        4        4        3        3        3        3        3        3        3        3        3        4        4        4        4        5        5        6        7        8        9       10       12       15       19       24       32       43       60       85      121      168      210      224      205      172      141     118
          76      69       65       64       66       70       79       94      119      163      242      371      474      384      221      122       71       45       30       22       16       12       10        8        6        5        4        4        3        3        3        2        2        2        2        2        2        2        2        2        2        2        2        2        2        2        2        2        2        3        3        3        4        4        5        6        8        9       12       15       20       27       37       53       75      104      131      144      137      120      101      86
          69      70       72       76       82       93      109      135      173      230      300      338      296      207      133       85       57       40       29       22       17       13       11        9        7        6        5        5        4        4        3        3        3        3        3        3        2        2        2        2        2        2        2        3        3        3        3        3        4        4        4        5        5        6        7        8       10       12       15       18       22       27       34       41       50       58       65       70       72       72       71      70
          52      46       42       40       39       40       43       48       56       68       90      130      206      349      481      371      196      103       60       38       25       18       14       10        8        7        6        5        4        3        3        3        2        2        2        2        2        2        2        2        2        2        2        2        2        2        2        2        2        3        3        3        4        4        5        6        8       10       12       16       22       30       44       66      101      145      174      165      132      100       77      62
         101      83       70       61       56       53       52       53       57       63       74       92      120      164      219      247      206      136       84       53       35       24       17       13       10        8        6        5        4        4        3        3        3        2        2        2        2        2        2        1        1        1        1        1        1        1        1        2        2        2        2        2        2        3        3        4        4        5        6        7        9       11       15       20       27       39       56       82      113      137      139     123
          66      52       43       37       34       32       31       31       32       34       38       45       54       69       94      131      178      202      170      113       71       46       31       22       16       12        9        8        6        5        4        4        3        3        3        2        2        2        2        2        2        2        2        2        2        2        2        2        2        2        3        3        3        3        4        5        5        7        8       10       13       18       24       35       53       85      140      205      225      180      126      89
         166     127       98       79       66       59       55       53       53       56       61       71       86      110      148      200      240      220      154       96       60       39       27       19       14       11        9        7        6        5        4        3        3        3        2        2        2        2        2        2        2        1        1        1        1        1        1        2        2        2        2        2        2        2        3        3        4        4        5        6        7        9       12       15       21       29       42       64      101      152      199     202
         145     165      178      185      187      187      188      190      195      202      207      208      199      180      151      120       92       69       52       40       31       24       19       15       13       11        9        8        7        6        5        5        4        4        3        3        3        3        3        3        3        2        2        2        2        2        3        3        3        3        3        3        4        4        4        5        5        6        7        8       10       12       14       17       22       27       35       45       58       75       97     121
          63      54       49       45       44       45       48       53       62       78      106      160      273      485      564      327      154       80       47       30       20       15       11        8        7        5        4        4        3        3        2        2        2        2        2        2        1        1        1        1        1        1        1        1        1        1        2        2        2        2        2        2        3        3        4        4        5        6        8       10       13       18       25       35       52       76      108      133      135      117       94      76
