SWAN 1
LOCATIONS
     1
     681726.07 2033118.57
AFREQ
     56
     0.0300
     0.0400
     0.0500
     0.0600
     0.0700
     0.0800
     0.0900
     0.1000
     0.1100
     0.1200
     0.1300
     0.1400
     0.1500
     0.1600
     0.1700
     0.1800
     0.1900
     0.2000
     0.2100
     0.2200
     0.2300
     0.2400
     0.2500
     0.2600
     0.2700
     0.2800
     0.2900
     0.3000
     0.3100
     0.3200
     0.3300
     0.3400
     0.3500
     0.3600
     0.3700
     0.3800
     0.3900
     0.4000
     0.4100
     0.4200
     0.4300
     0.4400
     0.4500
     0.4600
     0.4700
     0.4800
     0.4900
     0.5000
     0.5100
     0.5200
     0.5300
     0.5400
     0.5500
     0.5600
     0.5700
     0.5800
NDIR
     72
     5.0000
     10.0000
     15.0000
     20.0000
     25.0000
     30.0000
     35.0000
     40.0000
     45.0000
     50.0000
     55.0000
     60.0000
     65.0000
     70.0000
     75.0000
     80.0000
     85.0000
     90.0000
     95.0000
     100.0000
     105.0000
     110.0000
     115.0000
     120.0000
     125.0000
     130.0000
     135.0000
     140.0000
     145.0000
     150.0000
     155.0000
     160.0000
     165.0000
     170.0000
     175.0000
     180.0000
     185.0000
     190.0000
     195.0000
     200.0000
     205.0000
     210.0000
     215.0000
     220.0000
     225.0000
     230.0000
     235.0000
     240.0000
     245.0000
     250.0000
     255.0000
     260.0000
     265.0000
     270.0000
     275.0000
     280.0000
     285.0000
     290.0000
     295.0000
     300.0000
     305.0000
     310.0000
     315.0000
     320.0000
     325.0000
     330.0000
     335.0000
     340.0000
     345.0000
     350.0000
     355.0000
     360.0000
QUANT
     1
VaDens
m2/Hz/degr
     -999.000000
FACTOR
     1.00000E-06
           8      11       14       15       12        9        6        4        3        2        2        1        1        1        1        1        1        1        0        0        0        0        0        0        0        1        1        1        1        1        1        1        1        2        2        2        3        3        3        3        3        2        2        2        1        1        1        1        1        1        1        0        0        0        0        0        0        0        0        0        0        1        1        1        1        1        1        2        2        3        4       6
         133     123      108       92       77       65       55       47       41       36       32       29       27       25       23       22       21       20       20       19       19       19       19       19       19       19       19       19       19       19       19       19       19       18       18       18       17       17       16       15       15       14       14       14       13       13       13       13       13       13       13       13       14       14       15       16       17       18       20       22       25       28       32       37       44       52       63       76       92      110      125     134
        1102     606      359      235      166      125       99       81       69       60       54       49       46       43       42       41       41       41       42       44       47       50       54       60       67       76       88      101      115      130      142      148      145      135      120      103       88       74       63       54       47       42       37       33       31       28       27       25       25       24       24       24       24       25       25       27       29       31       34       38       44       51       61       75       96      128      180      273      452      824     1465    1693
        2561    1202      694      453      321      241      189      154      128      110       96       85       77       71       66       62       59       56       55       54       53       53       53       53       54       55       57       59       61       63       66       68       71       73       76       78       79       80       81       81       81       80       80       79       78       77       76       75       75       75       76       78       80       83       87       92       99      107      119      134      154      182      220      277      364      509      772     1333     2857     8910    19967    7848
       21770   11186     6674     4382     3074     2266     1735     1371     1110      919      775      665      579      510      456      411      375      346      322      302      285      272      262      253      247      243      240      239      240      242      246      252      259      268      279      292      308      327      348      373      402      435      473      516      566      622      686      758      838      928     1028     1139     1263     1400     1554     1728     1928     2162     2444     2794     3240     3833     4654     5853     7717    10879    16936    30923    74306   216742   181033   54657
       62761   41679    28328    19668    13936    10072     7423     5577     4268     3324     2633     2120     1732     1435     1206     1026      883      769      677      602      540      490      448      413      384      360      341      325      312      301      294      288      285      284      285      288      293      300      310      323      339      358      382      410      444      486      536      597      673      765      881     1026     1210     1448     1759     2172     2730     3502     4592     6174     8539    12202    18108    28077    45765    78478   138103   224331   272794   226597   151616   96848
       34772   28943    23734    18641    13919     9997     7047     4965     3539     2568     1904     1441     1114      879      706      576      478      403      344      298      261      231      207      187      171      158      147      138      130      124      120      116      113      112      111      111      112      113      116      120      125      131      138      148      159      173      189      210      235      267      306      356      420      503      613      761      967     1259     1689     2345     3398     5196     8524    15412    32160    83271   250824   339197   169004    87929    57208   42911
       33404   14924     7789     4550     2882     1941     1371     1006      763      594      473      385      319      269      230      199      175      155      140      127      116      107      100       95       90       86       83       81       80       79       78       79       80       81       84       87       91       96      102      109      118      129      142      158      178      202      233      271      321      385      468      580      730      937     1227     1640     2234     3092     4321     6024     8231    10811    13491    16080    18743    22117    27469    37503    59175   108170   150367   85395
       58234   34120    17085     8901     5032     3067     1989     1357      965      710      539      419      333      271      224      188      160      138      121      107       96       87       79       73       68       64       60       58       56       54       53       52       52       52       52       53       54       56       58       61       65       69       74       81       89       98      110      124      142      165      193      230      278      341      426      543      707      942     1285     1800     2585     3790     5623     8285    11810    15895    20103    24474    29932    38270    51433   64919
       11255    8207     5802     4008     2747     1894     1326      948      693      519      396      309      246      199      164      137      116       99       86       76       67       60       55       50       46       43       41       39       37       35       34       34       33       33       33       33       34       35       36       37       39       42       44       48       52       57       63       71       80       92      106      125      149      181      224      282      364      481      655      925     1362     2114     3508     6341    12766    28386    56816    65036    45092    29283    20493   15114
        4685    5359     6323     7095     6668     4941     3136     1917     1201      786      538      383      282      215      167      134      109       90       76       65       57       50       44       40       36       33       31       29       28       26       25       25       24       24       24       24       24       24       25       26       27       29       31       33       36       39       43       48       55       63       73       87      104      128      160      204      269      366      518      768     1210     2057     3816     7542    13221    14787    11004     7626     5743     4790     4385    4364
        1083    1097     1191     1392     1764     2438     3564     4688     4168     2504     1352      768      471      309      214      155      117       90       72       59       49       41       35       31       27       24       22       20       19       17       16       16       15       14       14       14       14       14       14       14       15       15       16       17       18       20       22       24       27       30       35       40       48       57       70       89      114      153      213      311      488      843     1697     4477    18636    32285    10121     4077     2348     1646     1311    1146
        8354    3975     2069     1197      753      506      357      262      199      156      125      102       85       72       62       54       47       42       38       35       32       30       28       27       25       25       24       23       23       23       23       23       24       25       26       27       28       30       32       35       38       42       47       53       60       70       82       97      116      142      176      222      284      369      487      646      854     1112     1400     1678     1908     2075     2203     2334     2524     2837     3378     4349     6194     9837    15318   15168
        3289    3641     3959     4112     3960     3481     2820     2165     1622     1213      916      702      549      437      354      291      244      207      178      156      137      123      111      101       93       86       81       77       73       70       68       67       66       65       65       66       67       68       70       73       77       81       86       93      100      110      121      135      151      172      197      228      267      315      375      450      544      660      800      963     1147     1342     1535     1713     1868     1999     2116     2230     2357     2514     2716    2973
        1899    2220     2627     3027     3183     2879     2238     1585     1090      756      538      394      296      229      181      147      121      101       86       75       65       58       52       47       43       40       38       35       34       32       31       31       30       30       30       30       31       32       33       34       36       38       41       44       48       53       60       67       76       88      103      122      146      177      219      273      346      441      564      716      890     1066     1216     1316     1363     1371     1363     1359     1376     1425     1518    1670
        1284    1076      956      892      868      876      909      960     1015     1049     1028      934      784      618      470      353      267      204      159      126      101       83       69       59       50       44       39       35       31       28       26       24       23       22       21       20       19       19       19       19       19       19       20       20       21       22       24       26       28       30       34       38       43       49       58       68       83      102      130      169      228      321      475      750     1290     2432     4694     6802     5657     3563     2309    1648
        1162     900      734      626      554      505      470      444      423      402      379      351      318      281      243      207      173      144      120      100       84       71       60       52       45       39       35       31       28       26       24       22       20       19       18       18       17       17       16       16       16       16       16       17       17       18       19       20       22       23       25       28       31       35       41       47       56       67       81      102      130      172      234      333      497      783     1290     2100     2893     2883     2217    1583
         852     737      645      570      507      453      405      362      322      285      251      220      192      167      145      126      110       96       84       74       66       59       53       48       44       40       37       34       32       31       29       28       27       26       26       25       25       25       25       26       26       27       28       29       31       33       35       38       41       46       51       57       65       75       87      103      124      151      188      238      306      402      536      721      960     1230     1462     1565     1511     1354     1167     995
        2149    2878     3397     3085     2176     1375      868      569      391      279      207      158      124      100       82       68       58       50       44       39       35       31       28       26       24       23       22       21       20       19       19       19       19       19       19       19       20       20       21       22       23       25       26       29       31       34       38       42       48       54       62       71       82       96      112      132      155      182      213      247      285      326      369      416      466      524      594      682      801      969     1215    1589
         561     785     1176     1775     2187     1765     1060      610      372      243      168      122       92       72       58       48       40       34       30       26       23       21       19       18       17       16       15       15       14       14       14       14       14       14       15       16       16       17       18       20       22       24       27       30       35       41       48       57       69       85      105      132      166      208      254      297      328      339      332      313      290      268      250      238      230      228      233      244      265      298      349     429
        2770    2774     2436     1976     1554     1219      966      776      633      522      435      366      310      265      227      196      170      148      130      115      102       91       81       73       66       60       55       51       47       44       42       39       38       36       35       34       33       32       32       31       31       32       32       33       33       35       36       38       40       42       45       49       53       58       64       71       80       91      105      123      145      173      210      259      325      416      545      728      991     1363     1854    2393
        1746    2082     2530     3044     3388     3187     2459     1665     1081      709      480      337      244      183      140      110       89       72       60       51       44       38       33       30       27       24       22       21       19       18       17       17       16       16       15       15       15       15       15       16       16       17       18       18       20       21       23       25       27       30       34       38       44       51       60       71       85      103      126      156      196      247      313      396      497      614      743      877     1014     1156     1312    1500
        1852    1665     1569     1546     1578     1633     1651     1555     1315     1001      712      493      343      243      177      132      101       79       63       51       42       35       30       26       23       20       18       16       15       14       13       12       11       11       10       10       10       10       10       10       10       10       11       11       11       12       13       14       15       17       18       21       23       27       31       37       44       54       67       85      111      148      205      292      432      664     1042     1601     2214     2538     2431    2130
        1511    1546     1553     1519     1431     1283     1091      883      691      529      403      308      237      185      147      118       96       80       67       57       49       42       37       33       30       27       25       23       21       20       19       18       17       17       16       16       16       16       16       16       17       17       18       19       20       21       22       24       27       29       32       36       41       47       55       64       76       92      112      138      172      218      279      359      464      595      750      922     1092     1243     1364    1452
         633     753      914     1134     1422     1736     1914     1757     1339      914      607      409      284      203      150      114       89       71       58       48       40       34       30       26       23       20       18       17       16       14       14       13       12       12       11       11       11       11       11       11       11       11       12       12       13       13       14       15       17       18       20       22       24       28       31       36       42       49       57       68       81       97      118      142      171      206      246      292      343      400      464     540
         394     348      322      312      317      337      378      447      555      714      899      982      837      576      365      233      154      107       77       57       44       35       28       23       19       17       14       13       11       10        9        8        8        7        7        7        6        6        6        6        6        6        6        7        7        7        8        8        9       10       10       12       13       15       18       21       25       30       38       48       63       84      117      169      252      381      558      725      773      692      569     466
         872     901      901      883      853      814      759      686      595      495      397      310      239      183      141      110       87       69       56       46       38       32       27       24       21       18       16       15       13       12       11       11       10        9        9        9        8        8        8        8        8        8        8        9        9        9       10       10       11       12       13       14       16       18       20       23       27       31       37       45       55       68       86      110      143      188      250      334      441      567      695     802
        1377    1941     2077     1670     1179      827      602      457      360      292      242      204      175      151      131      115      100       88       77       68       60       53       47       42       37       34       30       27       25       23       21       19       18       17       16       15       14       14       13       13       13       12       12       12       12       12       13       13       14       14       15       16       17       18       20       21       24       27       30       34       40       47       56       67       83      105      137      182      253      365      552     871
         365     448      545      651      749      810      800      713      581      446      332      246      183      139      106       83       66       53       44       36       30       26       22       19       17       15       14       12       11       10       10        9        8        8        8        7        7        7        7        7        7        7        7        7        8        8        8        9        9       10       11       12       13       14       15       17       20       22       26       30       35       41       49       58       70       85      104      128      157      194      240     296
         310     312      310      310      316      328      346      367      383      382      351      293      227      168      122       89       65       49       38       30       24       19       16       13       11       10        8        7        7        6        5        5        5        4        4        4        4        4        4        4        4        4        4        4        4        4        4        4        5        5        5        6        7        8        9       10       11       13       16       19       24       29       37       48       62       82      109      144      187      232      271     298
         295     237      190      158      137      124      117      114      116      120      128      137      144      146      139      121       98       75       57       43       32       25       20       16       13       10        9        7        6        6        5        4        4        4        3        3        3        3        3        2        2        2        2        2        2        2        3        3        3        3        3        4        4        4        5        6        6        7        9       11       13       16       21       27       37       52       76      113      173      255      327     340
         190     171      152      136      122      110      100       91       83       75       68       61       55       48       42       37       32       28       24       21       18       16       14       12       11       10        9        8        7        7        6        6        5        5        5        5        5        5        4        4        4        4        5        5        5        5        5        6        6        6        7        8        8        9       11       12       14       16       19       23       28       35       44       56       72       93      120      151      181      203      212     206
         520     318      199      136      102       82       70       62       57       55       54       54       55       56       57       56       55       50       45       38       31       25       20       16       13       11        9        8        6        5        5        4        4        3        3        3        2        2        2        2        2        2        2        2        2        2        2        2        2        2        2        2        3        3        3        4        4        5        6        7        8       10       13       16       22       30       44       69      117      218      420     622
         210     194      176      160      149      142      139      138      139      140      141      138      129      116       98       80       63       49       39       30       24       19       16       13       11        9        8        7        6        5        5        4        4        4        3        3        3        3        3        3        3        3        3        3        3        3        3        3        3        4        4        4        5        5        6        7        8        9       11       13       16       20       26       33       44       59       79      108      144      181      209     218
         262     277      276      265      251      238      228      221      216      211      203      191      172      149      124      100       79       62       49       38       31       25       20       17       14       12       10        9        8        7        6        6        5        5        4        4        4        4        4        3        3        3        3        3        3        3        4        4        4        4        4        5        5        6        6        7        8        9       11       13       15       19       23       29       36       47       61       81      109      144      187     229
         148     138      128      120      113      110      110      112      118      128      142      161      181      198      202      186      154      118       88       64       48       36       28       22       18       14       12       10        9        8        7        6        5        5        4        4        4        4        4        3        3        3        3        3        3        3        3        4        4        4        4        5        5        6        6        7        8        9       11       13       16       20       24       31       40       52       68       88      111      133      148     152
         178     149      122      103       91       84       82       84       91      104      128      168      233      321      359      277      167       96       58       37       25       18       13       10        8        6        5        4        4        3        3        2        2        2        2        1        1        1        1        1        1        1        1        1        1        1        1        1        1        1        2        2        2        2        2        3        3        4        4        5        7        8       11       14       19       26       38       56       86      128      172     193
          86      93       99      106      114      124      137      156      181      211      242      260      247      204      151      107       75       53       39       29       22       17       14       11        9        8        7        6        5        4        4        4        3        3        3        3        2        2        2        2        2        2        2        2        2        2        2        2        3        3        3        3        4        4        4        5        6        6        7        9       10       12       15       18       22       27       34       41       50       59       69      78
          75      71       67       66       66       70       77       91      113      153      221      313      344      248      141       79       47       30       20       15       11        8        6        5        4        3        3        2        2        2        2        1        1        1        1        1        1        1        1        1        1        1        1        1        1        1        1        1        1        1        1        1        2        2        2        3        3        4        5        6        7        9       11       15       20       27       37       49       62       73       79      79
          66      55       47       41       39       38       39       43       50       63       87      137      254      442      371      166       75       39       23       15       10        7        5        4        3        3        2        2        1        1        1        1        1        1        1        0        0        0        0        0        0        0        0        0        0        0        0        0        1        1        1        1        1        1        1        1        2        2        3        3        4        5        7       10       13       19       29       43       63       81       87      79
          38      34       31       30       30       31       34       38       47       61       88      144      257      364      256      122       61       34       21       14       10        7        5        4        3        3        2        2        2        1        1        1        1        1        1        1        1        1        1        1        1        1        1        1        1        1        1        1        1        1        1        1        1        2        2        2        3        3        4        5        7        9       13       17       24       34       45       56       60       57       50      43
          17      15       14       14       13       13       14       15       17       20       24       32       44       65       96      118       98       61       35       22       14       10        7        5        4        3        2        2        2        1        1        1        1        1        1        1        1        0        0        0        0        0        0        0        0        0        1        1        1        1        1        1        1        1        2        2        2        3        3        4        6        7       10       13       17       22       26       28       27       25       22      19
          85      70       55       44       37       33       31       30       31       33       37       44       56       75      103      126      118       81       49       30       19       13        9        6        5        4        3        2        2        2        1        1        1        1        1        1        0        0        0        0        0        0        0        0        0        0        0        0        0        0        0        1        1        1        1        1        1        1        2        2        3        3        4        6        7       10       15       22       34       53       76      90
          86      75       63       54       48       44       42       42       43       47       54       65       83      111      152      185      170      117       71       44       28       19       13       10        7        6        5        4        3        3        2        2        2        1        1        1        1        1        1        1        1        1        1        1        1        1        1        1        1        1        1        1        1        1        2        2        2        2        3        4        4        5        7        9       12       16       23       33       47       66       84      91
          40      71      134      227      248      176      113       77       57       46       39       35       33       33       33       35       38       42       46       50       50       45       37       29       21       16       12        9        7        5        4        3        3        2        2        2        1        1        1        1        1        1        1        1        1        1        1        1        1        1        1        1        1        1        1        1        1        1        1        1        1        2        2        2        3        4        5        6        8       11       16      25
          54      68       81       89       90       86       79       73       68       64       61       59       57       55       53       49       44       38       32       26       21       16       13       11        9        7        6        5        4        3        3        3        2        2        2        2        1        1        1        1        1        1        1        1        1        1        1        1        1        1        1        1        1        1        1        2        2        2        2        3        3        4        4        5        6        8       10       13       17       23       30      41
          48      52       54       55       55       55       56       58       61       66       72       76       77       71       59       45       33       24       17       13       10        7        6        4        4        3        2        2        2        1        1        1        1        1        1        1        1        1        0        0        0        0        0        0        0        0        0        1        1        1        1        1        1        1        1        1        1        2        2        2        3        4        4        6        7        9       12       15       20       26       33      41
          18      22       26       30       33       36       38       39       40       40       41       42       43       45       45       46       44       41       36       31       25       20       16       12       10        8        6        5        4        4        3        3        2        2        2        1        1        1        1        1        1        1        1        1        1        1        1        1        1        1        1        1        1        1        1        1        1        1        1        2        2        2        3        3        4        4        5        6        8       10       12      15
          26      29       31       32       32       31       30       29       28       27       26       26       25       26       26       26       26       26       25       23       21       18       16       13       11        9        8        7        5        5        4        3        3        3        2        2        2        2        2        1        1        1        1        1        1        1        1        1        1        1        1        1        1        1        1        2        2        2        2        3        3        3        4        5        6        7        8       10       12       15       19      22
          44      50       53       54       53       51       50       50       51       54       58       63       68       70       67       58       45       34       24       18       13       10        7        6        4        4        3        2        2        2        1        1        1        1        1        1        1        1        0        0        0        0        0        0        0        0        0        0        0        0        1        1        1        1        1        1        1        1        2        2        2        3        3        4        5        7        9       12       16       21       28      36
          19      19       18       16       15       14       14       13       14       14       16       18       22       28       40       61      101      138      110       60       31       18       11        7        5        4        3        2        2        1        1        1        1        1        0        0        0        0        0        0        0        0        0        0        0        0        0        0        0        0        0        0        0        0        0        0        1        1        1        1        1        2        2        2        3        4        5        7        9       12       15      18
          11      11       11       11       11       12       13       14       16       19       23       29       39       53       70       78       65       45       29       19       13        9        6        5        4        3        2        2        2        1        1        1        1        1        1        1        1        0        0        0        0        0        0        0        0        0        0        0        1        1        1        1        1        1        1        1        2        2        2        3        3        4        5        6        7        8        9       10       11       12       12      12
          17      17       15       15       14       13       13       13       14       15       17       19       23       30       41       59       86      104       88       56       33       20       13        9        6        5        4        3        2        2        1        1        1        1        1        1        1        0        0        0        0        0        0        0        0        0        0        0        0        0        0        1        1        1        1        1        1        1        2        2        2        3        3        4        5        7        9       11       13       16       17      18
           7       7        6        6        6        5        6        6        6        7        9       11       14       20       31       57      102      111       61       29       15        9        6        4        3        2        2        1        1        1        1        0        0        0        0        0        0        0        0        0        0        0        0        0        0        0        0        0        0        0        0        0        0        0        0        1        1        1        1        2        2        3        4        5        6        7        9       10       10       10        9       8
          14      12       11       10        9        9        9       10       10       12       14       19       26       43       81      151      142       65       29       15        9        6        4        3        2        1        1        1        1        0        0        0        0        0        0        0        0        0        0        0        0        0        0        0        0        0        0        0        0        0        0        0        0        0        0        0        0        1        1        1        1        2        2        3        4        5        7        9       12       14       15      15
           6       5        5        5        5        5        6        6        7        8       10       14       19       29       47       74       82       54       29       16       10        6        4        3        2        2        1        1        1        1        1        0        0        0        0        0        0        0        0        0        0        0        0        0        0        0        0        0        0        0        0        0        0        0        1        1        1        1        1        2        2        3        3        4        5        5        6        6        6        6        6       6
