SWAN 1
LOCATIONS
     1
     -67.28  18.38
AFREQ
     56
     0.0300
     0.0400
     0.0500
     0.0600
     0.0700
     0.0800
     0.0900
     0.1000
     0.1100
     0.1200
     0.1300
     0.1400
     0.1500
     0.1600
     0.1700
     0.1800
     0.1900
     0.2000
     0.2100
     0.2200
     0.2300
     0.2400
     0.2500
     0.2600
     0.2700
     0.2800
     0.2900
     0.3000
     0.3100
     0.3200
     0.3300
     0.3400
     0.3500
     0.3600
     0.3700
     0.3800
     0.3900
     0.4000
     0.4100
     0.4200
     0.4300
     0.4400
     0.4500
     0.4600
     0.4700
     0.4800
     0.4900
     0.5000
     0.5100
     0.5200
     0.5300
     0.5400
     0.5500
     0.5600
     0.5700
     0.5800
NDIR
     72
     5.0000
     10.0000
     15.0000
     20.0000
     25.0000
     30.0000
     35.0000
     40.0000
     45.0000
     50.0000
     55.0000
     60.0000
     65.0000
     70.0000
     75.0000
     80.0000
     85.0000
     90.0000
     95.0000
     100.0000
     105.0000
     110.0000
     115.0000
     120.0000
     125.0000
     130.0000
     135.0000
     140.0000
     145.0000
     150.0000
     155.0000
     160.0000
     165.0000
     170.0000
     175.0000
     180.0000
     185.0000
     190.0000
     195.0000
     200.0000
     205.0000
     210.0000
     215.0000
     220.0000
     225.0000
     230.0000
     235.0000
     240.0000
     245.0000
     250.0000
     255.0000
     260.0000
     265.0000
     270.0000
     275.0000
     280.0000
     285.0000
     290.0000
     295.0000
     300.0000
     305.0000
     310.0000
     315.0000
     320.0000
     325.0000
     330.0000
     335.0000
     340.0000
     345.0000
     350.0000
     355.0000
     360.0000
QUANT
     1
VaDens
m2/Hz/degr
     -999.000000
FACTOR
     1.00000E-06
         202     224      238      240      228      206      179      152      128      108       92       79       68       60       53       47       43       39       36       34       32       31       29       28       28       27       27       27       27       27       27       28       28       29       30       31       32       33       34       35       36       37       38       39       40       40       41       41       42       42       42       42       43       43       44       45       46       47       49       51       53       57       61       66       72       79       89      100      115      132      153     177
         369     364      357      350      341      332      322      311      300      288      277      265      253      241      229      218      208      197      188      179      170      163      155      149      143      138      133      129      126      123      120      118      116      115      115      114      115      115      117      118      121      123      127      131      135      140      146      153      160      168      178      187      198      210      222      236      249      263      278      292      306      320      332      343      353      361      368      372      375      376      375     373
        4708    2909     1962     1414     1071      843      685      572      487      423      374      335      305      280      260      244      231      220      212      205      200      197      194      193      192      192      193      195      197      200      203      206      210      214      218      222      226      229      233      237      241      244      248      253      257      263      269      277      285      296      309      324      343      366      395      430      475      531      605      701      831     1011     1272     1666     2300     3403     5526    10065    19178    25276    16701    8528
       29780   16033     9889     6657     4765     3571     2776     2222     1823     1527     1303     1131      995      888      802      733      677      631      594      565      541      524      510      501      497      496      498      505      515      530      549      573      602      637      679      729      787      856      937     1032     1142     1270     1417     1585     1775     1987     2219     2468     2729     2998     3267     3535     3798     4060     4329     4616     4940     5326     5806     6427     7261     8420    10099    12660    16848    24422    40451    85196   312931  1252900   298049   70731
      115478   55626    31750    20106    13667     9787     7296     5619     4445     3597     2969     2494     2128     1842     1615     1433     1285     1165     1067      986      919      865      820      784      755      733      717      706      700      700      705      714      729      750      776      809      850      899      958     1029     1113     1213     1332     1474     1644     1847     2091     2385     2739     3166     3682     4305     5055     5955     7028     8301     9804    11573    13660    16148    19180    22998    28039    35105    45783    63554    97380   176779   451100  2088560  1787300  333166
      263647  103797    42674    21069    11884     7355     4869     3395     2466     1852     1431     1133      916      755      632      538      464      405      358      320      290      264      244      226      212      201      192      184      179      175      172      170      170      171      174      178      183      190      199      209      223      239      258      281      310      344      386      438      501      581      682      809      973     1186     1466     1836     2330     2993     3885     5077     6652     8685    11235    14346    18100    22743    28912    38096    53851    85783   162638  310760
       55192   24538    13134     7911     5166     3579     2595     1951     1512     1201      976      808      681      582      505      444      395      355      323      297      275      257      243      231      222      215      209      206      204      203      204      207      211      217      225      236      248      264      282      305      332      365      405      453      513      586      676      789      932     1112     1341     1634     2010     2490     3100     3863     4795     5897     7155     8541    10038    11674    13561    15935    19245    24371    33271    51140    95402   232563   381272  162930
      235920   57472    24313    12947     7852     5184     3637     2673     2037     1601     1290     1062      892      762      661      581      518      467      426      392      365      343      326      312      301      293      288      286      285      287      292      299      308      321      337      358      383      413      451      497      553      624      711      822      963     1144     1382     1697     2121     2699     3499     4610     6144     8201    10775    13597    16071    17573    17940    17539    16899    16422    16358    16899    18287    20969    25906    35474    56937   123034   624021 2642140
       72520  128209   274804   346481   146956    54491    25205    13733     8350     5485     3817     2778     2096     1630     1300     1060      882      746      641      559      493      441      399      365      337      314      296      281      269      260      253      249      247      247      248      252      258      267      278      291      309      330      357      389      429      478      538      614      711      835      995     1208     1496     1893     2455     3277     4518     6465     9639    14974    23913    37419    51941    58140    53581    45488    38971    35131    33854    35174    39829   50101
       53806   67575    95942   151159   202610   145366    67408    31583    16660     9747     6172     4154     2933     2153     1632     1272     1015      827      686      579      496      431      379      337      304      276      254      236      221      209      199      191      185      181      178      177      177      178      181      185      191      199      209      221      236      255      277      304      338      379      430      494      575      679      814      991     1231     1558     2017     2674     3639     5091     7319    10756    15927    23070    31270    38171    41964    43338    44414   47220
       18405   26461    42735    77649   123778    99396    47439    22821    12478     7591     4997     3490     2552     1937     1515     1215      997      833      709      612      536      476      427      388      356      330      309      291      277      266      258      252      248      246      246      248      251      257      265      275      288      304      324      347      376      410      451      501      561      634      723      831      964     1128     1328     1571     1866     2216     2625     3088     3594     4125     4661     5188     5705     6230     6800     7474     8340     9531    11269   13956
       28189   68355   184949   145033    47222    19794    10507     6431     4318     3094     2326     1816     1461     1206     1016      872      761      674      605      549      504      468      438      414      395      379      368      359      353      349      348      349      353      359      366      377      389      404      422      443      466      492      522      555      591      630      672      717      765      816      869      923      980     1039     1100     1165     1234     1311     1396     1494     1609     1748     1920     2135     2414     2782     3286     3999     5058     6731     9605   15179
       29909   75963   161621    86503    29352    13170     7233     4504     3049     2192     1650     1287     1034      851      715      612      533      471      421      382      350      324      303      286      273      262      255      249      245      244      244      246      250      256      264      274      287      302      320      342      367      397      432      472      518      572      632      701      777      861      950     1045     1143     1241     1338     1432     1523     1613     1703     1798     1904     2028     2180     2374     2627     2968     3442     4124     5154     6811     9725   15569
        7598   10393    15840    26839    41373    35767    18214     8826     4773     2863     1859     1282      927      696      539      429      349      290      245      210      183      162      144      131      119      110      103       96       92       88       85       82       81       80       80       80       82       83       86       89       93       99      105      113      123      134      149      166      188      214      248      289      342      410      498      612      760      952     1198     1505     1871     2278     2690     3062     3361     3586     3766     3947     4185     4545     5115    6039
        8343   11025    16220    27713    52212    62446    31746    13164     6325     3495     2135     1403      975      707      531      411      326      265      219      184      157      136      119      106       95       86       79       73       68       65       61       59       57       55       54       54       54       54       55       56       57       60       62       66       70       75       81       88       97      108      121      138      158      184      216      257      311      380      471      591      750      962     1241     1601     2047     2572     3152     3756     4367     5010     5764    6782
        8376   10392    13329    16587    17440    13856     8896     5358     3297     2127     1439     1016      744      562      437      347      282      233      196      168      145      127      113      102       92       85       78       73       69       66       63       61       59       58       58       58       58       59       60       62       64       67       71       75       81       87       96      106      118      133      151      174      203      240      287      349      430      537      681      875     1136     1482     1928     2472     3085     3708     4276     4761     5191     5644     6225    7073
        4634    7338    13294    24917    28011    15005     6924     3625     2144     1387      959      697      527      411      330      271      226      193      167      146      130      117      106       98       91       85       80       77       74       72       70       69       68       68       69       70       72       74       77       80       84       90       96      103      112      123      135      150      167      187      212      240      273      312      356      406      462      522      587      654      723      794      867      946     1033     1136     1264     1430     1657     1981     2469    3255
        2878    4698     9075    19482    23318    11089     4707     2387     1395      898      620      451      341      267      214      176      147      126      109       96       85       77       70       64       60       56       53       51       49       47       46       46       45       45       46       46       47       49       51       53       56       59       63       68       73       80       88       97      107      119      134      150      169      191      215      242      271      303      337      372      408      447      488      534      587      650      729      832      974     1177     1484    1985
        4844    5171     5366     5487     5529     5410     5012     4298     3397     2520     1806     1283      918      668      496      376      291      230      184      151      125      106       90       78       68       60       54       49       45       41       38       36       34       32       31       30       29       29       29       29       29       29       30       31       32       34       35       38       40       44       48       53       59       66       76       87      102      120      144      175      217      272      349      455      606      820     1125     1555     2133     2850     3625    4325
        4724    6783     9341    10688     8935     5840     3527     2165     1389      933      653      473      353      270      212      169      138      114       96       82       71       62       54       48       44       40       36       34       31       30       28       27       26       25       25       24       24       24       24       24       25       26       27       28       29       31       33       35       38       42       46       51       58       65       74       86      100      118      140      168      204      251      311      389      492      627      806     1045     1367     1808     2432    3345
        1168    1310     1553     1971     2716     4050     5948     6423     4274     2275     1239      732      466      316      224      166      127      100       80       66       55       47       41       35       31       28       26       23       22       20       19       18       18       17       17       16       16       16       16       17       17       18       19       20       21       22       24       26       29       32       37       42       48       56       67       80       97      120      151      193      248      322      418      536      668      795      898      965     1000     1020     1043    1086
        1281    1543     1944     2597     3702     5455     7087     6303     3895     2166     1254      777      513      357      259      194      150      119       97       80       67       57       50       44       39       35       32       29       27       25       24       22       21       21       20       20       20       20       20       20       20       21       22       23       24       25       27       29       32       35       39       43       49       56       64       75       88      104      125      150      182      222      271      330      399      477      561      651      745      846      959    1097
        1225    1430     1748     2256     3070     4214     5067     4448     2909     1716     1033      657      441      310      227      172      134      107       87       72       61       52       45       40       36       32       29       27       25       24       22       21       21       20       20       19       19       19       19       20       20       21       22       23       25       26       29       31       34       38       43       48       55       64       75       89      107      130      159      196      243      301      372      454      543      633      717      791      857      921      994    1089
        1291    1597     2040     2682     3511     4201     4065     3080     2024     1291      843      573      405      297      224      174      138      112       93       78       66       57       50       45       40       36       33       30       28       27       25       24       23       23       22       22       22       22       22       22       23       23       24       25       27       28       30       33       36       39       43       48       54       61       70       80       93      109      129      153      182      216      258      307      364      429      502      583      675      781      910    1073
        2392    2821     2875     2605     2217     1850     1546     1300     1099      930      784      656      545      449      368      300      245      201      165      137      114       96       81       70       60       53       46       41       37       34       31       28       26       25       23       22       21       20       20       19       19       19       19       19       19       20       21       21       22       24       25       27       29       32       36       40       45       51       59       69       81       98      120      149      189      245      324      441      616      878     1266    1797
        1468    2094     2952     3876     4356     3995     3121     2260     1610     1160      853      640      490      382      303      243      198      163      136      115       98       85       73       64       57       51       46       42       38       35       33       30       29       27       26       25       24       23       23       23       23       23       23       23       23       24       25       26       27       29       30       33       35       38       42       46       51       58       66       75       87      101      119      143      173      212      264      334      430      565      759    1044
        2401    2288     1977     1671     1437     1275     1165     1090     1032      973      898      800      681      556      439      340      262      202      157      124       99       80       66       55       46       40       34       30       27       24       22       20       18       17       16       15       14       14       13       13       13       13       13       13       13       14       14       15       16       17       18       19       21       23       26       29       33       38       45       54       65       80      101      129      171      232      324      470      702     1066     1581    2123
         676     789      913     1054     1219     1415     1639     1853     1969     1880     1579     1195      853      600      425      307      227      172      133      105       85       69       58       49       42       36       32       28       25       23       21       19       18       17       16       15       15       14       14       14       14       14       14       14       14       15       15       16       17       18       20       21       23       25       28       32       36       41       47       55       64       77       92      112      136      168      208      258      319      392      477     572
        1014    1996     3447     3684     2592     1711     1227      968      829      758      733      740      767      799      804      753      638      494      361      258      185      135      100       76       59       47       38       31       26       22       19       17       15       13       12       11       10        9        9        8        8        8        7        7        7        7        7        7        7        8        8        8        9       10       10       11       13       14       16       18       21       25       30       36       45       57       75      101      142      209      327     550
         752    1215     1832     2294     2279     1962     1638     1408     1267     1191     1156     1135     1092      997      840      655      482      346      248      179      132      100       77       60       48       39       32       27       23       20       17       15       14       12       11       10       10        9        9        8        8        8        8        7        7        7        7        8        8        8        9        9       10       10       11       12       14       15       17       20       23       27       32       39       49       62       80      106      145      206      304     469
        1399    1788     1822     1590     1332     1147     1043     1008     1038     1140     1329     1616     1932     2014     1646     1095      674      419      271      183      129       95       72       56       44       36       30       25       21       18       16       14       13       12       11       10        9        9        8        8        8        8        7        7        7        8        8        8        8        9        9       10       11       11       13       14       16       18       21       24       28       34       42       52       67       88      119      167      243      368      580     926
         721    1038     1324     1414     1293     1099      928      803      720      671      646      638      639      640      627      588      520      432      341      262      199      152      117       91       72       58       47       39       33       28       24       21       19       17       15       14       13       12       11       11       10       10       10        9        9        9        9       10       10       10       10       11       12       12       13       15       16       18       20       23       27       31       37       45       55       69       89      117      159      223      323     481
         563     737      870      915      879      810      744      698      674      675      697      740      794      838      836      759      620      467      338      241      174      128       97       74       58       47       38       32       27       23       20       17       16       14       13       12       11       10        9        9        9        8        8        8        8        8        8        8        8        9        9       10       10       11       12       13       15       16       18       21       24       29       34       42       51       65       83      109      147      203      286     405
         382     455      525      583      625      652      668      678      688      701      717      736      751      753      733      683      605      510      415      329      259      203      161      128      104       85       71       60       51       44       38       34       30       27       25       23       21       20       19       18       17       16       16       16       15       15       16       16       16       17       17       18       19       20       22       23       25       28       31       35       40       46       53       62       74       89      107      132      163      203      253     313
         661     525      396      305      247      211      189      177      173      177      189      211      248      307      403      548      720      781      627      407      251      159      106       74       54       41       32       25       21       17       15       13       11       10        9        8        7        7        6        6        6        6        5        5        5        5        5        6        6        6        6        7        7        8        9       10       11       12       14       17       20       25       31       39       52       71      100      148      228      360      544     687
         297     415      539      615      609      544      468      402      355      323      304      296      297      307      325      348      370      382      372      335      279      219      167      126       95       73       57       45       37       30       25       21       18       16       14       13       11       10       10        9        8        8        8        7        7        7        7        7        7        7        7        8        8        8        9       10       10       11       13       14       16       18       22       26       31       38       47       60       79      107      147     208
         166     199      237      280      328      380      437      498      562      623      673      696      677      612      517      414      321      246      188      145      113       89       71       58       48       40       34       29       25       22       20       18       16       15       13       12       12       11       10       10       10        9        9        9        9        9        9        9        9       10       10       11       11       12       13       14       15       17       18       20       23       26       30       34       40       47       55       66       79       95      114     138
         430     520      561      548      505      457      418      392      378      375      383      397      414      424      414      378      318      252      191      143      107       81       62       49       39       31       26       22       18       16       14       12       11       10        9        8        8        7        7        6        6        6        6        6        6        6        6        6        6        6        7        7        8        8        9       10       11       12       14       16       19       22       27       33       41       52       67       89      121      168      235     325
         154     246      420      738     1163     1304     1036      731      534      418      350      313      295      293      304      330      371      425      478      500      458      365      263      183      127       90       66       49       38       30       24       20       17       14       12       10        9        8        7        7        6        6        6        5        5        5        5        5        5        5        5        5        5        5        6        6        6        7        7        8        9       10       12       14       17       20       25       31       40       52       72     103
         196     222      243      256      261      261      258      254      251      251      255      262      272      287      303      319      329      328      311      279      238      195      157      125       99       80       65       53       44       37       32       27       24       21       19       17       16       14       13       13       12       11       11       11       11       10       10       10       11       11       11       12       12       13       14       15       16       17       19       22       24       28       32       37       44       53       63       77       94      114      139     167
         207     305      416      479      454      380      307      251      213      188      174      167      166      172      185      206      236      275      318      345      334      281      212      152      108       77       57       43       33       26       21       18       15       13       11       10        8        8        7        6        6        5        5        5        5        5        5        5        5        5        5        5        5        5        6        6        7        7        8        9       10       12       13       16       19       24       30       38       50       68       96     139
         204     210      205      194      183      172      165      162      163      169      181      201      230      275      337      419      499      526      461      344      238      162      113       81       60       46       36       29       24       20       17       14       13       11       10        9        8        8        7        7        6        6        6        6        6        6        6        6        6        6        7        7        8        8        9       10       11       12       14       16       19       22       26       32       40       50       63       80      103      130      160     187
         116     130      139      143      145      144      143      143      145      150      159      173      194      223      264      316      368      397      373      304      224      159      112       81       60       46       36       28       23       19       16       14       12       11        9        8        8        7        7        6        6        6        5        5        5        5        5        5        5        5        6        6        6        7        7        8        8        9       10       12       13       15       18       21       25       30       37       45       56       69       84     100
          77      78       76       74       72       71       71       73       78       86       98      119      152      210      313      484      634      529      309      170      100       63       43       30       22       17       14       11        9        8        6        6        5        4        4        4        3        3        3        3        3        2        2        2        2        2        2        3        3        3        3        3        3        4        4        4        5        6        7        8        9       11       13       16       20       25       31       39       48       57       67      73
          79      92      104      114      124      133      142      153      168      190      221      269      344      459      616      742      689      485      301      186      120       81       57       42       32       25       20       16       13       11       10        8        7        6        6        5        5        4        4        4        4        4        4        3        3        3        3        3        4        4        4        4        4        5        5        5        6        6        7        8        9       11       12       15       17       21       25       31       37       46       56      67
         159     271      414      458      363      253      180      137      111       94       85       80       78       80       84       93      105      124      148      174      190      181      148      108       76       54       38       28       21       17       13       11        9        7        6        5        5        4        4        3        3        3        3        3        3        2        2        2        2        2        2        3        3        3        3        3        3        4        4        5        5        6        7        9       11       13       17       22       30       42       62      96
         116     146      178      205      222      230      231      231      233      240      255      280      319      375      446      512      522      447      328      222      149      101       71       52       39       30       23       19       15       13       11        9        8        7        6        6        5        5        4        4        4        4        4        3        3        3        3        3        3        4        4        4        4        4        5        5        6        6        7        8        9       10       12       14       17       21       25       32       41       52       68      89
          71      81       89       96      101      106      109      113      118      125      135      149      169      197      235      284      337      370      355      292      216      152      107       77       57       43       33       26       21       18       15       13       11       10        8        8        7        6        6        5        5        5        5        5        4        4        4        4        4        5        5        5        5        5        6        6        7        7        8        9       10       12       13       16       18       22       26       31       37       44       52      61
         171     220      241      225      191      159      134      117      107      101      100      103      112      127      153      196      269      384      513      513      357      210      124       78       52       36       26       20       15       12       10        8        7        6        5        5        4        4        3        3        3        3        3        3        2        2        2        2        2        3        3        3        3        3        3        4        4        4        5        6        7        8        9       11       14       18       23       30       41       58       83     121
         130     116       98       81       68       59       53       49       47       47       48       52       57       66       81      105      145      210      300      343      269      165       98       61       40       28       20       15       12       10        8        7        6        5        4        4        3        3        3        3        2        2        2        2        2        2        2        2        2        2        2        3        3        3        3        4        4        5        5        6        7        9       11       14       17       23       31       43       60       83      110     129
         147     127      103       83       69       59       52       47       45       44       45       47       51       57       66       81      102      131      162      177      159      119       81       55       38       27       20       15       12       10        8        7        6        5        4        4        3        3        3        3        2        2        2        2        2        2        2        2        2        2        2        2        3        3        3        4        4        5        5        6        7        9       11       14       17       23       32       44       63       91      123     147
          68      76       81       82       81       78       75       73       71       71       73       77       83       93      107      128      157      195      234      251      225      172      120       83       58       42       31       24       18       15       12       10        9        7        6        6        5        5        4        4        4        3        3        3        3        3        3        3        3        3        3        3        3        4        4        4        5        5        6        6        7        8       10       12       14       17       20       25       31       39       48      58
          63      91      127      164      182      172      146      119       98       82       72       65       60       58       57       59       62       67       75       85       98      112      122      122      110       89       68       51       38       29       22       17       14       11        9        8        7        6        5        5        4        4        3        3        3        3        3        3        3        3        3        3        3        3        3        3        3        3        4        4        5        5        6        7        8       10       12       15       19       25       33      45
          48      72      106      142      159      145      118       93       75       62       54       49       46       45       46       48       53       60       72       88      110      136      151      140      107       74       50       35       24       18       14       10        8        7        6        5        4        3        3        3        2        2        2        2        2        2        2        2        1        1        1        2        2        2        2        2        2        2        2        3        3        3        4        5        5        7        8       10       13       17       24      33
          54      70       92      117      143      164      174      175      169      161      153      147      143      141      141      140      139      134      125      111       95       78       62       49       39       31       24       20       16       13       11        9        8        7        6        5        5        4        4        4        3        3        3        3        3        3        3        3        3        3        3        3        3        3        3        3        4        4        4        5        5        6        7        8        9       11       13       16       20       25       32      41
          64      78       90       99      104      106      106      107      108      113      121      134      155      186      232      288      332      320      249      169      110       73       50       35       26       20       15       12       10        8        7        6        5        4        4        3        3        3        3        2        2        2        2        2        2        2        2        2        2        2        2        2        2        3        3        3        3        4        4        5        5        6        7        9       11       13       16       20       25       32       41      52
