SWAN 1
LOCATIONS
     1
     681724.29 2033118.57
AFREQ
     56
     0.0300
     0.0400
     0.0500
     0.0600
     0.0700
     0.0800
     0.0900
     0.1000
     0.1100
     0.1200
     0.1300
     0.1400
     0.1500
     0.1600
     0.1700
     0.1800
     0.1900
     0.2000
     0.2100
     0.2200
     0.2300
     0.2400
     0.2500
     0.2600
     0.2700
     0.2800
     0.2900
     0.3000
     0.3100
     0.3200
     0.3300
     0.3400
     0.3500
     0.3600
     0.3700
     0.3800
     0.3900
     0.4000
     0.4100
     0.4200
     0.4300
     0.4400
     0.4500
     0.4600
     0.4700
     0.4800
     0.4900
     0.5000
     0.5100
     0.5200
     0.5300
     0.5400
     0.5500
     0.5600
     0.5700
     0.5800
NDIR
     72
     5.0000
     10.0000
     15.0000
     20.0000
     25.0000
     30.0000
     35.0000
     40.0000
     45.0000
     50.0000
     55.0000
     60.0000
     65.0000
     70.0000
     75.0000
     80.0000
     85.0000
     90.0000
     95.0000
     100.0000
     105.0000
     110.0000
     115.0000
     120.0000
     125.0000
     130.0000
     135.0000
     140.0000
     145.0000
     150.0000
     155.0000
     160.0000
     165.0000
     170.0000
     175.0000
     180.0000
     185.0000
     190.0000
     195.0000
     200.0000
     205.0000
     210.0000
     215.0000
     220.0000
     225.0000
     230.0000
     235.0000
     240.0000
     245.0000
     250.0000
     255.0000
     260.0000
     265.0000
     270.0000
     275.0000
     280.0000
     285.0000
     290.0000
     295.0000
     300.0000
     305.0000
     310.0000
     315.0000
     320.0000
     325.0000
     330.0000
     335.0000
     340.0000
     345.0000
     350.0000
     355.0000
     360.0000
QUANT
     1
VaDens
m2/Hz/degr
     -999.000000
FACTOR
     1.00000E-06
          60      66       64       55       44       33       26       20       16       13       10        9        8        7        6        5        5        4        4        4        4        4        4        4        4        4        4        4        5        5        6        6        7        8       10       11       14       17       22       28       37       46       55       60       58       50       42       34       27       23       19       16       14       13       12       11       11       10       10       10       11       11       12       13       14       16       18       22       26       32       40      50
         477     508      489      427      348      274      215      170      137      112       94       80       69       61       54       49       45       42       39       37       36       35       34       34       34       35       36       37       39       41       43       47       51       56       63       70       80       91      105      121      138      157      175      189      198      199      194      183      170      157      144      132      122      114      108      103      100       98       98       99      101      106      112      121      133      149      170      198      236      284      345     414
        8177    5937     3922     2603     1795     1294      970      753      602      494      414      354      308      272      244      221      204      189      178      169      162      157      153      151      150      150      152      155      159      165      172      181      191      204      219      237      257      281      308      339      374      411      451      492      533      571      605      632      653      667      676      680      683      685      688      696      709      729      758      800      857      935     1041     1187     1391     1682     2110     2761     3775     5333     7390    8886
        9374    5859     3838     2646     1909     1431     1109      883      720      600      508      438      384      340      306      278      256      237      223      211      202      194      189      185      183      183      184      186      190      196      203      213      225      239      257      278      303      334      371      415      469      535      613      708      821      955     1110     1285     1476     1674     1868     2045     2195     2315     2408     2483     2553     2632     2736     2881     3088     3384     3809     4429     5352     6771     9020    12614    17828    22515    21350   15064
       22316   11657     7058     4694     3333     2486     1926     1540     1264     1060      907      789      697      625      568      522      485      456      433      416      403      394      388      387      389      394      403      416      434      457      485      521      565      619      686      769      872     1002     1167     1377     1647     1996     2447     3024     3746     4607     5550     6443     7109     7409     7334     6993     6533     6071     5674     5373     5182     5106     5154     5344     5708     6308     7251     8744    11209    15608    24569    47538   139665   548222   244899   55903
       26120   15572    10199     7139     5252     4017     3171     2570     2130     1800     1548     1352     1198     1075      977      897      833      781      739      707      681      663      650      643      641      645      654      668      689      716      750      792      844      908      985     1077     1190     1326     1491     1693     1939     2240     2607     3053     3590     4225     4959     5777     6642     7501     8289     8954     9469     9847    10133    10389    10685    11094    11695    12588    13916    15906    18963    23874    32349    48712    86452   200563   516979   391260   124156   50597
       22417   13687     9069     6374     4685     3568     2797     2248     1844     1541     1309     1129      986      873      781      706      645      595      553      519      491      469      451      437      426      419      415      414      416      421      429      440      454      472      495      522      554      593      639      694      758      835      926     1034     1162     1316     1498     1715     1974     2282     2646     3076     3579     4167     4849     5642     6565     7653     8962    10588    12692    15559    19717    26235    37531    60075   115686   295292   581799   279505    93355   41472
       42289   20202    11301     6999     4655     3267     2391     1811     1412     1128      920      765      646      555      483      426      380      343      312      288      268      251      238      227      219      212      208      205      204      204      206      210      216      223      233      245      260      278      301      328      361      402      452      515      593      692      820      985     1203     1495     1893     2445     3224     4340     5953     8272    11510    15719    20523    25044    28435    30631    32375    34751    39055    47346    64372   105027   236305   692055   473603  116596
      176729  123118    65707    34549    19514    11898     7739     5306     3798     2818     2155     1691     1358     1112      927      786      676      589      520      464      419      383      353      328      308      292      279      269      261      255      252      251      252      254      259      266      276      288      303      322      345      374      408      450      503      567      648      750      880     1049     1272     1571     1981     2557     3390     4635     6563     9674    14908    23999    39660    63490    88223    98032    91681    81527    75023    74173    80094    95309   124297  165150
      120625  103928    78327    53846    35682    23692    16066    11203     8043     5936     4494     3482     2756     2223     1824     1522     1288     1105      960      844      750      674      612      561      518      484      455      432      413      398      387      378      373      371      371      375      381      390      402      419      439      464      494      531      575      630      695      775      874      996     1148     1339     1583     1897     2307     2851     3582     4580     5965     7913    10683    14643    20266    28059    38338    50874    64721    78643    91913   104480   115875  123246
       77751  113669   113873    68890    35100    18883    11118     7075     4789     3404     2517     1923     1511     1216      999      836      711      614      538      477      428      388      356      330      308      291      277      266      258      252      248      246      246      248      252      259      267      279      293      311      332      359      391      431      480      540      615      709      829      983     1184     1449     1804     2289     2961     3902     5230     7086     9597    12742    16161    19124    20957    21588    21517    21367    21629    22690    24995    29290    37054   51386
       11791   16439    25281    41664    58424    47780    25798    13450     7675     4791     3212     2276     1686     1294     1023      829      687      581      499      436      386      346      314      288      267      250      237      227      219      213      209      207      207      208      212      217      224      234      246      262      281      305      334      370      415      470      541      630      745      895     1093     1359     1719     2210     2880     3774     4906     6188     7375     8137     8296     7960     7392     6812     6340     6023     5880     5925     6186     6722     7648    9186
        6615   10010    17712    38866    78182    54645    20653     9211     4967     3040     2028     1440     1072      829      661      540      451      385      333      294      262      237      217      201      188      178      170      163      159      156      154      154      155      158      162      168      175      184      196      210      228      249      276      308      348      398      460      538      636      759      913     1104     1334     1599     1885     2160     2388     2535     2591     2572     2506     2425     2351     2301     2287     2317     2404     2562     2818     3217     3842    4856
        4611    5916     8352    13299    23499    34596    25891    12453     6143     3423     2112     1406      992      732      560      442      358      296      250      214      187      165      148      134      123      114      107      101       97       93       91       89       88       88       89       90       93       96      100      106      113      121      132      145      162      182      208      241      285      341      418      524      674      894     1229     1761     2641     4143     6632     9956    12108    11153     8676     6546     5118     4220     3673     3365     3236     3265     3462    3874
        8943   12378    19140    32092    44375    33354    16733     8441     4738     2925     1943     1366     1004      765      600      484      398      334      285      247      218      194      175      160      147      137      129      123      118      114      111      109      109      109      110      112      115      119      125      131      140      151      164      180      200      224      255      294      345      410      496      612      771      994     1315     1786     2486     3525     4992     6791     8399     9073     8664     7710     6742     5990     5495     5245     5232     5474     6039    7083
       12032   16857    27094    47613    59391    34663    15228     7404     4101     2509     1652     1150      837      631      490      391      318      264      223      192      167      147      131      119      108      100       93       87       83       79       76       74       73       72       72       72       73       75       77       80       84       88       94      101      110      121      134      150      169      194      226      266      317      386      476      599      769     1007     1343     1824     2499     3411     4533     5700     6637     7155     7303     7291     7336     7607     8268    9572
       12163   23062    57954    85041    32251    11083     5043     2750     1682     1114      782      574      437      342      275      226      189      161      139      122      109       98       89       82       76       71       67       64       62       60       59       58       58       58       59       60       62       65       68       72       76       82       90       98      109      123      140      161      188      223      268      328      410      521      678      900     1218     1671     2296     3082     3912     4553     4821     4750     4521     4297     4175     4207     4446     4981     6004    7973
        4181    5288     7448    11954    20734    26024    15987     7328     3649     2055     1275      850      599      441      336      264      212      174      146      125      108       95       84       76       69       64       59       56       53       51       49       47       47       46       46       47       47       49       50       52       55       59       63       68       75       83       93      105      121      141      168      203      250      316      409      546      756     1091     1654     2643     4395     7128     9675     9691     7765     5891     4636     3881     3466     3296     3335    3602
        4064    4573     5623     7702    11945    19561    22916    13916     6496     3262     1837     1135      752      527      385      291      227      181      148      123      105       90       79       69       62       56       51       48       44       42       40       38       37       36       35       35       35       36       36       37       38       40       42       45       48       52       57       63       71       80       92      106      126      151      184      230      293      384      518      723     1048     1580     2462     3851     5622     6907     6871     5973     5033     4367     3998    3896
        2860    3036     3483     4354     5955     8586    10891     9127     5267     2800     1579      963      629      434      313      234      181      143      116       96       81       69       60       52       47       42       38       35       33       31       29       28       27       26       26       25       25       25       26       26       27       28       30       31       34       36       39       44       48       55       62       72       85      101      123      153      195      254      342      477      694     1064     1727     2942     4972     7140     7466     6081     4647     3700     3157    2899
        4080    5430     7874    11826    14647    11329     6276     3360     1935     1206      803      564      413      313      244      196      160      134      113       98       85       76       68       61       56       52       49       46       44       42       41       40       39       39       39       39       40       41       43       45       47       50       54       58       64       71       79       90      103      119      140      167      203      251      316      406      532      708      956     1294     1722     2195     2604     2837     2873     2786     2668     2585     2575     2666     2893    3322
        6131    6558     6903     7028     6744     5963     4837     3667     2676     1930     1399     1029      771      590      460      365      295      243      203      172      147      128      112      100       90       81       74       69       64       60       57       55       53       51       50       49       49       49       49       50       51       53       55       58       61       65       70       75       83       91      101      114      130      149      173      204      243      294      360      448      564      720      930     1211     1582     2056     2633     3285     3959     4596     5165    5669
        5670    5017     4712     4649     4724     4774     4568     3948     3046     2165     1485     1017      710      508      373      281      217      171      138      113       94       80       69       60       53       47       42       38       35       33       31       29       28       26       26       25       25       24       24       25       25       26       27       28       29       31       33       36       39       43       48       54       61       70       82       98      118      145      182      234      309      420      592      870     1342     2177     3678     6117     8775     9576     8351    6789
        2178    1999     1972     2090     2387     2949     3913     5265     6022     4808     2886     1622      953      597      396      277      202      152      118       94       76       63       53       45       40       35       31       28       25       23       22       20       19       19       18       17       17       17       17       17       17       18       18       19       20       21       23       24       27       29       33       37       42       49       58       69       84      105      134      175      235      329      481      741     1210     2080     3549     5108     5284     4247     3220    2555
       11339    9640     6331     4009     2654     1852     1350     1018      788      623      500      407      335      279      234      198      169      145      126      110       97       86       77       69       63       57       53       49       45       43       40       38       37       35       34       33       33       32       32       32       33       33       34       35       36       37       39       42       44       47       51       56       62       68       77       87       99      115      134      159      191      234      291      370      482      645      893     1290     1958     3153     5341    8803
        1172    1014      943      936      985     1096     1281     1536     1788     1837     1542     1088      710      462      310      215      155      116       89       70       56       46       39       33       28       25       22       20       18       16       15       14       13       13       12       12       11       11       11       11       11       12       12       13       13       14       15       16       17       19       21       24       28       32       38       45       55       69       89      117      159      228      344      559     1006     2072     4741     7999     6145     3404     2090    1480
        1345    1169     1099     1110     1204     1405     1771     2390     3227     3605     2784     1653      936      556      353      237      167      122       93       72       58       47       39       33       29       25       22       20       18       16       15       14       13       13       12       12       11       11       11       11       11       12       12       12       13       14       15       16       17       19       21       24       27       31       37       44       54       67       85      111      150      211      312      492      844     1603     3296     5749     5677     3690     2366    1691
        1816    1381     1144     1020      971      980     1045     1169     1355     1572     1712     1608     1265      879      584      391      269      191      140      106       83       66       53       44       37       32       28       24       22       19       18       16       15       14       13       13       12       12       12       12       12       12       12       12       13       13       14       15       16       17       18       20       23       26       30       34       41       49       60       75       96      127      174      248      374      602     1051     1979     3628     4784     3905    2614
        1776    1824     1910     2049     2251     2504     2744     2830     2614     2126     1567     1101      768      543      393      292      222      173      138      112       93       78       66       57       50       44       40       36       33       30       28       27       25       24       23       23       22       22       22       22       22       23       23       24       25       27       29       31       33       36       40       45       50       58       66       78       92      110      135      167      210      268      348      456      601      787     1009     1245     1457     1611     1699    1744
        2003    2056     2203     2493     2984     3686     4315     4118     2979     1819     1078      661      427      289      204      149      113       88       70       56       47       39       33       29       25       22       20       18       17       15       14       13       13       12       12       12       11       11       11       11       11       12       12       13       13       14       15       16       17       19       21       24       27       31       36       43       51       62       76       96      124      163      219      302      426      608      868     1201     1552     1823     1959    1993
        1073    1023      977      944      926      921      923      920      900      847      757      641      519      407      315      243      189      148      118       95       78       65       55       47       40       35       31       28       25       23       21       20       18       17       17       16       16       15       15       15       15       15       15       16       16       17       18       19       20       22       24       26       29       33       38       43       50       60       71       87      108      136      174      227      300      401      534      697      869     1014     1094    1107
        2000    1784     1533     1344     1230     1178     1177     1212     1256     1263     1178      990      754      540      379      267      191      140      105       81       64       51       42       35       29       25       22       19       17       15       14       13       12       11       10       10        9        9        9        9        9        9        9        9        9        9       10       10       11       12       13       14       15       17       19       22       25       29       35       42       52       65       84      110      149      209      304      458      710     1102     1596    1970
         523     353      269      224      200      190      191      204      231      281      376      572     1059     2509     4023     1838      655      300      164      101       67       48       35       27       21       17       14       12       10        9        8        7        6        6        5        5        5        4        4        4        4        4        4        4        4        4        4        5        5        5        6        6        7        8        9       10       12       15       18       22       28       37       51       73      110      183      344      788     2313     4174     2135     928
         887     803      729      679      657      662      699      775      903     1099     1363     1612     1622     1298      879      563      365      245      171      124       93       72       57       46       38       32       27       23       21       18       16       15       14       13       12       11       11       10       10       10       10       10       10       10       10       10       11       11       12       13       14       15       17       19       21       24       28       32       39       47       57       72       93      122      164      227      319      451      623      803      926     946
        1976    1955     1570     1232     1027      928      908      961     1095     1320     1588     1671     1349      867      515      311      196      131       91       66       49       38       30       24       20       16       14       12       10        9        8        7        7        6        6        5        5        5        5        5        4        4        4        4        5        5        5        5        5        6        6        7        7        8        9       10       11       13       16       19       23       28       35       46       61       84      119      179      283      475      837    1429
         749     633      558      516      502      514      556      634      765      961     1203     1346     1193      839      531      334      218      148      105       78       59       46       37       30       25       21       18       16       14       13       11       10       10        9        8        8        8        7        7        7        7        7        7        7        7        8        8        9        9       10       11       12       13       15       17       20       23       28       34       42       53       68       90      124      177      260      393      596      847     1031     1031     899
         577     485      419      375      348      335      333      342      362      394      436      484      525      536      500      423      332      250      185      139      105       82       64       52       43       35       30       26       23       20       18       16       15       14       13       12       11       11       10       10       10       10       10       10       10       11       11       12       12       13       14       16       17       19       22       25       29       34       41       50       63       80      105      141      195      278      400      564      734      827      797     691
         338     272      229      200      183      174      172      177      190      212      247      303      389      514      660      727      620      430      276      179      121       85       62       47       37       30       24       20       17       15       13       11       10        9        9        8        8        7        7        7        7        6        6        6        7        7        7        7        8        8        9       10       11       12       13       15       18       21       25       31       39       50       66       91      128      189      284      419      557      606      539     430
         333     247      196      164      145      133      127      126      129      137      149      168      193      225      256      276      267      230      179      133       98       72       54       42       33       27       22       18       15       13       12       10        9        8        8        7        7        6        6        6        6        6        6        6        6        6        6        6        7        7        8        8        9       10       11       13       15       18       22       27       34       44       59       83      122      191      320      555      866      947      717     481
         695     660      614      579      567      580      625      708      837      999     1113     1042      787      518      329      212      142       99       72       54       41       32       26       21       18       15       13       11       10        9        8        7        7        6        6        5        5        5        5        5        5        5        5        5        5        5        5        6        6        6        7        8        8        9       11       12       14       17       20       24       29       37       47       61       82      113      159      228      329      459      593     681
         527     497      467      446      441      455      493      566      691      901     1225     1575     1572     1116      662      388      239      156      107       77       57       44       35       28       23       19       16       14       12       11       10        9        8        8        7        7        6        6        6        6        6        6        6        6        6        6        6        7        7        8        8        9       10       11       12       14       16       19       23       27       34       42       54       70       93      126      174      242      329      425      502     536
         296     244      208      185      173      168      171      181      203      239      298      397      554      747      810      622      384      229      142       94       65       47       35       27       22       18       15       12       11        9        8        7        7        6        6        5        5        5        5        4        4        4        4        4        4        5        5        5        5        6        6        7        7        8        9       11       13       15       18       22       28       36       47       64       91      132      196      290      396      458      436     366
         294     216      172      148      134      129      130      139      157      189      246      353      565      941     1139      741      367      192      111       71       48       34       25       20       15       12       10        9        7        6        6        5        5        4        4        4        3        3        3        3        3        3        3        3        3        3        3        3        4        4        4        5        5        6        7        8        9       11       14       17       22       28       39       55       84      136      241      466      857     1018      719     442
         297     184      131      102       85       75       70       69       71       76       86      103      132      184      285      481      703      585      310      159       89       55       37       26       19       15       12        9        8        6        5        5        4        4        3        3        3        3        2        2        2        2        2        2        2        2        2        2        2        3        3        3        3        4        4        5        6        7        8       10       12       16       21       28       41       63      105      201      450      998     1068     563
         288     203      153      124      107       98       94       96      102      114      135      171      228      312      388      367      256      156       95       60       40       29       21       16       12       10        8        7        6        5        4        4        3        3        3        2        2        2        2        2        2        2        2        2        2        2        2        2        2        2        3        3        3        4        4        5        5        6        7        9       11       14       19       26       36       53       83      139      243      400      492     411
         124     101       86       76       71       69       69       73       80       92      111      144      199      291      412      455      339      201      118       73       48       33       24       18       14       11        9        8        7        6        5        4        4        4        3        3        3        3        3        2        2        2        2        2        2        3        3        3        3        3        4        4        4        5        6        7        8        9       11       14       18       24       33       46       68      104      161      234      283      265      211     160
         305     249      210      184      169      162      163      172      190      222      274      360      493      651      696      538      336      203      127       84       58       42       31       24       19       16       13       11        9        8        7        6        6        5        5        5        4        4        4        4        4        4        4        4        4        4        4        4        4        5        5        6        6        7        8        9       10       12       15       18       22       28       37       50       69       99      146      220      317      402      421     373
         686     591      409      284      213      173      151      140      138      144      159      188      239      327      470      620      585      378      213      123       76       50       35       25       19       15       12        9        8        6        6        5        4        4        3        3        3        3        2        2        2        2        2        2        2        2        2        2        2        2        2        3        3        3        4        4        4        5        6        7        8       10       13       16       22       29       41       61       97      163      294     516
         134     140      139      133      126      121      118      119      124      135      154      186      241      335      495      696      716      484      272      155       95       62       43       31       23       18       14       12       10        8        7        6        5        5        4        4        3        3        3        3        3        3        3        3        3        3        3        3        3        3        3        3        4        4        4        5        5        6        7        8        9       11       14       17       21       27       35       45       59       77       98     119
         186     113       78       59       49       42       39       37       37       39       43       50       62       83      124      219      481      935      605      224       99       53       32       21       15       11        8        7        5        4        4        3        3        2        2        2        2        2        1        1        1        1        1        1        1        1        1        1        1        1        2        2        2        2        2        3        3        4        4        5        7        9       11       15       22       33       54       99      210      465      595     354
         419     254      171      128      103       89       82       79       81       86       98      118      155      227      382      741     1122      725      312      149       82       51       34       24       18       13       11        8        7        6        5        4        4        3        3        3        2        2        2        2        2        2        2        2        2        2        2        2        2        2        2        3        3        3        4        4        5        5        6        8        9       12       15       21       28       41       64      107      198      400      696     677
          94      89       85       81       80       80       83       88       97      110      130      162      211      286      386      463      427      305      195      125       83       58       42       31       24       19       16       13       11       10        8        7        7        6        5        5        5        4        4        4        4        4        4        4        4        4        4        4        5        5        5        6        6        7        8        9       10       12       14       17       20       25       31       38       48       59       72       85       95      101      102      99
         186     151      126      109       98       91       89       89       93      101      116      139      177      243      360      553      725      620      372      208      123       79       53       38       28       22       17       14       12       10        8        7        7        6        5        5        5        4        4        4        4        4        4        4        4        4        4        4        4        4        5        5        6        6        7        8        9       11       13       15       19       24       31       41       57       81      117      169      230      272      268     230
         351     272      205      159      130      112      101       95       93       95      102      113      132      161      203      259      310      311      249      171      112       75       51       37       27       21       16       13       11        9        8        7        6        5        5        4        4        3        3        3        3        3        3        3        3        3        3        3        3        3        3        4        4        4        5        5        6        7        8        9       11       14       18       23       30       41       59       89      138      218      321     384
         208     158      122       98       83       73       66       63       62       64       68       76       88      108      140      193      275      371      386      286      176      107       68       46       32       24       18       14       11        9        8        7        6        5        5        4        4        3        3        3        3        3        3        3        3        3        3        3        3        3        3        3        4        4        5        5        6        7        8        9       12       14       18       24       32       45       65       98      149      218      268     258
         168     149      132      120      113      110      111      117      128      149      182      236      323      446      535      469      310      186      114       73       50       36       26       20       16       13       11        9        7        6        6        5        4        4        4        3        3        3        3        3        3        3        3        3        3        3        3        3        3        3        4        4        5        5        6        6        7        9       10       13       15       19       25       32       43       59       81      111      146      177      191     186
