SWAN 1
LOCATIONS
     1
     681726.07 2033118.57
AFREQ
     56
     0.0300
     0.0400
     0.0500
     0.0600
     0.0700
     0.0800
     0.0900
     0.1000
     0.1100
     0.1200
     0.1300
     0.1400
     0.1500
     0.1600
     0.1700
     0.1800
     0.1900
     0.2000
     0.2100
     0.2200
     0.2300
     0.2400
     0.2500
     0.2600
     0.2700
     0.2800
     0.2900
     0.3000
     0.3100
     0.3200
     0.3300
     0.3400
     0.3500
     0.3600
     0.3700
     0.3800
     0.3900
     0.4000
     0.4100
     0.4200
     0.4300
     0.4400
     0.4500
     0.4600
     0.4700
     0.4800
     0.4900
     0.5000
     0.5100
     0.5200
     0.5300
     0.5400
     0.5500
     0.5600
     0.5700
     0.5800
NDIR
     72
     5.0000
     10.0000
     15.0000
     20.0000
     25.0000
     30.0000
     35.0000
     40.0000
     45.0000
     50.0000
     55.0000
     60.0000
     65.0000
     70.0000
     75.0000
     80.0000
     85.0000
     90.0000
     95.0000
     100.0000
     105.0000
     110.0000
     115.0000
     120.0000
     125.0000
     130.0000
     135.0000
     140.0000
     145.0000
     150.0000
     155.0000
     160.0000
     165.0000
     170.0000
     175.0000
     180.0000
     185.0000
     190.0000
     195.0000
     200.0000
     205.0000
     210.0000
     215.0000
     220.0000
     225.0000
     230.0000
     235.0000
     240.0000
     245.0000
     250.0000
     255.0000
     260.0000
     265.0000
     270.0000
     275.0000
     280.0000
     285.0000
     290.0000
     295.0000
     300.0000
     305.0000
     310.0000
     315.0000
     320.0000
     325.0000
     330.0000
     335.0000
     340.0000
     345.0000
     350.0000
     355.0000
     360.0000
QUANT
     1
VaDens
m2/Hz/degr
     -999.000000
FACTOR
     1.00000E-06
           7       7        7        7        6        5        4        4        3        3        2        2        2        2        1        1        1        1        1        1        1        1        1        1        1        2        2        2        2        2        2        2        3        3        2        2        2        2        2        2        1        1        1        1        1        1        1        1        1        0        0        0        0        0        0        0        0        1        1        1        1        1        1        1        1        2        2        3        3        4        5       6
         112     113       94       71       53       40       31       25       21       17       15       14       12       12       11       11       10       10       10       11       11       12       12       13       14       16       17       19       20       22       22       22       21       20       18       16       14       12       11        9        8        7        7        6        5        5        5        4        4        4        4        4        4        4        4        4        5        5        5        6        7        8        9       10       13       15       20       26       34       48       67      92
         525     308      193      131       94       71       56       45       38       32       28       25       22       21       19       18       17       17       16       16       16       16       16       17       18       19       20       21       23       25       28       31       35       40       45       50       56       61       66       69       70       69       66       62       58       53       49       46       43       41       39       37       37       36       36       37       38       40       43       47       53       60       71       86      109      144      201      302      490      807     1063     873
        8330    2483     1019      534      323      214      152      113       88       70       57       48       41       36       32       28       26       24       22       21       20       19       18       18       18       18       18       18       19       19       20       21       23       24       26       29       32       36       42       48       56       66       79       96      117      144      175      211      246      276      294      297      288      272      254      237      223      213      207      205      209      217      233      259      298      358      457      630      970     1779     4391   12184
       25825   18914    11425     6697     4088     2637     1790     1269      934      710      554      443      361      300      254      218      189      167      149      134      122      113      105       98       93       89       86       83       81       80       80       80       81       82       85       88       92       97      103      110      119      130      143      160      180      206      238      278      331      399      490      612      779     1013     1345     1820     2503     3465     4743     6248     7694     8716     9173     9244     9228     9374     9874    10925    12812    15967    20732   25767
       21664   12009     7273     4741     3274     2368     1778     1377     1096      891      740      625      536      467      412      369      333      304      281      262      247      234      224      217      211      208      206      206      207      210      215      222      231      242      256      274      295      321      353      392      440      500      575      669      789      944     1145     1412     1767     2244     2886     3742     4852     6216     7740     9211    10372    11074    11369    11450    11532    11801    12425    13601    15647    19152    25327    36714    57377    81556    73624   41993
      100423   30270    12670     6642     3987     2618     1832     1345     1026      807      651      538      453      388      337      297      266      240      220      203      190      179      170      164      159      155      153      152      152      154      157      161      167      174      184      195      210      227      248      275      307      346      395      456      533      630      754      913     1116     1376     1703     2102     2566     3063     3542     3937     4208     4353     4408     4426     4460     4554     4754     5110     5702     6666     8278    11152    16904    30912    77183  185742
       59667   41176    11174     4307     2153     1252      802      550      398      299      232      185      151      126      107       92       81       72       64       58       54       50       47       44       42       40       39       39       38       38       38       39       39       41       42       44       47       50       54       59       65       72       81       92      106      124      147      177      216      268      339      436      569      749      986     1275     1585     1853     2017     2059     2017     1946     1888     1871     1913     2037     2280     2715     3508     5083     8808   20799
       16355    9509     5885     3845     2627     1865     1367     1030      795      628      505      413      344      290      248      215      188      167      149      135      123      114      106       99       93       89       85       83       81       79       78       78       78       79       80       83       85       89       93       99      105      113      122      134      148      165      185      210      242      281      330      393      475      581      722      911     1168     1524     2023     2733     3755     5243     7435    10707    15691    23530    36314    56847    81138    82638    54822   29886
       13635    7636     4334     2593     1642     1094      761      549      409      313      245      196      160      133      112       96       83       73       65       58       53       48       44       41       39       37       35       34       33       32       32       32       32       32       33       34       35       36       38       40       43       46       50       55       61       69       78       89      103      121      144      174      214      268      341      443      589      800     1113     1584     2292     3340     4817     6718     8892    11150    13514    16330    20079    24534    26595   21836
        5745    3872     2760     2040     1546     1192      932      737      589      475      387      319      265      222      188      161      139      121      106       94       84       76       69       64       59       55       51       49       46       44       43       42       41       40       40       40       40       41       42       43       45       47       49       52       56       60       65       72       80       89      101      115      133      155      184      222      272      340      433      565      759     1056     1535     2361     3924     7291    15982    41151    67461    38614    17364    9310
        5571    3740     2586     1845     1355     1020      786      617      494      402      331      277      235      201      174      153      135      121      109       99       91       84       78       73       69       66       63       61       59       58       57       57       57       57       58       59       60       62       65       68       71       76       81       88       95      104      115      128      143      162      185      213      248      291      345      414      503      618      769      970     1243     1619     2148     2914     4051     5772     8357    11855    15084    15351    12217    8410
        7953    5885     4065     2743     1864     1293      920      673      505      388      304      243      198      164      138      118      102       89       79       70       64       58       53       50       47       44       42       40       39       38       37       37       37       37       38       39       40       41       43       45       48       52       56       61       67       75       84       96      110      128      151      180      218      268      335      427      553      729      978     1332     1832     2519     3416     4491     5644     6749     7734     8616     9427    10089    10296    9611
        3823    4078     4323     4394     4108     3456     2651     1924     1371      982      716      534      407      317      252      205      169      142      121      104       91       81       72       65       60       55       51       48       46       44       42       41       40       40       40       40       40       41       42       44       46       49       52       55       60       66       73       82       92      106      123      144      172      209      258      325      417      547      735     1008     1403     1957     2669     3434     4029     4274     4201     3979     3758     3612     3572    3644
        2327    2499     2677     2812     2832     2674     2343     1922     1506     1154      880      676      526      415      333      272      225      190      162      140      122      108       97       88       80       74       69       65       61       59       57       55       54       53       53       53       54       55       56       58       60       64       67       72       78       85       93      103      116      131      150      173      202      239      286      346      422      518      639      786      960     1153     1350     1530     1677     1783     1853     1902     1946     2000     2077    2185
        2499    2809     2994     2895     2485     1929     1416     1021      742      549      415      321      254      205      168      141      120      103       90       80       71       64       59       54       51       48       45       43       42       41       40       40       39       40       40       41       42       44       46       49       52       56       61       66       73       82       93      106      122      143      169      203      246      301      373      466      582      723      884     1052     1208     1330     1410     1452     1471     1484     1508     1555     1636     1763     1946    2194
        1084    1110     1166     1245     1326     1367     1317     1159      934      708      522      383      284      215      165      130      104       85       70       59       51       44       39       34       31       28       26       24       22       21       20       19       19       18       18       18       18       18       18       19       19       20       21       23       24       26       29       32       36       40       46       54       63       76       92      114      144      187      247      335      463      651      911     1226     1515     1664     1637     1504     1352     1226     1139    1093
        1021     999     1004     1036     1088     1152     1204     1211     1142      994      805      621      468      351      266      205      160      127      103       85       71       61       52       45       40       36       32       30       27       25       24       23       22       21       20       20       20       20       20       20       20       21       22       23       24       26       28       30       33       37       41       47       54       63       74       89      109      135      172      222      293      394      536      727      961     1195     1361     1407     1353     1253     1152    1072
         854     770      712      674      652      641      635      630      618      592      548      489      420      351      287      232      188      152      124      103       86       73       62       54       47       41       37       33       30       28       26       24       23       22       21       21       20       20       20       20       20       20       21       22       23       24       25       27       29       32       36       40       45       52       60       71       86      104      130      165      214      285      387      536      744     1006     1267     1425     1415     1285     1119     970
         787     970     1213     1504     1759     1819     1603     1241      899      643      466      346      264      206      165      135      112       95       81       71       63       56       51       46       43       40       38       36       34       33       32       31       31       31       31       31       32       33       34       35       37       39       41       44       48       52       56       62       68       75       84       94      105      117      131      146      162      179      197      214      232      250      268      286      306      329      356      389      430      484      556     653
         757     953     1272     1799     2595     3307     3020     1994     1176      710      455      308      219      162      124       98       79       65       55       47       40       36       32       29       26       24       22       21       20       19       18       18       17       17       17       17       17       18       18       19       20       21       22       24       26       29       32       35       39       45       51       59       69       81       96      114      136      162      191      224      257      290      319      345      366      385      403      425      453      492      548     631
        2435    2504     2477     2361     2166     1909     1618     1325     1057      830      646      503      394      311      248      201      164      136      114       97       83       72       63       56       50       45       41       38       35       33       31       29       28       27       26       26       25       25       25       25       26       26       27       28       29       31       33       35       38       41       45       50       56       64       73       84       98      116      138      168      205      255      321      409      525      679      877     1125     1415     1727     2026    2272
        1661    1603     1451     1264     1080      915      774      655      554      469      396      335      283      240      203      173      148      127      109       95       82       72       64       57       51       46       42       38       35       33       31       29       28       26       25       25       24       24       23       23       23       23       24       24       25       26       27       29       31       33       35       38       42       47       52       59       67       77       90      107      127      155      190      238      302      389      508      667      875     1125     1383    1584
        1065     846      707      619      564      531      513      503      496      484      462      424      373      314      256      205      162      128      102       83       67       56       46       39       34       29       26       23       20       19       17       16       15       14       13       13       12       12       12       12       11       12       12       12       12       13       14       15       16       17       18       20       23       26       29       34       40       48       59       74       94      124      168      237      349      538      865     1387     1977     2171     1843    1400
         628     657      703      764      831      882      883      809      673      521      386      283      209      157      120       94       75       60       50       42       35       31       27       24       21       19       17       16       15       14       13       13       12       12       12       12       11       12       12       12       12       13       13       14       15       16       18       19       21       24       27       31       36       42       50       60       74       92      115      147      189      245      314      395      478      550      598      620      622      615      610     613
        1080     995      909      831      763      703      644      583      517      447      376      310      251      202      162      130      105       85       70       58       49       42       36       31       27       24       22       20       18       17       15       14       14       13       12       12       12       12       11       11       11       12       12       12       13       13       14       15       16       17       19       21       23       26       30       35       40       48       58       70       87      110      142      187      250      340      465      630      822     1002     1114    1133
         699     690      688      697      716      741      761      755      708      617      500      385      288      214      160      122       94       74       59       48       40       33       28       24       21       19       17       15       14       13       12       11       10       10       10        9        9        9        9        9        9        9        9       10       10       11       11       12       13       14       16       17       20       22       26       30       35       42       51       63       79      101      131      172      228      302      395      498      594      665      700     707
         896    1084     1193     1183     1077      924      769      631      514      419      341      278      227      186      153      126      104       87       73       62       53       46       39       35       30       27       24       22       20       18       17       16       15       14       13       13       12       12       12       11       11       11       11       11       12       12       12       13       14       14       15       17       18       20       22       24       27       31       35       41       48       57       69       84      104      131      168      218      289      387      520     694
         745     792      835      881      928      962      951      867      716      542      389      275      195      140      103       78       60       47       37       30       25       21       18       15       14       12       11       10        9        8        7        7        7        6        6        6        6        6        6        6        6        6        6        6        6        7        7        7        8        9       10       11       12       13       15       18       21       25       30       37       45       57       73       95      126      168      226      302      396      500      600     683
         731     637      555      491      442      401      364      327      287      244      201      162      128      101       79       62       49       40       32       27       22       19       16       14       12       11        9        8        8        7        7        6        6        5        5        5        5        5        5        5        5        5        5        5        5        6        6        6        7        7        8        9       10       11       13       15       18       21       26       32       40       51       67       90      124      176      256      375      537      707      812     808
         384     439      452      419      360      296      239      193      157      129      106       89       75       64       54       47       41       35       31       27       24       21       19       17       16       14       13       12       11       10       10        9        9        8        8        8        7        7        7        7        7        7        7        7        7        8        8        8        9        9       10       10       11       12       13       15       16       18       21       24       27       32       38       46       56       69       86      109      141      184      241     311
         513     668      684      563      419      310      235      185      150      125      106       92       80       71       62       55       49       43       38       33       29       26       23       20       18       16       14       13       11       10        9        8        8        7        7        6        6        6        5        5        5        5        5        5        5        5        5        5        5        6        6        6        7        7        8        9       10       11       12       14       16       19       23       28       34       43       56       76      105      151      225     344
          79      63       53       47       43       41       41       42       44       48       55       64       77       93      110      120      114       94       70       50       36       26       20       15       12        9        8        6        5        5        4        4        3        3        3        2        2        2        2        2        2        2        2        2        2        2        2        2        3        3        3        3        4        4        5        6        7        9       11       14       18       25       35       54       88      155      280      409      370      243      155     107
         490     289      188      136      106       89       78       72       69       69       70       74       79       85       90       93       91       82       69       55       43       33       25       20       16       13       10        9        7        6        5        5        4        4        3        3        3        3        2        2        2        2        2        2        2        2        2        2        2        3        3        3        3        3        4        4        5        6        7        8       10       13       16       21       29       42       64      105      190      380      702     766
         297     184      128       98       81       71       66       63       64       67       73       82       95      110      125      131      121       98       72       51       36       26       20       15       12        9        8        6        5        4        4        3        3        3        2        2        2        2        2        2        2        2        2        2        2        2        2        2        2        2        2        2        3        3        3        4        4        5        6        7        9       12       15       21       30       44       71      125      248      512      723     522
         257     239      211      182      157      136      119      105       93       83       73       64       56       48       41       35       30       26       22       18       16       14       12       10        9        8        7        6        6        5        5        4        4        4        4        3        3        3        3        3        3        3        3        3        3        3        3        4        4        4        4        5        5        6        7        7        9       10       12       14       17       20       25       32       42       55       74      100      135      179      223     252
         575     362      194      118       81       61       50       43       38       36       35       35       36       38       41       44       48       50       50       46       39       32       25       19       15       12        9        7        6        5        4        4        3        3        2        2        2        2        2        1        1        1        1        1        1        1        1        1        1        1        1        1        2        2        2        2        2        3        3        4        5        6        7        9       12       16       22       34       55       99      203     437
         264     138       85       59       45       37       32       29       27       26       27       28       31       35       41       49       60       71       78       74       60       44       31       22       16       12        9        7        6        4        4        3        3        2        2        2        2        1        1        1        1        1        1        1        1        1        1        1        1        1        1        1        1        2        2        2        2        3        3        4        5        6        8       10       14       20       30       49       93      202      437     485
         247     260      228      184      146      119      100       87       77       70       65       61       57       52       48       43       37       32       27       23       19       16       13       11        9        8        7        6        5        4        4        3        3        3        2        2        2        2        2        2        2        2        2        2        2        2        2        2        2        2        2        2        2        3        3        3        4        4        5        6        7        8       10       13       17       22       30       41       59       88      132     192
          74      48       35       28       23       21       19       18       18       19       20       22       25       30       35       41       45       44       38       29       21       15       11        8        6        5        4        3        2        2        2        1        1        1        1        1        1        1        1        1        1        0        0        0        0        1        1        1        1        1        1        1        1        1        1        1        2        2        3        3        4        5        7       10       15       23       39       75      155      261      223     126
         184     162      129      103       85       74       67       63       62       63       66       70       74       76       75       67       56       43       33       24       18       14       11        8        7        5        4        4        3        3        2        2        2        2        1        1        1        1        1        1        1        1        1        1        1        1        1        1        1        1        1        1        1        2        2        2        2        3        3        4        5        6        7       10       13       17       24       36       54       84      128     172
         266     285      203      129       86       62       48       40       34       31       29       28       27       28       29       30       32       34       36       37       36       33       29       24       20       16       12       10        8        7        5        5        4        3        3        3        2        2        2        2        2        1        1        1        1        1        1        1        1        1        1        1        2        2        2        2        2        2        3        3        4        5        6        7        9       12       16       22       33       53       91     164
         209     303      339      285      208      151      113       89       72       61       52       46       41       36       32       29       25       22       19       17       14       12       11        9        8        7        6        5        4        4        3        3        3        3        2        2        2        2        2        2        2        2        2        1        1        1        2        2        2        2        2        2        2        2        2        3        3        3        4        5        5        6        8        9       12       15       19       26       37       53       82     130
         110      68       45       33       25       21       18       16       14       14       13       13       14       14       15       17       19       21       23       26       27       27       24       21       17       13       11        8        7        5        4        4        3        3        2        2        2        2        1        1        1        1        1        1        1        1        1        1        1        1        1        1        1        1        2        2        2        2        3        3        4        5        7        9       12       17       25       41       73      133      196     174
         104      94       77       62       50       41       35       31       28       26       25       24       23       23       23       24       24       24       24       23       22       20       18       16       14       12       10        8        7        6        5        4        4        3        3        3        3        2        2        2        2        2        2        2        2        2        2        2        2        2        2        2        2        2        2        3        3        3        4        5        5        7        8       10       13       17       22       31       43       60       82     100
          68      57       48       42       36       33       30       28       27       27       26       27       27       28       29       29       29       28       27       24       21       19       16       13       11        9        8        7        6        5        4        4        3        3        3        3        2        2        2        2        2        2        2        2        2        2        2        2        2        2        2        2        3        3        3        4        4        5        6        7        9       11       13       17       23       30       40       54       69       80       84      78
         106      81       60       46       37       31       27       24       22       21       21       22       22       23       25       27       28       28       27       25       22       18       14       11        9        7        6        5        4        3        3        2        2        2        2        1        1        1        1        1        1        1        1        1        1        1        1        1        1        1        1        1        1        1        1        2        2        2        3        3        4        5        6        8       10       14       20       29       45       70      101     118
          68      56       43       33       26       21       18       15       13       12       11       10        9        9        9        8        8        8        8        8        7        7        7        6        6        5        5        5        4        4        3        3        3        3        2        2        2        2        2        2        1        1        1        1        1        1        1        1        1        1        1        2        2        2        2        2        2        3        3        4        4        5        6        8       10       13       18       25       35       49       64      72
          76      66       54       44       36       31       27       24       22       21       21       21       22       23       24       27       29       31       33       33       31       27       23       18       15       12        9        7        6        5        4        3        3        3        2        2        2        2        1        1        1        1        1        1        1        1        1        1        1        1        1        1        1        2        2        2        2        2        3        3        4        5        6        7       10       13       17       24       34       48       64      75
          24      18       14       12       10        9        8        7        7        6        6        6        6        7        7        8        8        9       11       12       14       15       16       17       16       15       13       11        9        7        6        5        4        3        3        3        2        2        2        2        1        1        1        1        1        1        1        1        1        1        1        1        2        2        2        2        3        3        4        4        6        7        9       13       18       25       37       50       59       55       43      32
          46      36       28       22       17       14       12       10        9        8        7        6        6        5        5        5        5        4        4        4        4        4        4        4        4        4        3        3        3        3        3        3        3        3        3        2        2        2        2        2        2        2        2        2        2        2        2        2        2        2        2        2        2        3        3        3        4        4        5        5        6        7        9       11       15       19       25       34       45       55       60      56
          28      20       14       10        8        6        5        4        4        3        3        3        2        2        2        2        2        2        2        2        2        3        3        3        3        4        4        5        5        5        5        5        5        5        4        4        3        3        2        2        2        2        2        1        1        1        1        1        1        1        1        1        1        1        1        1        1        2        2        2        2        3        4        5        6        8       11       16       24       34       40      37
          24      22       19       16       14       13       12       11       10        9        9        8        8        8        8        8        8        8        7        7        7        7        7        6        6        5        5        5        4        4        3        3        3        3        2        2        2        2        2        2        2        2        1        1        1        1        1        1        2        2        2        2        2        2        2        3        3        3        4        4        5        6        8        9       11       14       17       21       24       27       28      27
          22      17       13       11        9        7        6        5        5        4        4        4        4        4        4        4        4        4        4        4        4        5        5        5        6        6        6        6        6        6        5        5        4        4        4        3        3        2        2        2        2        2        2        1        1        1        1        1        1        1        1        1        1        2        2        2        2        2        3        3        4        5        6        7        9       12       17       22       28       32       32      27
          25      18       13       10        8        7        6        5        5        4        4        4        4        4        4        4        4        5        5        6        6        7        7        8        8        8        8        8        7        6        5        4        4        3        3        2        2        2        2        1        1        1        1        1        1        1        1        1        1        1        1        1        1        1        1        2        2        2        3        3        4        5        6        8       12       17       25       38       53       59       49      35
          35      25       19       14       11        9        8        7        6        5        5        5        5        5        5        5        5        5        5        5        6        6        6        6        6        6        6        6        5        5        4        4        3        3        3        2        2        2        2        1        1        1        1        1        1        1        1        1        1        1        1        1        1        1        1        2        2        2        2        3        4        4        5        7        9       13       18       27       39       51       55      47
