SWAN 1
LOCATIONS
     1
     -67.28  18.38
AFREQ
     56
     0.0300
     0.0400
     0.0500
     0.0600
     0.0700
     0.0800
     0.0900
     0.1000
     0.1100
     0.1200
     0.1300
     0.1400
     0.1500
     0.1600
     0.1700
     0.1800
     0.1900
     0.2000
     0.2100
     0.2200
     0.2300
     0.2400
     0.2500
     0.2600
     0.2700
     0.2800
     0.2900
     0.3000
     0.3100
     0.3200
     0.3300
     0.3400
     0.3500
     0.3600
     0.3700
     0.3800
     0.3900
     0.4000
     0.4100
     0.4200
     0.4300
     0.4400
     0.4500
     0.4600
     0.4700
     0.4800
     0.4900
     0.5000
     0.5100
     0.5200
     0.5300
     0.5400
     0.5500
     0.5600
     0.5700
     0.5800
NDIR
     72
     5.0000
     10.0000
     15.0000
     20.0000
     25.0000
     30.0000
     35.0000
     40.0000
     45.0000
     50.0000
     55.0000
     60.0000
     65.0000
     70.0000
     75.0000
     80.0000
     85.0000
     90.0000
     95.0000
     100.0000
     105.0000
     110.0000
     115.0000
     120.0000
     125.0000
     130.0000
     135.0000
     140.0000
     145.0000
     150.0000
     155.0000
     160.0000
     165.0000
     170.0000
     175.0000
     180.0000
     185.0000
     190.0000
     195.0000
     200.0000
     205.0000
     210.0000
     215.0000
     220.0000
     225.0000
     230.0000
     235.0000
     240.0000
     245.0000
     250.0000
     255.0000
     260.0000
     265.0000
     270.0000
     275.0000
     280.0000
     285.0000
     290.0000
     295.0000
     300.0000
     305.0000
     310.0000
     315.0000
     320.0000
     325.0000
     330.0000
     335.0000
     340.0000
     345.0000
     350.0000
     355.0000
     360.0000
QUANT
     1
VaDens
m2/Hz/degr
     -999.000000
FACTOR
     1.00000E-06
          64      64       64       64       63       63       62       62       61       60       59       59       58       57       56       56       55       54       53       52       51       50       49       48       46       45       44       42       41       39       38       37       36       35       33       32       32       31       30       30       29       29       28       28       28       28       28       29       29       29       30       31       32       33       34       35       36       38       40       42       43       46       48       50       52       54       56       58       60       61       62      63
         396     420      441      459      471      477      476      467      452      431      406      379      350      320      292      266      241      219      199      181      165      151      139      128      119      110      103       97       91       87       82       79       76       73       71       69       68       67       66       66       65       66       66       67       68       69       71       73       76       79       82       86       90       95      101      107      114      122      131      141      152      165      179      194      211      229      249      271      294      319      344     370
       15061   14084     6850     3205     1724     1043      687      482      355      272      215      174      145      123      106       92       82       74       67       62       58       54       52       50       48       47       47       46       47       47       48       50       52       55       58       62       68       74       82       92      105      121      141      167      201      246      306      387      496      639      821     1030     1232     1374     1418     1369     1268     1154     1053      974      921      893      891      916      975     1079     1248     1522     1986     2832     4553    8426
       42700   20682    11985     7744     5388     3955     3027     2394     1947     1620     1375     1188     1043      929      838      766      708      661      623      594      571      554      542      536      533      536      542      554      570      592      619      654      696      747      809      883      972     1079     1208     1362     1547     1766     2025     2325     2668     3046     3447     3850     4231     4562     4825     5017     5144     5228     5293     5366     5474     5643     5901     6284     6843     7654     8848    10653    13515    18400    27742    49261   118843   495569   588529  124767
      168030   57473    27006    15065     9351     6246     4405     3240     2465     1930     1547     1267     1056      895      770      672      593      530      479      437      403      375      352      333      318      306      297      291      287      285      285      287      292      299      308      320      336      355      378      406      439      480      529      589      661      750      860      996     1166     1380     1651     1996     2436     2998     3713     4613     5728     7074     8648    10427    12384    14525    16935    19834    23661    29263    38420    55517    94220   216212   769745  744751
       33640   20122    12656     8327     5694     4025     2929     2187     1670     1303     1035      837      687      573      484      414      358      314      278      248      224      204      188      174      163      153      146      139      134      130      128      126      125      125      126      127      130      134      139      145      153      162      173      187      203      223      247      276      311      355      409      477      563      674      817     1006     1259     1603     2080     2754     3729     5172     7370    10828    16473    26089    43142    73195   115309   133155    99464   58643
       95352   30527    13724     7552     4699     3174     2275     1705     1325     1060      870      729      622      540      475      425      384      351      325      304      287      274      264      256      251      248      247      248      251      257      265      275      289      306      326      351      382      419      465      520      588      672      775      903     1061     1255     1493     1778     2109     2477     2860     3223     3529     3751     3881     3936     3945     3941     3954     4009     4132     4350     4700     5241     6075     7390     9574    13527    21754    43326   122194  242951
      172916  143076    63523    29690    16278    10056     6759     4833     3622     2819     2262     1862     1567     1345     1174     1041      936      853      787      734      692      660      635      617      605      600      599      604      615      632      655      686      725      774      834      909     1000     1114     1254     1429     1648     1924     2271     2711     3262     3944     4763     5693     6660     7531     8151     8419     8337     8002     7544     7068     6644     6308     6075     5955     5957     6092     6385     6879     7642     8801    10581    13417    18234    27237    46463   93184
       55759   70966    94343   120765   124767    92971    56392    33072    20219    13072     8900     6334     4680     3568     2796     2242     1836     1532     1299     1118      976      863      772      699      639      590      550      518      491      471      455      443      435      430      429      431      437      447      460      478      501      529      564      606      658      721      799      894     1012     1159     1345     1582     1888     2287     2817     3530     4504     5848     7719    10313    13836    18374    23657    28877    32950    35264    36113    36338    36795    38182    41150   46552
       12281   16579    25490    46560    90983    94669    42915    18196     9154     5279     3350     2278     1633     1220      943      749      610      507      429      369      322      285      256      232      213      198      185      175      167      161      156      153      152      151      152      154      158      163      170      178      189      203      219      240      265      297      336      386      449      532      641      788      991     1277     1693     2319     3295     4862     7409    11340    16253    19672    19210    16229    13150    10871     9389     8530     8163     8239     8800   10012
       15798   25466    53488   126786    97128    30246    11724     5770     3294     2074     1400      996      738      566      446      360      297      249      213      184      162      144      130      118      109      101       95       90       86       83       80       79       78       78       78       79       81       83       86       90       96      102      110      120      132      146      164      187      216      253      300      363      447      563      725      960     1310     1847     2697     4063     6208     9181    12130    13413    12661    11096     9717     8840     8498     8714     9624   11627
       15589   29542    73668   109430    42639    14742     6718     3666     2245     1488     1045      767      584      458      368      303      254      216      187      164      146      131      119      110      102       95       90       86       83       81       79       78       78       78       79       81       83       86       90       95      101      109      118      130      144      161      183      209      243      287      343      416      513      643      821     1065     1399     1850     2436     3135     3862     4470     4841     4969     4950     4903     4925     5094     5490     6242     7606   10176
       10717   20964    57043   119478    51540    16359     7240     3936     2425     1623     1153      858      661      525      427      355      300      258      226      200      179      162      149      138      129      122      116      111      108      105      104      103      103      104      105      107      111      115      120      127      135      144      156      170      186      205      228      256      289      328      375      430      495      569      654      749      852      961     1073     1185     1296     1406     1520     1643     1786     1962     2191     2505     2956     3638     4743    6706
        8514   16015    39625    75776    37237    12658     5656     3071     1885     1257      889      659      506      400      325      269      227      195      170      151      135      122      112      103       97       91       87       83       81       79       78       77       77       78       79       81       84       87       92       97      104      111      121      133      147      163      184      209      239      276      321      376      443      524      618      726      846      973     1100     1221     1330     1427     1515     1601     1699     1820     1984     2216     2559     3086     3943    5461
        8292   10292    13704    19388    26462    27245    18510    10225     5674     3368     2141     1442     1018      747      567      442      353      288      239      202      173      151      133      118      107       97       89       83       78       74       70       67       65       64       63       63       63       63       64       66       68       71       75       79       84       91       99      109      121      135      153      175      203      239      284      343      420      522      658      842     1090     1422     1857     2403     3041     3717     4354     4898     5354     5792     6321    7085
        2505    3199     4493     7230    14065    29372    28835    11967     5011     2543     1482      951      653      472      355      276      221      181      151      128      111       97       87       78       71       65       61       57       54       52       50       49       48       47       47       48       49       50       52       54       57       60       64       70       76       84       94      106      122      141      166      197      238      293      364      460      588      756      967     1215     1471     1687     1820     1857     1826     1764     1705     1672     1679     1740     1871    2106
        1553    2012     2842     4527     8451    16456    17200     8164     3598     1858     1092      704      486      352      266      208      166      136      114       97       84       74       66       59       54       50       46       43       41       39       38       37       36       36       36       36       37       38       39       40       42       45       48       52       56       61       68       76       86       98      113      131      154      182      217      260      312      373      441      514      586      651      705      746      777      803      829      864      914      989     1103    1277
        4075    4910     5761     6406     6493     5821     4634     3402     2407     1694     1208      878      652      495      384      304      245      200      166      140      120      104       91       80       72       65       59       54       50       47       44       42       40       39       38       37       37       37       37       37       37       38       40       41       43       45       48       52       56       61       66       74       82       93      106      121      141      166      196      236      286      350      433      540      680      859     1088     1378     1738     2177     2707    3337
         693     799      974     1274     1821     2871     4688     5806     4049     2096     1113      650      414      281      201      150      116       92       75       62       53       45       40       35       31       29       26       24       23       22       21       20       19       19       19       19       19       19       20       20       21       22       24       25       28       30       33       37       42       48       56       66       79       96      118      147      187      240      309      396      496      594      670      708      706      679      644      613      592      586      597     631
        2525    2510     2598     2814     3181     3689     4185     4264     3613     2578     1686     1089      721      494      351      258      195      151      120       97       80       68       58       50       44       39       35       32       29       27       25       23       22       21       21       20       20       20       20       20       20       21       21       22       23       24       26       28       31       34       37       42       48       55       64       76       91      111      138      175      226      300      407      566      800     1139     1589     2095     2512     2711     2706    2609
        2502    3013     3443     3649     3500     3011     2355     1731     1236      878      630      459      341      259      200      157      126      102       85       71       60       52       45       40       35       32       29       26       24       22       21       20       19       18       18       17       17       17       17       17       17       17       18       18       19       20       21       23       24       26       29       32       35       40       45       52       60       71       84      101      123      151      189      239      306      397      520      686      908     1197     1562    2003
        1136    1501     2116     3208     5055     6875     6039     3625     2006     1176      743      500      355      262      201      158      127      105       88       75       65       57       50       45       41       37       35       32       31       29       28       27       26       26       25       25       25       26       26       27       28       29       30       32       34       36       39       42       46       51       57       63       71       80       91      104      119      137      157      180      206      235      267      302      340      382      429      484      550      634      746     903
        1391    2040     3178     5147     7599     7841     5367     3142     1881     1199      811      576      425      324      254      203      166      138      116       99       86       75       66       59       53       48       44       41       38       36       34       32       31       29       29       28       27       27       27       27       27       28       28       29       30       31       32       34       36       38       41       44       48       52       57       63       70       79       89      100      115      132      153      179      211      251      302      369      457      577      747     999
        1357    2047     3131     4491     5216     4510     3199     2146     1463     1033      755      569      440      347      278      227      188      157      133      113       98       85       75       66       59       53       48       43       40       37       34       32       30       29       27       26       25       25       24       24       24       24       24       24       24       25       26       27       28       29       31       33       35       38       41       45       50       55       62       70       81       93      109      129      154      188      232      292      375      493      667     934
        1129    1166     1201     1256     1350     1501     1713     1957     2113     1995     1586     1107      733      485      329      231      167      124       95       75       60       49       41       34       29       25       22       20       18       16       15       14       13       12       12       11       11       10       10       10       10       10       10       11       11       12       12       13       14       15       16       18       20       22       25       29       34       40       47       57       71       89      113      146      193      259      350      472      625      793      948    1062
         543     494      476      488      535      633      824     1214     2070     3605     3616     1784      793      404      232      147       99       70       52       40       31       25       21       17       15       13       11       10        9        8        7        7        6        6        6        6        5        5        5        5        5        5        5        6        6        6        7        7        8        9        9       11       12       14       16       19       23       28       35       45       59       79      111      160      241      371      564      786      913      873      747     628
        1166    1218     1268     1345     1480     1702     2050     2527     2960     2896     2201     1409      861      539      352      240      171      126       95       74       59       48       40       33       29       25       22       19       17       16       14       13       12       12       11       11       10       10       10       10       10       10       10       10       11       11       12       12       13       14       15       17       19       21       24       27       32       38       45       54       67       84      107      139      184      247      335      456      609      784      953    1083
        1571    1851     1840     1625     1373     1164     1010      901      822      762      709      655      593      522      445      368      297      237      188      149      119       96       78       64       54       45       39       34       29       26       23       21       19       18       16       15       14       14       13       13       12       12       12       12       12       12       13       13       13       14       15       16       17       19       21       23       26       29       33       39       46       55       67       84      107      139      185      255      361      527      784    1152
        1237    1752     2396     3075     3617     3856     3734     3308     2710     2081     1527     1093      777      555      401      295      221      169      131      104       84       68       57       48       41       35       30       27       24       22       20       18       17       15       15       14       13       13       12       12       12       12       12       12       12       12       13       13       14       15       16       17       18       20       22       24       27       31       36       41       49       58       70       86      108      137      177      234      315      433      608     865
         861    1021     1124     1166     1174     1178     1201     1260     1366     1522     1709     1851     1810     1525     1123      769      518      354      248      179      133      102       80       64       52       43       36       31       27       24       21       19       17       16       14       13       13       12       12       11       11       11       11       11       11       11       11       11       12       13       13       14       15       17       18       20       23       26       30       35       41       49       59       73       92      117      153      203      274      374      509     678
         507     751     1083     1450     1724     1813     1761     1664     1582     1533     1507     1473     1388     1221      985      739      530      374      266      192      142      107       82       64       52       42       35       29       25       22       19       17       15       13       12       11       10       10        9        9        8        8        8        8        8        8        8        8        8        9        9        9       10       11       12       13       14       16       18       20       23       27       32       38       47       58       74       95      126      172      240     345
         334     328      324      327      341      374      434      543      746     1154     1975     2824     2088      996      484      265      161      105       73       53       40       31       24       20       16       14       12       10        9        8        7        7        6        6        5        5        5        5        5        4        4        4        4        5        5        5        5        5        6        6        7        7        8        9       10       12       14       16       19       23       29       36       45       59       77      103      138      182      233      282      317     333
         242     340      481      669      878     1041     1093     1041      941      840      757      695      648      612      580      543      498      442      377      312      250      198      156      123       98       78       63       52       43       36       31       27       23       21       18       17       15       14       13       12       11       11       10       10       10        9        9        9        9        9       10       10       10       11       11       12       13       14       16       17       19       22       25       29       35       41       50       62       78      100      131     176
         193     294      457      693      934     1025      931      776      645      557      504      481      484      510      563      642      735      801      771      630      452      306      207      142      101       74       56       43       34       28       23       19       16       14       12       11       10        9        8        7        7        6        6        6        6        6        6        5        5        6        6        6        6        6        7        7        8        8        9       10       12       13       15       18       21       26       32       40       52       68       93     132
         265     354      457      555      624      651      645      624      603      593      597      619      658      711      768      800      774      674      532      393      283      203      148      111       84       65       52       42       35       29       25       21       18       16       15       13       12       11       10       10        9        9        8        8        8        8        8        8        8        8        8        9        9       10       10       11       12       13       15       17       19       22       25       30       35       43       53       66       85      111      146     197
         150     222      344      559      898     1229     1223      937      663      481      368      297      251      221      201      188      180      176      174      174      173      171      167      158      145      129      112       95       80       66       55       46       39       33       28       25       21       19       17       15       14       13       12       11       10       10       10        9        9        9        9        9        9        9       10       10       11       11       12       13       14       16       18       20       23       27       32       39       48       61       79     107
         163     220      283      334      355      345      318      288      264      249      242      245      258      285      331      405      524      700      887      915      702      448      275      174      116       81       59       44       34       27       22       18       15       13       11       10        9        8        7        7        6        6        6        5        5        5        5        5        5        5        5        5        6        6        6        7        7        8        9       10       11       13       15       17       20       25       31       39       50       65       87     119
         129     171      227      295      368      432      471      483      475      457      438      423      411      402      393      378      354      319      275      227      182      143      112       87       69       55       44       36       30       25       21       18       16       14       12       11       10        9        9        8        7        7        7        6        6        6        6        6        6        6        6        7        7        7        7        8        9        9       10       11       13       14       16       19       22       26       31       38       47       59       75      98
         148     177      209      247      289      336      389      448      512      579      642      686      693      652      568      465      365      280      214      165      128      101       80       65       54       45       38       32       28       24       22       19       17       16       15       13       13       12       11       11       10       10       10       10       10       10       10       10       10       10       11       11       12       12       13       14       15       17       18       20       23       26       29       34       39       45       53       62       73       87      104     124
         224     264      294      309      311      304      295      288      287      292      306      332      370      426      499      580      634      616      515      384      271      190      135       98       74       56       44       36       29       24       21       18       15       14       12       11       10        9        9        8        8        7        7        7        7        7        7        7        7        7        7        8        8        9        9       10       11       12       14       16       18       21       25       29       35       43       54       67       86      111      142     181
         173     209      247      286      323      357      388      419      452      491      540      600      669      738      781      765      677      544      410      300      219      162      121       93       73       58       47       39       33       28       24       21       18       16       15       13       12       12       11       10       10        9        9        9        9        9        9        9        9        9        9       10       10       11       12       12       14       15       16       18       21       23       27       31       37       43       52       63       76       94      115     142
         125     125      123      122      123      125      131      141      157      181      218      277      371      515      689      752      600      387      238      151      101       71       52       39       30       24       20       17       14       12       11        9        8        8        7        6        6        6        5        5        5        5        5        5        5        5        5        5        6        6        6        7        7        8        9       10       11       13       15       18       21       25       30       37       45       55       67       81       95      108      117     123
         142     158      174      191      211      236      268      312      371      450      547      642      677      610      472      334      231      161      115       85       64       50       39       32       26       22       19       16       14       12       11       10        9        8        8        7        7        7        6        6        6        6        6        6        6        6        6        7        7        7        8        8        9       10       11       12       13       15       17       19       22       26       30       36       42       50       60       71       83       97      112     127
         107     117      127      138      148      159      172      185      201      218      236      253      266      271      264      245      216      182      150      122       98       80       65       53       44       37       32       28       24       21       19       17       15       14       13       12       11       11       10       10       10        9        9        9        9        9        9       10       10       10       11       11       12       13       14       15       16       18       20       22       24       27       31       35       40       46       53       60       68       78       87      97
          75     103      145      204      282      361      403      389      339      283      237      203      180      164      154      150      149      153      159      169      181      191      198      195      180      156      128      102       80       63       49       39       32       26       22       18       16       14       12       11       10        9        8        7        7        7        6        6        6        6        6        6        6        6        6        6        7        7        7        8        9       10       11       12       14       16       19       23       28       34       43      56
         121     176      246      307      324      293      244      201      169      147      133      125      123      125      132      145      165      196      238      286      322      313      256      185      127       88       62       45       34       26       21       17       14       11       10        8        7        7        6        5        5        5        4        4        4        4        4        4        4        4        4        4        4        4        4        4        5        5        6        6        7        8       10       11       13       16       20       25       33       43       59      83
         151     226      285      274      216      160      121       95       79       69       62       58       56       56       58       62       68       76       86       98      109      113      107       91       72       55       41       31       24       18       15       12       10        8        7        6        5        5        4        4        3        3        3        3        3        3        3        2        2        3        3        3        3        3        3        3        4        4        4        5        6        6        8        9       11       14       17       23       31       43       63      96
         118     137      143      134      118      102       88       78       70       65       62       61       62       64       68       74       82       91      100      107      107       99       85       68       53       41       31       24       19       16       13       11        9        8        7        6        5        5        4        4        4        3        3        3        3        3        3        3        3        3        3        3        3        4        4        4        4        5        5        6        7        8       10       12       14       18       22       29       38       51       70      93
          45      54       65       79       97      121      150      187      227      266      293      297      278      244      205      168      137      112       92       76       64       54       46       39       34       30       26       23       21       18       17       15       14       13       12       11       10        9        9        9        8        8        8        7        7        7        7        7        7        7        7        7        7        8        8        8        8        9        9       10       11       12       13       14       15       17       19       22       25       28       33      38
          73      81       87       93       99      104      109      115      123      134      149      170      199      238      287      342      379      371      312      234      167      118       85       63       48       37       29       24       20       16       14       12       11        9        8        8        7        6        6        6        5        5        5        5        5        5        5        5        5        5        5        6        6        6        7        7        8        9       10       11       12       14       16       18       21       25       30       35       41       48       56      65
          36      42       51       61       75       91      113      139      173      212      254      290      309      301      269      224      179      140      109       86       68       54       44       36       30       25       21       18       16       14       12       11       10        9        8        7        7        6        6        5        5        5        5        5        5        4        4        4        4        4        5        5        5        5        5        5        6        6        7        7        8        8        9       10       12       13       15       17       19       22       26      30
          58      68       78       88       95       99      101      101      100      100      100      100      103      107      112      120      128      138      145      148      143      130      112       92       73       58       46       37       29       24       20       17       14       12       11        9        8        7        7        6        6        5        5        5        5        5        4        4        4        4        4        5        5        5        5        5        6        6        7        7        8        9       11       12       14       16       19       23       27       33       40      48
          72      90      107      122      131      134      132      127      121      116      112      110      110      112      116      120      125      129      129      124      113       98       81       65       52       41       33       27       22       18       15       13       11        9        8        7        6        6        5        5        5        4        4        4        4        4        4        4        4        4        4        4        4        4        4        5        5        6        6        7        8        9       10       11       13       16       19       23       29       36       46      58
          67     101      147      182      179      146      111       85       68       56       48       43       40       39       38       39       41       44       50       57       66       78       89       96       92       78       61       46       34       25       19       15       12        9        8        6        5        5        4        4        3        3        3        2        2        2        2        2        2        2        2        2        2        2        2        2        3        3        3        3        4        4        5        6        7        8       10       13       17       23       31      45
          40      55       75      101      127      142      141      127      109       93       80       71       65       61       59       59       61       65       71       79       91      105      120      129      127      111       88       66       49       37       28       21       17       13       11        9        8        7        6        5        4        4        4        3        3        3        3        3        3        3        3        3        3        3        3        3        3        3        3        4        4        5        5        6        7        8        9       11       14       18       23      30
          43      48       52       55       56       56       56       56       56       57       58       61       66       73       84       99      120      147      178      201      197      164      121       85       60       43       32       24       19       15       12       10        8        7        6        5        5        4        4        4        3        3        3        3        3        3        3        3        3        3        3        3        3        3        3        4        4        4        5        5        6        7        8        9       11       12       15       18       22       26       31      37
