SWAN 1
LOCATIONS
     1
     -67.28  18.38
AFREQ
     56
     0.0300
     0.0400
     0.0500
     0.0600
     0.0700
     0.0800
     0.0900
     0.1000
     0.1100
     0.1200
     0.1300
     0.1400
     0.1500
     0.1600
     0.1700
     0.1800
     0.1900
     0.2000
     0.2100
     0.2200
     0.2300
     0.2400
     0.2500
     0.2600
     0.2700
     0.2800
     0.2900
     0.3000
     0.3100
     0.3200
     0.3300
     0.3400
     0.3500
     0.3600
     0.3700
     0.3800
     0.3900
     0.4000
     0.4100
     0.4200
     0.4300
     0.4400
     0.4500
     0.4600
     0.4700
     0.4800
     0.4900
     0.5000
     0.5100
     0.5200
     0.5300
     0.5400
     0.5500
     0.5600
     0.5700
     0.5800
NDIR
     72
     5.0000
     10.0000
     15.0000
     20.0000
     25.0000
     30.0000
     35.0000
     40.0000
     45.0000
     50.0000
     55.0000
     60.0000
     65.0000
     70.0000
     75.0000
     80.0000
     85.0000
     90.0000
     95.0000
     100.0000
     105.0000
     110.0000
     115.0000
     120.0000
     125.0000
     130.0000
     135.0000
     140.0000
     145.0000
     150.0000
     155.0000
     160.0000
     165.0000
     170.0000
     175.0000
     180.0000
     185.0000
     190.0000
     195.0000
     200.0000
     205.0000
     210.0000
     215.0000
     220.0000
     225.0000
     230.0000
     235.0000
     240.0000
     245.0000
     250.0000
     255.0000
     260.0000
     265.0000
     270.0000
     275.0000
     280.0000
     285.0000
     290.0000
     295.0000
     300.0000
     305.0000
     310.0000
     315.0000
     320.0000
     325.0000
     330.0000
     335.0000
     340.0000
     345.0000
     350.0000
     355.0000
     360.0000
QUANT
     1
VaDens
m2/Hz/degr
     -999.000000
FACTOR
     1.00000E-06
          57      56       55       54       55       56       57       59       62       66       70       74       79       84       89       93       96       97       95       91       85       78       70       63       56       50       45       41       37       34       31       29       27       26       24       24       23       22       22       22       22       23       23       24       25       27       28       30       33       36       40       44       49       55       62       70       78       86       93       99      102      103      101       97       91       85       80       74       69       65       62      59
         187     168      154      144      138      134      133      134      137      143      152      165      182      205      234      273      322      382      449      510      546      538      487      413      336      270      218      177      147      123      105       92       81       72       66       61       57       53       51       49       48       48       48       49       50       52       54       57       62       68       75       84       97      113      135      166      209      273      369      518      749     1077     1412     1504     1273      944      680      501      384      306      252     214
        5820    5508     5072     4534     3937     3332     2765     2264     1843     1499     1222     1003      830      693      584      498      428      372      327      290      259      234      213      196      181      169      159      151      144      139      135      132      129      128      128      129      130      133      136      141      147      154      163      174      187      202      221      244      271      304      344      394      455      530      625      744      894     1083     1322     1621     1991     2438     2959     3536     4135     4708     5207     5601     5875     6031     6075    6006
       60769   24363    12689     7627     5024     3529     2603     1994     1575     1278     1059      896      771      674      597      536      487      448      417      391      371      355      343      335      329      327      327      330      337      346      359      376      397      423      456      497      547      610      688      787      912     1075     1288     1572     1958     2495     3257     4361     5984     8359    11681    15752    19445    21061    20110    17761    15297    13300    11879    10983    10548    10548    11016    12070    13985    17363    23641    36918    73141   248894  1142040  284753
      101848   46983    26186    16348    11020     7856     5848     4507     3575     2905     2412     2039     1753     1530     1354     1214     1101     1009      935      876      828      790      760      738      723      715      712      716      726      742      765      796      835      885      947     1023     1117     1233     1376     1556     1782     2072     2446     2937     3596     4498     5764     7592    10314    14503    21151    31850    48466    70378    88805    91539    80464    66475    55349    47906    43555    41739    42267    45430    52285    65489    92097   155271   372369  2140730  2513990  326231
       65992   30013    16503    10186     6800     4807     3551     2717     2141     1729     1427     1199     1025      890      783      698      630      575      530      493      464      440      421      407      396      389      385      384      387      393      402      414      431      453      479      512      552      601      661      735      827      941     1083     1264     1497     1799     2196     2725     3441     4417     5757     7583    10011    13054    16478    19707    22040    23137    23236    22891    22625    22823    23803    25958    29970    37274    51385    82887   176236   603507   860880  207665
       74373   42521    25994    16919    11597     8290     6135     4674     3650     2913     2369     1960     1647     1403     1210     1057      934      833      751      683      628      581      543      511      485      463      446      433      423      416      412      411      413      418      426      437      451      469      492      519      551      590      637      692      759      838      934     1048     1188     1357     1565     1820     2136     2530     3023     3645     4431     5432     6713     8362    10504    13321    17094    22291    29734    40967    59030    89879   142102   204829   204549  133527
      267929  145259    57923    27365    15149     9359     6249     4420     3269     2506     1979     1603     1326     1119      960      836      739      662      599      549      508      476      449      429      412      401      392      388      386      388      394      402      415      432      454      481      515      556      608      671      750      849      974     1133     1339     1609     1972     2467     3160     4152     5610     7799    11119    16040    22656    29564    33568    32814    29055    24872    21503    19177    17800    17260    17537    18744    21213    25703    33962    50480    88534  183347
       87010  196839    76529    23169    10226     5592     3475     2350     1688     1270      991      797      657      554      475      415      368      331      302      278      260      245      233      225      218      214      213      213      215      219      225      234      246      261      280      303      333      370      417      476      553      654      789      972     1229     1599     2150     3002     4358     6539     9822    13607    15481    13945    10900     8247     6389     5158     4350     3823     3491     3306     3241     3289     3461     3786     4328     5212     6702     9416    15075   29976
      121003  155979   101989    47254    23143    12770     7768     5086     3523     2552     1917     1484     1179      957      793      668      572      497      437      389      351      320      294      273      256      242      231      223      216      212      209      208      208      210      214      220      228      238      250      266      285      308      337      371      414      466      531      613      717      850     1022     1250     1555     1969     2539     3333     4444     5988     8071    10704    13662    16443    18512    19706    20325    20879    21874    23824    27441    34061    46641   72128
       16720   22100    27928    29256    23187    15155     9422     6005     4005     2796     2033     1530     1187      945      769      638      540      463      404      357      319      289      264      244      228      215      204      196      190      186      183      181      182      183      187      192      198      207      218      232      249      270      295      327      365      413      473      548      645      770      933     1149     1439     1831     2365     3084     4029     5196     6482     7654     8438     8707     8565     8227     7884     7656     7611     7803     8294     9189    10665   13024
       20692   28813    39715    46295    38725    24783    14696     8969     5779     3924     2788     2058     1568     1228      984      806      672      569      490      427      377      337      304      278      256      238      224      212      202      195      189      185      182      181      181      183      186      190      196      204      213      225      239      257      278      303      333      370      414      468      533      614      712      834      985     1172     1402     1684     2025     2429     2897     3423     3996     4604     5242     5918     6664     7540     8645    10140    12288   15546
       29559   35539    30355    20175    12610     8140     5539     3961     2956     2285     1819     1486     1240     1054      911      800      712      641      584      538      500      469      444      424      408      396      387      381      378      377      378      382      389      398      409      423      440      459      482      508      537      570      606      646      690      738      789      843      900      960     1023     1088     1155     1226     1300     1380     1467     1564     1675     1805     1961     2151     2389     2694     3093     3629     4372     5438     7035     9535    13618   20293
        6020   10074    16584    18501    11765     6161     3426     2094     1386      975      720      552      437      355      295      250      216      189      168      152      138      128      119      112      107      102       99       97       95       95       95       96       98      101      104      109      115      122      131      141      154      169      187      209      235      266      303      347      398      457      522      591      662      731      792      842      879      905      923      936      949      966      993     1034     1095     1182     1309     1492     1761     2171     2827    3947
       12062   21473    32160    26167    13705     7098     4080     2576     1748     1253      938      727      580      474      395      336      290      254      225      202      184      169      157      147      139      132      127      123      120      118      117      117      118      120      122      125      130      135      142      150      159      170      183      199      216      237      261      288      320      356      396      441      491      545      603      664      728      795      865      938     1017     1105     1206     1326     1476     1670     1930     2291     2818     3627     4960    7350
        2124    2649     3417     4580     6340     8721    10719    10251     7553     4899     3139     2081     1439     1037      774      595      469      379      312      261      222      192      168      149      133      120      110      101       94       88       84       80       77       74       72       71       70       70       70       71       72       74       76       79       83       87       92       98      105      113      123      134      148      163      182      203      228      258      292      332      377      430      490      559      637      726      829      948     1089     1260     1473    1751
        2601    3811     5870     8883    10898     9144     5900     3623     2323     1579     1131      846      656      524      429      359      306      265      233      208      187      170      157      146      137      129      123      118      114      111      109      108      107      106      107      108      109      111      114      117      121      125      130      135      141      148      156      164      172      182      192      202      214      226      240      254      270      287      307      329      354      383      419      461      513      579      663      773      921     1128     1427    1880
        2246    2753     3493     4504     5580     6011     5204     3752     2501     1663     1138      808      594      451      352      282      230      192      163      140      122      108       97       88       80       74       70       66       62       60       58       57       56       55       55       56       57       58       60       62       66       69       74       80       87       95      105      117      132      150      173      200      234      276      327      389      463      550      647      750      853      949     1032     1099     1153     1201     1250     1310     1390     1504     1666    1902
        1343    1781     2429     3331     4299     4681     4026     2909     1973     1345      945      688      517      400      318      258      213      180      154      133      117      104       93       84       77       71       66       62       59       56       54       52       51       50       49       48       48       48       49       50       51       52       54       56       58       61       65       68       73       78       84       90       98      106      116      127      139      153      169      187      207      231      258      289      326      371      425      492      577      688      838    1045
        2002    2105     2132     2108     2057     2000     1946     1897     1848     1788     1708     1597     1452     1281     1097      918      755      616      501      409      336      278      232      196      167      144      126      111       99       88       80       73       68       63       59       56       53       51       50       49       48       48       47       48       48       50       51       53       55       58       62       67       72       79       87       97      109      124      142      165      194      231      279      341      422      528      666      841     1058     1310     1575    1819
         842    1044     1319     1686     2142     2607     2881     2770     2327     1794     1336      995      752      580      458      368      302      252      214      184      160      141      126      113      103       94       87       81       76       72       69       66       64       62       60       59       59       58       58       59       59       60       61       63       65       67       70       73       76       80       85       90       95      102      109      117      126      136      148      161      175      192      211      233      259      289      325      369      424      492      579     692
        1392    1869     2498     3145     3439     3105     2401     1728     1231      892      664      508      399      321      263      219      186      159      139      122      109       98       89       81       75       70       65       62       59       56       54       52       51       50       49       48       48       48       49       49       50       51       52       54       56       58       61       64       67       71       75       80       86       92      100      108      118      129      141      156      173      193      217      245      280      323      377      445      536      656      823    1057
        1837    2763     4066     5267     5359     4324     3117     2211     1606     1205      932      739      599      494      413      349      298      256      222      194      170      150      133      119      106       96       87       79       73       67       62       58       54       51       48       46       44       43       41       40       40       39       39       39       39       39       40       41       42       44       46       48       51       55       59       63       69       76       85       95      108      124      144      169      201      244      300      378      488      646      883    1251
        2950    8613     9714     3757     1655      931      611      443      344      282      241      212      192      179      169      162      158      155      153      152      151      148      144      139      131      122      112      101       90       80       71       62       55       49       44       39       36       32       30       28       26       24       23       22       21       21       20       20       20       20       21       21       22       23       24       26       28       30       33       37       42       48       56       67       82      103      133      178      252      380      631    1213
        2228    1616     1115      801      609      489      411      359      324      301      285      276      272      270      270      269      265      258      244      226      203      179      154      131      111       94       80       68       59       51       45       40       35       32       29       27       25       23       22       21       20       19       19       19       18       18       19       19       20       20       21       23       24       26       28       31       35       39       45       53       63       76       94      119      155      210      297      442      694     1141     1834    2408
         673     594      538      501      481      477      488      515      559      619      692      763      801      773      674      538      407      302      224      169      130      102       81       66       55       46       40       34       30       27       24       22       20       19       18       17       16       16       15       15       15       15       15       15       15       16       17       18       19       20       22       24       27       30       34       39       46       54       65       80      100      128      167      224      306      421      572      740      873      913      863     768
         591     537      487      447      420      407      406      419      446      488      547      620      692      731      700      597      464      342      248      182      136      103       81       64       52       43       36       31       27       23       21       19       17       16       15       14       13       12       12       12       11       11       11       11       11       12       12       13       13       14       15       16       18       20       22       25       28       33       39       46       57       70       88      114      149      199      268      359      466      566      626     629
         869     972      923      781      631      510      419      353      304      268      239      217      198      181      166      151      137      123      110       97       85       75       65       57       49       43       38       33       30       26       24       22       20       18       17       16       15       14       13       13       12       12       12       12       12       12       12       12       13       13       14       14       15       16       18       20       22       24       28       32       37       43       52       63       79      100      130      174      239      337      481     672
        1188     834      551      385      290      234      199      178      166      160      160      166      177      193      216      242      268      283      274      241      195      150      113       85       65       50       40       32       26       22       19       16       14       12       11       10        9        8        8        7        7        7        7        7        6        6        7        7        7        7        7        8        8        9       10       11       12       14       16       19       23       27       34       43       57       78      111      166      268      462      816    1214
         604     478      378      310      267      240      226      223      229      248      282      339      438      613      921     1354     1486     1035      576      324      197      128       88       64       48       37       30       24       20       17       15       13       11       10        9        9        8        7        7        7        7        6        6        6        6        6        6        7        7        7        8        8        9       10       11       12       14       16       19       23       28       34       44       57       76      106      153      229      350      519      674     702
         485     518      512      484      450      422      405      399      407      430      472      534      620      719      793      781      663      496      349      242      170      123       91       70       54       44       35       29       25       21       19       16       15       13       12       11       10       10        9        9        8        8        8        8        8        8        8        8        9        9        9       10       11       12       13       14       16       18       20       24       28       33       40       50       62       80      104      138      185      249      330     416
         505     532      513      471      428      395      374      367      374      397      438      502      592      696      770      745      609      438      299      204      142      102       76       58       45       36       29       24       21       18       15       13       12       11       10        9        8        8        7        7        7        7        7        7        7        7        7        7        7        7        8        8        9       10       11       12       13       15       17       20       24       29       35       44       55       72       95      128      176      244      332     429
         298     349      396      439      481      527      585      663      773      926     1122     1309     1349     1149      826      547      359      241      167      120       89       68       53       42       34       29       24       21       18       16       14       12       11       10       10        9        8        8        8        7        7        7        7        7        7        7        7        7        8        8        9        9       10       11       12       13       15       16       19       22       25       29       35       42       52       64       80      100      127      160      201     248
         397     456      493      505      498      481      463      449      441      440      446      456      468      477      473      450      406      348      285      227      178      139      110       87       71       58       48       40       34       29       26       23       20       18       17       15       14       13       13       12       11       11       11       11       11       11       11       11       11       12       12       13       14       15       16       17       19       21       24       27       31       37       43       52       63       78       97      124      158      204      261     328
         429     807     1250     1225      871      601      448      365      322      304      306      326      365      423      486      513      459      344      231      152      101       70       49       36       27       21       17       14       11        9        8        7        6        5        5        4        4        4        3        3        3        3        3        3        3        3        3        3        3        3        3        3        3        4        4        4        5        6        6        7        8       10       12       15       19       24       31       42       60       88      139     234
         576    1162     1334      849      503      337      254      211      189      182      188      206      244      312      430      614      756      629      376      208      121       75       50       35       25       19       15       12       10        8        7        6        5        4        4        3        3        3        3        2        2        2        2        2        2        2        2        2        2        2        2        2        3        3        3        3        4        4        5        6        7        8       10       12       16       20       27       38       55       86      145     272
         257     298      329      349      360      367      376      388      409      440      480      526      565      573      529      441      338      248      179      131       97       73       57       45       36       29       24       21       18       15       13       12       11       10        9        8        8        7        7        7        6        6        6        6        6        6        6        6        7        7        7        8        8        9       10       11       12       13       15       17       20       24       28       34       41       51       64       82      104      134      170     213
         294     282      250      216      189      170      159      155      158      168      189      224      285      391      575      830      920      659      373      210      127       82       56       40       30       23       18       15       12       10        9        8        7        6        5        5        5        4        4        4        4        4        3        3        3        3        3        4        4        4        4        4        5        5        6        6        7        8        9       11       13       16       20       25       32       42       57       78      111      157      215     269
         258     219      186      162      147      139      137      141      153      176      215      286      421      703     1223     1424      835      393      203      118       75       51       37       27       21       17       13       11        9        8        7        6        5        5        5        4        4        4        3        3        3        3        3        3        3        3        3        4        4        4        4        5        5        6        6        7        8        9       11       13       16       21       26       34       46       64       91      131      187      250      292     291
         161     142      127      116      109      106      106      111      120      136      162      205      279      409      622      823      721      440      246      145       92       62       44       33       25       20       16       13       11       10        8        7        7        6        5        5        5        4        4        4        4        4        4        4        4        4        4        4        5        5        5        6        6        7        8        9       10       12       14       17       21       26       33       43       57       77      104      136      169      190      193     180
         122     141      153      158      156      151      147      144      145      149      159      175      201      240      296      366      426      425      347      245      163      109       75       54       40       30       24       19       15       13       11        9        8        7        6        6        5        5        4        4        4        4        4        3        3        3        3        3        4        4        4        4        4        5        5        5        6        7        7        8       10       11       13       16       19       24       30       38       49       63       80     101
         432     355      257      189      147      123      108      101       99      103      112      131      163      221      333      542      771      647      348      179      100       61       41       28       21       16       12       10        8        7        6        5        4        4        3        3        3        2        2        2        2        2        2        2        2        2        2        2        2        2        2        2        3        3        3        4        4        5        6        7        8       10       12       16       20       28       39       58       91      150      254     385
         191     192      167      136      112       95       84       78       75       76       81       91      108      138      193      301      509      716      549      279      141       79       49       33       23       17       13       10        8        7        5        5        4        3        3        3        2        2        2        2        2        2        2        2        2        2        2        2        2        2        2        2        2        2        3        3        3        4        4        5        6        7        9       11       14       19       25       35       51       75      112     157
         465     324      210      147      112       91       80       74       72       74       80       92      114      152      225      374      614      640      364      177       94       56       36       25       18       13       10        8        7        5        5        4        3        3        3        2        2        2        2        2        2        2        2        1        1        1        1        2        2        2        2        2        2        2        3        3        3        4        4        5        6        8       10       13       17       24       34       52       85      151      281     453
         176     186      188      186      183      182      184      192      207      231      267      317      379      430      431      363      265      182      123       85       61       45       34       26       21       17       14       12       10        9        8        7        6        5        5        5        4        4        4        4        4        3        3        3        3        3        4        4        4        4        4        5        5        5        6        7        8        9       10       12       14       16       20       25       31       39       50       65       84      107      133     157
         136     225      367      517      546      451      343      267      221      193      179      176      181      195      218      248      278      288      259      202      143       98       67       47       34       26       20       15       12       10        8        7        6        5        4        4        4        3        3        3        3        2        2        2        2        2        2        2        2        2        2        2        2        3        3        3        3        4        4        5        5        6        7        9       11       13       17       21       29       40       57      86
         141     100       74       59       49       43       40       38       38       39       42       47       56       70       94      140      227      366      408      261      136       75       45       29       20       15       11        9        7        6        5        4        3        3        3        2        2        2        2        2        2        2        2        1        1        1        2        2        2        2        2        2        2        2        3        3        4        4        5        6        7        9       12       16       22       32       49       79      131      201      235     197
         442     235      123       76       54       42       35       31       29       28       29       31       36       43       57       83      141      305      688      544      192       80       41       24       16       11        8        6        5        4        3        2        2        2        1        1        1        1        1        1        1        1        1        1        1        1        1        1        1        1        1        1        1        1        1        1        1        2        2        2        3        4        5        6        8       11       16       25       42       80      180     402
         474     308      172      107       76       58       48       43       40       39       39       42       47       56       71       97      145      226      301      253      146       80       46       29       20       14       10        8        6        5        4        3        3        2        2        2        2        1        1        1        1        1        1        1        1        1        1        1        1        1        1        1        1        1        2        2        2        2        3        3        4        5        6        8       10       14       20       30       49       89      181     373
         161     152      126      100       81       67       58       52       49       47       47       49       53       59       68       82       99      120      134      129      107       78       55       38       27       20       15       12        9        8        6        5        4        4        3        3        3        2        2        2        2        2        2        2        2        2        2        2        2        2        2        2        2        2        3        3        3        4        4        5        6        7        8       10       13       17       24       33       47       70      102     139
         113     107       97       88       81       76       74       75       78       84       95      111      133      158      177      174      144      104       72       49       34       25       18       14       11        9        7        6        5        4        4        3        3        3        2        2        2        2        2        2        2        2        1        1        1        2        2        2        2        2        2        2        2        3        3        3        4        4        5        6        7        9       11       14       18       24       32       43       59       78       97     110
         182     171      137      105       83       69       60       56       54       54       58       66       79      103      148      240      425      571      381      180       90       51       32       21       15       11        8        6        5        4        4        3        3        2        2        2        2        1        1        1        1        1        1        1        1        1        1        1        1        1        1        1        1        2        2        2        2        2        3        3        4        5        6        8       10       14       19       28       41       64      101     149
         140     165      159      134      110       91       79       72       69       70       75       86      105      141      215      382      705      729      352      155       79       46       29       20       14       10        8        6        5        4        3        3        2        2        2        2        1        1        1        1        1        1        1        1        1        1        1        1        1        1        1        1        1        1        2        2        2        2        3        3        4        4        5        7        8       11       15       20       29       43       66      99
          89     128      150      139      112       87       70       59       52       48       47       48       51       58       70       91      131      209      349      426      280      139       72       42       26       18       13        9        7        6        4        4        3        3        2        2        2        1        1        1        1        1        1        1        1        1        1        1        1        1        1        1        1        1        1        1        1        2        2        2        3        3        4        5        6        7        9       13       17       25       37      58
         120      61       37       26       20       16       13       12       11       11       11       11       12       13       15       18       24       34       55      112      343      924      340       95       41       22       14        9        6        5        4        3        2        2        2        1        1        1        1        1        1        1        1        1        1        0        0        1        1        1        1        1        1        1        1        1        1        1        2        2        3        3        4        6        8       11       18       30       59      138      301     261
          87      67       51       40       33       29       26       25       24       25       27       30       35       45       63      100      200      587     1193      428      132       59       32       20       13        9        7        5        4        3        3        2        2        2        1        1        1        1        1        1        1        1        1        1        1        1        1        1        1        1        1        1        1        1        1        1        2        2        2        3        3        4        5        7       10       13       19       28       44       66       91     100
