SWAN 1
LOCATIONS
     1
     -67.28  18.38
AFREQ
     56
     0.0300
     0.0400
     0.0500
     0.0600
     0.0700
     0.0800
     0.0900
     0.1000
     0.1100
     0.1200
     0.1300
     0.1400
     0.1500
     0.1600
     0.1700
     0.1800
     0.1900
     0.2000
     0.2100
     0.2200
     0.2300
     0.2400
     0.2500
     0.2600
     0.2700
     0.2800
     0.2900
     0.3000
     0.3100
     0.3200
     0.3300
     0.3400
     0.3500
     0.3600
     0.3700
     0.3800
     0.3900
     0.4000
     0.4100
     0.4200
     0.4300
     0.4400
     0.4500
     0.4600
     0.4700
     0.4800
     0.4900
     0.5000
     0.5100
     0.5200
     0.5300
     0.5400
     0.5500
     0.5600
     0.5700
     0.5800
NDIR
     72
     5.0000
     10.0000
     15.0000
     20.0000
     25.0000
     30.0000
     35.0000
     40.0000
     45.0000
     50.0000
     55.0000
     60.0000
     65.0000
     70.0000
     75.0000
     80.0000
     85.0000
     90.0000
     95.0000
     100.0000
     105.0000
     110.0000
     115.0000
     120.0000
     125.0000
     130.0000
     135.0000
     140.0000
     145.0000
     150.0000
     155.0000
     160.0000
     165.0000
     170.0000
     175.0000
     180.0000
     185.0000
     190.0000
     195.0000
     200.0000
     205.0000
     210.0000
     215.0000
     220.0000
     225.0000
     230.0000
     235.0000
     240.0000
     245.0000
     250.0000
     255.0000
     260.0000
     265.0000
     270.0000
     275.0000
     280.0000
     285.0000
     290.0000
     295.0000
     300.0000
     305.0000
     310.0000
     315.0000
     320.0000
     325.0000
     330.0000
     335.0000
     340.0000
     345.0000
     350.0000
     355.0000
     360.0000
QUANT
     1
VaDens
m2/Hz/degr
     -999.000000
FACTOR
     1.00000E-06
          49      47       44       42       39       36       33       31       28       26       24       23       21       20       19       17       17       16       15       14       14       13       13       13       12       12       12       12       12       12       12       12       12       12       12       12       12       13       13       13       14       14       15       15       16       16       17       17       18       19       20       21       22       23       25       26       28       30       32       34       36       38       41       43       46       48       50       52       53       53       52      51
         261     283      307      334      363      390      414      428      430      418      392      355      314      273      235      202      174      150      130      114      100       89       80       73       66       61       57       53       50       48       46       44       43       42       42       41       41       41       42       43       44       45       46       48       51       53       56       59       63       67       72       77       82       88       95      101      108      115      122      129      136      143      150      157      165      172      181      190      201      213      227     243
       29904   11046     5047     2822     1794     1242      915      705      564      464      391      337      295      263      237      217      201      188      178      169      163      158      154      152      150      150      150      151      153      156      159      163      167      172      177      183      188      194      200      205      211      216      221      225      229      233      237      241      246      251      257      264      273      284      297      314      335      360      393      435      488      559      654      786      974     1258     1713     2507     4072     7777    18897   42967
      103805   33717    15574     8797     5606     3870     2830     2160     1707     1387     1153      978      845      741      658      593      540      497      462      434      411      392      377      366      358      352      349      348      349      353      358      366      376      389      404      422      442      465      491      521      554      590      629      672      719      768      821      877      935      996     1061     1129     1202     1282     1369     1468     1583     1718     1881     2083     2340     2673     3118     3736     4627     5985     8209    12238    20731    43640   132674  274591
      765666   96217    36032    18882    11688     8008     5879     4542     3650     3029     2580     2249     1999     1809     1664     1552     1469     1407     1365     1339     1329     1334     1353     1386     1436     1502     1586     1691     1820     1975     2159     2374     2620     2895     3190     3488     3766     3993     4141     4188     4133     3989     3784     3546     3300     3065     2851     2665     2509     2382     2284     2213     2169     2151     2161     2199     2269     2377     2529     2738     3021     3406     3934     4676     5752     7386    10032    14727    24303    49085   155954 1822280
      924789  124614    42271    21018    12557     8368     6001     4539     3576     2910     2433     2081     1815     1611     1452     1328     1229     1152     1092     1046     1011      988      973      967      970      980      998     1024     1058     1101     1153     1213     1284     1363     1453     1551     1656     1766     1878     1988     2091     2182     2258     2314     2352     2370     2374     2365     2349     2332     2317     2309     2312     2330     2366     2425     2512     2633     2797     3016     3309     3701     4234     4976     6038     7627    10149    14502    23018    43484   116940  785178
      390643  377999   155599    65763    33655    19735    12695     8726     6303     4735     3671     2922     2379     1975     1669     1431     1245     1097      978      882      804      739      686      643      608      579      556      538      524      515      510      508      510      516      525      539      556      579      606      640      680      728      785      852      932     1028     1141     1275     1436     1627     1855     2126     2449     2832     3283     3810     4423     5127     5931     6843     7880     9068    10458    12135    14243    17030    20936    26792    36333    53651    90103  182278
      110438  146735   158427   124005    78128    46908    29093    18982    13001     9287     6875     5246     4108     3291     2689     2237     1891     1622     1410     1241     1105      994      904      829      768      718      677      644      617      595      579      568      561      558      559      565      574      588      607      631      661      698      742      796      860      936     1029     1139     1273     1434     1631     1871     2166     2529     2977     3533     4220     5070     6114     7386     8917    10733    12854    15301    18115    21384    25287    30158    36586    45593    58949   79527
      110041  159867   204724   182380   113343    62593    35663    21679    14011     9534     6770     4982     3777     2939     2339     1899     1569     1318     1123      970      848      750      671      606      553      510      474      444      420      400      384      372      363      357      353      352      354      358      365      375      388      404      425      450      480      516      560      613      677      755      850      965     1108     1286     1509     1790     2148     2607     3201     3973     4982     6300     8018    10241    13086    16679    21167    26773    33902    43363    56760   77185
       86345   68703    50416    35965    25648    18504    13566    10118     7677     5922     4642     3694     2982     2441     2024     1699     1443     1240     1076      944      836      747      674      613      563      521      486      456      432      412      396      383      373      366      361      360      360      363      369      377      388      403      421      442      469      501      539      585      641      707      788      885     1005     1153     1336     1566     1858     2232     2717     3355     4206     5359     6945     9167    12333    16922    23659    33566    47745    66179    84721   93627
       61820   58976    43858    28375    17904    11611     7846     5521     4028     3033     2347     1861     1506     1242     1042      887      766      670      593      531      480      439      405      377      354      335      320      308      298      292      287      285      285      286      290      297      305      317      331      348      369      395      425      462      506      559      623      701      795      910     1052     1226     1441     1708     2038     2447     2950     3564     4301     5171     6179     7322     8603    10040    11681    13628    16063    19288    23792    30322    39774   51979
       11685   11913    12318    12789    13071    12784    11636     9741     7590     5655     4141     3037     2256     1705     1314     1033      827      674      558      469      400      346      303      268      240      217      198      183      170      160      152      145      140      135      133      131      130      130      132      134      137      142      148      155      165      176      190      207      227      252      283      321      368      428      504      603      731      901     1130     1441     1870     2465     3289     4408     5853     7551     9260    10632    11437    11718    11705   11641
       11037    8630     6903     5652     4718     3993     3408     2921     2505     2146     1833     1562     1329     1130      962      820      702      604      522      454      398      351      312      280      253      230      211      194      181      169      160      152      146      141      136      134      132      131      130      131      133      136      140      145      151      159      169      181      195      212      233      259      291      330      379      441      521      625      762      947     1202     1562     2087     2874     4089     6005     8991    13216    17629    19519    17709   14236
        3197    2958     2786     2662     2570     2497     2428     2348     2246     2112     1948     1758     1556     1355     1166      996      849      724      620      534      463      405      357      318      285      258      236      217      202      189      179      170      164      158      155      152      151      151      152      154      158      163      169      178      188      201      217      237      261      290      327      373      432      506      604      732      904     1139     1464     1920     2563     3449     4595     5869     6904     7275     6914     6136     5288     4550     3966    3524
        7273    5811     4585     3643     2939     2413     2016     1711     1474     1286     1134     1010      907      821      747      685      630      583      541      505      472      443      417      394      373      354      338      323      310      298      288      279      271      265      259      255      252      250      250      250      252      254      259      264      272      281      292      305      321      341      364      391      424      463      511      569      640      728      839      979     1159     1396     1710     2134     2716     3520     4619     6046     7669     9017     9424    8679
        5713    4822     3730     2787     2084     1584     1232      981      800      665      564      487      426      379      342      312      288      269      254      242      233      227      222      220      219      221      224      229      236      245      257      271      289      309      333      362      394      432      475      523      576      632      689      746      799      844      880      905      919      924      921      914      906      900      897      900      910      929      961     1006     1069     1155     1271     1426     1634     1918     2306     2838     3552     4444     5365    5922
        5925    4458     3165     2253     1648     1246      972      781      643      542      466      407      362      327      299      277      259      245      235      227      222      218      217      218      220      224      230      238      248      261      275      292      312      334      359      386      414      444      474      502      527      548      564      573      577      576      571      563      555      546      539      534      532      534      541      553      572      599      636      685      750      836      951     1108     1324     1630     2072     2722     3672     4953     6266    6760
        2310    2858     3438     3842     3819     3346     2672     2041     1547     1185      926      739      603      503      427      368      323      288      260      238      220      206      194      186      179      175      172      171      171      172      176      181      187      196      206      219      235      253      275      301      332      367      407      451      500      551      602      650      691      722      741      749      745      734      718      700      683      668      657      652      654      662      680      707      747      802      876      976     1111     1292     1537    1869
        1065    1084     1076     1038      975      895      806      718      634      559      492      435      387      346      312      283      258      238      221      206      194      185      176      170      164      160      157      155      154      154      155      157      160      163      167      173      179      186      194      203      213      224      235      248      261      275      290      304      319      333      348      362      376      390      404      418      433      448      466      485      507      532      560      594      632      676      726      782      843      906      969    1024
         558     495      437      386      342      304      273      246      224      205      189      176      165      156      148      142      137      132      129      127      125      124      123      124      124      125      127      129      132      135      138      142      146      150      154      159      164      168      173      178      183      188      193      198      204      209      215      222      230      238      248      259      272      287      304      325      349      377      410      448      492      541      595      650      704      750      782      792      778      741      687     624
         406     396      380      359      335      309      283      258      235      213      194      177      162      150      138      129      121      114      108      103       98       95       92       90       88       87       87       87       87       88       89       91       93       95       98      102      106      110      115      121      127      133      139      146      153      160      167      175      182      189      195      202      209      215      222      229      236      244      252      261      272      283      296      310      325      341      357      373      387      399      407     410
        1525    1251      932      678      499      378      294      235      193      162      139      121      107       96       88       81       75       71       67       65       63       61       60       60       59       60       60       61       62       64       66       68       70       72       75       77       80       82       84       86       88       89       91       91       92       93       93       94       94       95       96       98      100      102      106      111      117      125      134      146      162      182      209      244      291      357      450      584      777     1043     1352    1569
        1130    1224     1173     1003      797      615      474      370      295      240      199      168      144      126      112      100       91       84       78       74       70       67       65       63       62       61       61       61       62       63       64       66       68       70       73       76       79       83       87       91       95       99      102      106      109      112      114      116      118      119      121      122      124      126      128      132      136      141      148      157      167      181      199      221      250      287      337      403      492      611      767     952
         821     830      752      629      506      403      323      264      219      186      160      141      126      113      104       96       90       86       82       79       77       75       74       73       73       73       73       73       74       74       74       74       75       74       74       73       72       71       70       69       67       65       64       63       61       60       59       59       59       59       59       60       61       62       65       68       71       76       82       89       98      109      124      142      167      199      241      298      375      476      600     729
         227     271      316      353      366      350      311      261      214      174      142      118       99       84       73       64       57       51       47       43       41       38       37       35       34       34       34       34       34       34       35       36       37       39       41       43       45       48       51       54       57       60       62       64       66       67       68       68       67       66       65       64       63       61       60       60       59       59       60       61       62       65       68       72       77       84       93      104      118      136      160     190
         107     138      185      259      368      490      528      430      294      194      132       93       69       53       42       34       28       24       21       19       17       15       14       13       12       12       12       11       11       11       11       12       12       13       13       14       15       17       19       21       24       27       32       37       45       53       64       76       89      100      107      108      104       96       86       77       69       62       57       52       49       47       46       45       45       47       49       52       57       64       74      87
         126     142      160      177      189      192      183      163      140      116       95       78       64       54       45       39       34       30       26       24       22       20       19       18       17       16       16       15       15       15       15       16       16       17       17       18       20       21       23       25       28       32       36       41       48       55       64       74       85       96      106      114      117      117      113      107      100       94       88       83       78       75       73       72       72       73       76       79       84       91      100     112
          62      61       61       62       63       64       66       68       70       72       74       74       73       70       66       61       55       49       43       38       33       29       26       23       20       18       16       15       14       13       12       11       11       10       10        9        9        9        9        9        9        9       10       10       11       11       12       13       14       15       16       18       20       22       25       28       32       36       41       46       51       56       60       64       66       68       68       67       66       65       63      62
          39      38       37       35       34       32       31       30       29       28       27       26       26       25       24       24       24       23       23       23       22       22       22       21       21       21       20       20       19       19       18       18       18       17       17       16       16       16       15       15       15       15       15       15       15       15       15       15       16       16       17       17       18       19       20       21       23       24       26       27       29       31       33       35       37       39       40       41       41       41       41      40
          55      63       69       71       68       62       54       47       40       35       30       27       24       22       20       19       18       17       17       17       17       17       18       19       20       22       24       27       31       35       40       47       54       60       65       66       63       57       50       42       36       30       25       22       19       17       15       13       12       11       11       10       10        9        9        9        9       10       10       10       11       12       13       14       15       17       20       23       27       33       39      47
          65      68       67       63       57       50       43       37       32       28       24       21       19       18       16       15       14       13       13       12       12       12       12       12       12       12       13       13       13       14       14       14       15       15       15       16       16       16       15       15       15       14       14       13       13       12       12       11       11       11       11       11       11       11       11       11       11       12       12       13       14       15       17       19       21       24       28       32       38       44       51      59
          44      40       37       33       31       28       26       24       23       22       21       20       20       20       20       20       20       20       20       20       21       21       21       21       21       21       21       20       19       18       17       16       15       14       13       13       12       11       11       10       10        9        9        9        9        9        9        9        9        9        9       10       10       11       12       13       14       15       17       19       21       24       28       32       36       40       45       48       50       51       49      47
          33      31       29       27       25       23       22       21       20       19       19       18       18       18       17       17       17       18       18       18       18       18       18       18       17       17       16       16       15       14       14       13       12       11       11       10       10        9        9        8        8        8        8        8        7        7        8        8        8        8        8        9        9       10       11       11       13       14       15       17       19       21       24       27       30       33       35       37       38       38       37      36
          28      29       30       30       30       29       28       26       25       23       22       20       19       18       17       16       16       15       15       15       14       14       14       15       15       15       16       16       16       17       17       17       18       18       18       17       17       17       16       15       15       14       13       12       12       11       11       10       10       10        9        9        9        9        9        9        9       10       10       10       11       12       12       13       14       15       17       18       20       22       24      26
          21      25       32       40       50       59       64       62       54       44       35       27       22       18       15       12       11        9        8        7        7        6        6        6        6        5        5        5        5        5        6        6        6        6        7        7        8        8        9        9       10       10       11       11       11       11       10       10       10        9        9        8        8        7        7        7        7        6        6        6        6        7        7        7        7        8        9       10       11       12       14      17
          12      14       15       18       20       24       28       33       39       45       50       54       55       52       48       42       37       31       27       23       20       18       16       14       13       12       11       10       10        9        9        8        8        8        8        8        7        7        7        7        7        7        7        7        7        7        7        7        7        7        7        6        6        6        6        6        6        6        6        6        6        6        6        7        7        7        7        8        8        9       10      11
          13      14       16       18       20       22       25       28       32       35       38       40       41       40       38       36       32       29       26       23       20       18       16       15       13       12       11       10       10        9        9        8        8        7        7        7        7        7        6        6        6        6        6        6        6        6        6        6        6        6        6        6        6        6        6        6        6        6        7        7        7        7        7        7        8        8        9        9       10       10       11      12
          11      12       12       13       14       14       15       15       16       17       17       18       18       19       19       19       19       18       18       17       16       16       15       14       13       12       11       10       10        9        8        8        7        7        7        6        6        6        6        5        5        5        5        5        5        5        5        5        5        5        5        5        5        5        6        6        6        6        6        7        7        7        7        8        8        8        9        9       10       10       11      11
           7       7        8        8        8        8        9        9       10       10       11       12       13       14       16       18       20       21       23       25       26       26       26       24       22       20       17       15       13       12       10        9        8        7        6        6        5        5        5        4        4        4        4        4        3        3        3        3        3        3        3        3        4        4        4        4        4        4        4        5        5        5        5        5        6        6        6        6        6        7        7       7
           3       3        3        3        3        3        4        4        5        5        6        7        8       10       13       16       21       27       33       38       39       35       29       22       17       13       11        9        7        6        5        4        4        4        3        3        3        3        2        2        2        2        2        2        2        2        2        2        2        2        2        2        2        2        2        3        3        3        3        3        3        3        3        3        3        2        2        2        2        2        3       3
           2       2        2        2        3        3        3        4        5        5        7        8       10       12       15       19       24       28       32       33       31       27       23       20       17       14       12       11       10        9        8        7        7        7        6        6        6        6        6        6        6        6        6        6        5        5        5        5        5        4        4        4        3        3        3        3        2        2        2        2        2        2        2        2        2        2        2        2        2        2        2       2
           2       2        2        2        2        2        3        3        4        4        5        6        7        9       11       13       15       17       18       17       15       13       11        9        8        7        6        5        5        4        4        4        3        3        3        3        3        3        3        3        3        3        4        4        4        4        4        4        4        4        4        4        4        3        3        3        3        2        2        2        2        2        2        2        2        1        1        1        1        1        1       2
           2       3        3        4        5        6        8       10       14       19       25       31       32       28       22       17       13       10        8        6        5        4        4        3        3        3        3        2        2        2        2        2        2        2        2        3        3        3        3        3        3        4        4        4        4        4        4        3        3        3        3        2        2        2        2        2        2        1        1        1        1        1        1        1        1        1        1        1        1        2        2       2
           4       5        5        6        7        7        8        9       10       11       12       13       14       14       15       15       14       14       14       13       12       12       11       10       10        9        9        9        8        8        7        7        7        6        6        6        5        5        5        5        4        4        4        4        3        3        3        3        3        3        3        2        2        2        2        2        2        2        2        2        2        2        2        2        2        3        3        3        3        3        4       4
           2       2        2        2        2        2        3        3        3        4        5        6        7        9       12       16       22       30       38       41       36       27       20       14       11        8        6        5        4        4        3        3        2        2        2        2        2        2        2        2        2        2        2        2        2        2        2        2        2        2        2        2        2        2        2        2        2        2        2        2        2        2        2        2        2        2        2        2        2        2        2       2
           1       1        1        1        1        2        2        2        3        3        4        5        6        8       10       12       14       14       13       11        9        7        5        4        4        3        2        2        2        2        1        1        1        1        1        1        1        1        1        1        1        1        1        1        1        1        1        1        1        2        2        2        2        2        2        1        1        1        1        1        1        1        1        1        1        1        1        1        1        1        1       1
           2       2        2        3        3        4        4        5        7        8       10       13       15       18       19       19       18       16       14       12       10        8        7        6        5        5        4        4        4        3        3        3        3        3        2        2        2        2        2        2        2        2        2        2        1        1        1        1        1        1        1        1        1        1        1        1        1        1        1        1        1        1        1        1        1        1        1        1        1        1        1       2
           1       1        2        2        2        2        3        3        4        5        6        7        9       11       13       16       17       17       16       13       11        9        7        5        4        4        3        2        2        2        2        1        1        1        1        1        1        1        1        1        1        0        0        0        0        0        0        0        0        0        0        0        0        0        0        0        0        0        0        0        0        0        0        1        1        1        1        1        1        1        1       1
           0       0        1        1        1        1        1        1        1        2        2        3        4        5        7       10       14       20       25       25       21       16       12        9        7        5        4        4        3        3        2        2        2        2        2        2        2        2        2        2        2        2        2        2        2        2        1        1        1        1        1        1        1        1        1        1        1        1        1        1        0        0        0        0        0        0        0        0        0        0        0       0
           1       1        1        1        1        2        2        2        2        2        3        3        4        5        6        7        9       10       12       13       13       12       10        8        6        5        4        3        3        2        2        2        1        1        1        1        1        1        1        1        1        1        1        1        1        1        1        1        1        1        1        1        1        1        1        1        1        1        1        1        1        1        1        1        1        1        1        1        1        1        1       1
           0       0        1        1        1        1        1        1        2        2        3        3        4        5        6        7        8        9        9        8        7        6        6        5        4        4        4        3        3        3        3        3        3        3        3        3        2        2        2        2        2        2        2        1        1        1        1        1        1        1        1        0        0        0        0        0        0        0        0        0        0        0        0        0        0        0        0        0        0        0        0       0
           0       0        0        0        0        1        1        1        1        1        2        2        3        4        5        7       10       14       16       15       12        9        7        5        4        3        2        2        2        1        1        1        1        1        1        1        1        1        1        1        1        1        1        1        1        1        1        1        1        1        1        1        1        1        1        1        1        1        1        0        0        0        0        0        0        0        0        0        0        0        0       0
           0       0        0        0        0        0        1        1        1        1        1        2        2        3        4        7       10       15       21       21       17       11        8        5        4        3        2        2        2        1        1        1        1        1        1        1        1        1        1        1        1        1        1        1        1        1        2        2        2        2        2        2        2        2        1        1        1        1        1        1        1        0        0        0        0        0        0        0        0        0        0       0
           0       0        0        0        0        0        0        0        1        1        1        2        3        4        7       10       13       14       11        8        6        4        3        3        2        2        2        1        1        1        1        1        1        1        2        2        2        2        3        3        3        3        3        3        2        2        1        1        1        1        0        0        0        0        0        0        0        0        0        0        0        0        0        0        0        0        0        0        0        0        0       0
           0       0        0        0        0        1        1        1        1        2        2        3        4        6        7        8        9        8        8        6        5        5        4        4        3        3        3        3        3        3        3        3        4        4        4        4        4        4        4        3        3        2        2        1        1        1        1        0        0        0        0        0        0        0        0        0        0        0        0        0        0        0        0        0        0        0        0        0        0        0        0       0
           1       1        1        2        2        2        2        3        3        3        4        4        4        4        5        5        5        5        5        5        5        5        5        5        5        5        5        5        5        5        4        4        4        3        3        3        2        2        2        2        1        1        1        1        1        1        1        1        1        0        0        0        0        0        0        0        0        0        0        0        0        0        0        0        0        0        0        1        1        1        1       1
