SWAN 1
LOCATIONS
     1
     -67.28  18.38
AFREQ
     56
     0.0300
     0.0400
     0.0500
     0.0600
     0.0700
     0.0800
     0.0900
     0.1000
     0.1100
     0.1200
     0.1300
     0.1400
     0.1500
     0.1600
     0.1700
     0.1800
     0.1900
     0.2000
     0.2100
     0.2200
     0.2300
     0.2400
     0.2500
     0.2600
     0.2700
     0.2800
     0.2900
     0.3000
     0.3100
     0.3200
     0.3300
     0.3400
     0.3500
     0.3600
     0.3700
     0.3800
     0.3900
     0.4000
     0.4100
     0.4200
     0.4300
     0.4400
     0.4500
     0.4600
     0.4700
     0.4800
     0.4900
     0.5000
     0.5100
     0.5200
     0.5300
     0.5400
     0.5500
     0.5600
     0.5700
     0.5800
NDIR
     72
     5.0000
     10.0000
     15.0000
     20.0000
     25.0000
     30.0000
     35.0000
     40.0000
     45.0000
     50.0000
     55.0000
     60.0000
     65.0000
     70.0000
     75.0000
     80.0000
     85.0000
     90.0000
     95.0000
     100.0000
     105.0000
     110.0000
     115.0000
     120.0000
     125.0000
     130.0000
     135.0000
     140.0000
     145.0000
     150.0000
     155.0000
     160.0000
     165.0000
     170.0000
     175.0000
     180.0000
     185.0000
     190.0000
     195.0000
     200.0000
     205.0000
     210.0000
     215.0000
     220.0000
     225.0000
     230.0000
     235.0000
     240.0000
     245.0000
     250.0000
     255.0000
     260.0000
     265.0000
     270.0000
     275.0000
     280.0000
     285.0000
     290.0000
     295.0000
     300.0000
     305.0000
     310.0000
     315.0000
     320.0000
     325.0000
     330.0000
     335.0000
     340.0000
     345.0000
     350.0000
     355.0000
     360.0000
QUANT
     1
VaDens
m2/Hz/degr
     -999.000000
FACTOR
     1.00000E-06
          12      11       11       10        9        9        9        9        8        8        8        8        8        8        8        8        8        8        7        7        6        6        6        5        5        4        4        4        3        3        3        3        2        2        2        2        2        2        2        2        2        2        2        2        2        2        2        2        2        2        3        3        3        4        4        5        5        6        7        9       10       12       14       15       17       18       18       18       17       16       15      13
         252     170      119       87       67       52       43       35       30       26       23       20       18       17       16       15       14       13       13       13       12       12       12       12       12       13       13       13       14       14       15       15       16       16       17       18       18       19       19       20       20       21       21       21       21       22       22       22       22       23       23       24       25       26       27       29       32       35       38       43       50       59       71       89      115      156      219      318      452      553      513     376
         146     110       86       70       59       50       44       40       37       34       32       31       30       30       30       30       31       32       34       36       39       42       46       51       58       65       73       81       88       94       97       96       91       84       76       67       60       53       47       42       38       35       33       31       29       28       27       27       27       27       28       29       30       32       35       38       43       49       58       70       87      113      152      216      326      513      771      899      724      474      304     205
         884     577      405      300      232      186      154      130      112       99       88       80       73       68       64       61       59       57       56       56       56       56       57       59       61       64       67       71       75       81       87       94      101      110      118      128      136      145      152      157      161      163      163      161      159      156      153      150      148      147      147      148      151      155      162      172      185      202      226      259      304      369      466      619      878     1357     2348     4464     6974     5533     2844    1496
       25554    8116     3889     2254     1462     1022      755      581      463      379      317      272      236      209      188      171      158      147      139      132      127      124      121      120      120      122      124      128      133      139      148      158      171      188      208      233      264      303      353      417      499      603      737      906     1111     1342     1575     1765     1870     1872     1791     1664     1525     1397     1292     1211     1155     1125     1119     1140     1191     1280     1420     1634     1965     2497     3420     5219     9523    25115   228583  308993
       69206   29363    15422     9198     5971     4120     2978     2234     1728     1371     1113      920      775      662      574      504      448      403      366      336      312      291      275      262      251      243      237      232      230      230      231      234      239      246      255      266      280      297      318      344      375      412      457      512      579      662      765      893     1055     1261     1523     1860     2293     2849     3559     4452     5549     6854     8347     9992    11763    13687    15891    18655    22511    28520    39073    60774   118060   343804   726387  240996
       42616   23759    14805     9938     7036     5187     3948     3086     2466     2008     1663     1399     1192     1029      898      793      707      636      577      529      488      455      426      403      383      368      355      345      337      332      329      329      330      333      339      347      358      371      387      407      431      459      492      531      578      633      698      776      869      981     1116     1280     1480     1726     2030     2411     2890     3502     4292     5331     6729     8664    11444    15652    22486    34760    60358   127799   363962   649306   264448   91659
       19599   11914     8106     5927     4553     3622     2956     2459     2075     1771     1524     1321     1152     1009      888      785      697      621      556      500      452      411      375      344      317      295      275      258      244      231      221      212      205      199      195      192      190      189      190      192      195      199      205      212      221      233      247      263      283      307      337      372      415      469      536      620      727      866     1051     1302     1652     2158     2921     4143     6253    10326    19649    48360   198548   426772   116731   39226
       31149   24557    19192    14632    10855     7899     5704     4132     3026     2250     1703     1312     1030      822      667      550      460      390      335      291      256      228      205      186      170      157      147      138      131      125      120      117      114      113      112      112      113      115      118      122      126      133      140      150      161      175      192      213      238      269      309      358      421      503      611      756      955     1234     1639     2248     3201     4776     7551    12867    24149    50667   109304   163630   130653    82336    55098   40293
       67287   45717    20054     9260     4892     2881     1839     1248      888      657      502      394      317      260      217      184      159      139      123      110       99       91       84       78       74       70       67       65       63       62       62       62       62       63       64       66       69       72       77       82       88       96      106      118      133      151      174      204      243      293      362      455      588      780     1070     1526     2281     3603     6052    10711    18657    26810    27504    22478    17808    15029    13855    14047    15790    20000    29233   48543
       67253   31594    15275     8202     4836     3068     2062     1451     1061      800      621      492      399      329      277      236      204      178      158      141      128      117      108      101       95       90       86       83       80       79       78       77       78       78       80       82       85       88       93       99      105      114      124      136      152      170      194      223      259      306      367      447      554      700      903     1193     1615     2246     3210     4701     6996    10382    14880    19865    24284    27753    31119    36057    45087    62487    91416  104512
        8444    4782     3028     2068     1490     1120      870      694      567      472      400      344      300      265      237      215      196      181      168      158      149      142      137      133      129      127      126      125      126      127      129      132      136      141      147      155      164      174      187      201      218      238      261      288      319      355      397      445      501      565      638      722      817      925     1048     1189     1352     1545     1778     2068     2443     2950     3671     4765     6568     9902    17261    39211   141723   213286    54324   17952
       25855   18297     9811     5167     2924     1788     1167      803      577      430      330      260      209      172      144      122      105       92       81       73       66       60       56       52       49       47       45       43       42       41       41       41       41       42       43       44       46       48       51       54       59       64       70       78       88      100      116      136      162      196      242      305      395      526      727     1048     1596     2609     4684     9515    21750    42474    41759    25959    16817    12639    10851    10450    11201    13349    17536   23642
       20139   15504     9449     5442     3247     2049     1365      953      692      520      401      318      257      212      178      152      131      115      102       92       83       76       71       66       62       59       57       55       54       53       52       52       53       54       55       57       59       62       66       70       76       83       91      101      114      130      150      175      208      252      309      388      498      656      888     1241     1795     2687     4124     6305     9031    11211    11728    10930     9858     9102     8840     9145    10146    12096    15276   19112
       33975   18542     8956     4666     2678     1666     1104      769      558      419      324      256      207      171      143      122      106       92       82       74       67       61       56       53       50       47       45       44       42       42       41       41       41       42       43       44       46       48       51       54       58       63       69       77       86       98      112      130      153      184      224      277      351      455      606      830     1175     1724     2622     4100     6413     9453    12158    13251    12937    12323    12176    12916    15035    19521    27992   38134
       13189   10396     7120     4564     2912     1906     1292      907      658      492      378      297      238      195      162      137      117      102       89       80       71       65       60       55       52       49       46       44       43       42       41       41       41       41       41       42       44       45       47       50       53       57       62       68       75       84       95      109      126      148      177      214      264      333      428      565      767     1073     1555     2334     3618     5689     8676    11923    13933    14118    13402    12762    12615    13027    13789   14217
        3981    4144     4404     4628     4592     4119     3299     2427     1716     1206      861      628      469      359      282      225      184      153      129      110       96       84       75       67       61       56       52       49       46       44       42       41       40       40       39       39       40       41       42       43       45       48       51       54       59       65       72       80       91      104      122      144      174      213      268      346      459      631      907     1376     2237     3969     7723    15053    21014    17048    11060     7539     5687     4701     4190    3979
        7288    4754     3223     2268     1648     1231      942      736      587      475      391      326      276      236      204      179      158      141      127      115      105       97       91       85       80       76       73       71       69       67       66       66       66       66       67       68       70       73       76       79       84       89       95      103      112      122      135      151      169      192      219      254      296      349      415      500      610      753      942     1196     1542     2023     2709     3717     5248     7649    11457    17045    22700    23200    17646   11483
       12705    7195     3914     2258     1398      920      637      460      344      265      209      169      139      116       99       85       75       66       59       53       49       45       42       40       38       36       35       34       33       33       33       33       33       34       35       36       38       40       42       45       49       54       59       66       75       85       98      115      136      164      200      249      315      405      531      707      955     1296     1747     2295     2879     3404     3806     4099     4368     4724     5301     6287     7992    10891    14971   16896
       11992    6410     3300     1833     1105      714      487      347      257      196      153      123      100       83       71       61       53       46       41       37       34       31       29       27       25       24       23       23       22       22       22       22       22       22       23       23       24       26       27       29       31       34       37       41       46       52       60       69       81       96      116      143      178      226      292      384      514      697      950     1287     1705     2167     2615     3005     3351     3721     4231     5052     6477     9028    13102   15868
        2185    1323      863      596      431      323      250      198      160      132      111       94       82       71       63       57       51       47       43       40       38       36       34       33       32       31       30       30       30       30       31       31       32       33       34       36       38       40       43       47       51       56       62       69       77       87       99      114      131      152      178      209      246      291      345      409      485      574      682      812      974     1184     1470     1884     2528     3621     5652     9560    14796    13887     7795    3959
        1574    1145      842      631      483      378      302      246      204      172      147      127      111       99       88       80       73       67       62       59       55       53       51       49       48       47       46       46       46       46       47       48       49       51       53       55       58       61       65       70       76       82       90       99      109      120      134      150      168      189      212      240      270      306      345      391      442      502      572      655      756      882     1042     1250     1525     1884     2332     2815     3167     3158     2740    2135
        7404    7469     4725     2512     1390      834      538      369      264      197      152      120       97       80       68       58       50       44       39       35       32       30       27       26       24       23       22       22       21       21       21       21       21       22       23       23       25       26       28       30       32       36       39       44       50       57       66       78       93      112      137      170      215      274      353      455      582      728      875     1002     1089     1137     1158     1174     1203     1263     1372     1561     1879     2427     3405    5141
        5117    8493     6048     2561     1182      637      386      254      177      130       98       77       62       51       43       36       31       28       25       22       20       19       17       16       15       15       14       14       14       14       14       14       14       14       15       16       17       18       19       21       23       25       29       32       37       44       52       63       77       96      123      160      211      284      384      511      649      763      816      803      752      692      642      610      599      611      652      731      873     1126     1610    2652
        4175    5262     3038     1365      687      394      248      168      120       90       69       55       45       37       31       27       23       21       19       17       15       14       13       13       12       12       11       11       11       11       11       11       11       12       12       13       14       15       16       17       19       21       24       28       32       37       44       53       65       81      101      129      164      209      261      316      364      395      406      402      390      378      370      370      381      405      450      524      651      874     1307    2243
         710     853     1067     1331     1497     1354      978      631      401      264      180      129       95       72       57       45       37       31       26       23       20       18       16       14       13       12       11       11       10       10        9        9        9        9        9        9        9       10       10       11       11       12       13       14       16       18       20       23       27       32       39       48       60       77      102      140      200      300      474      783     1279     1799     1880     1530     1149      886      723      628      578      562      576     622
        1205    1248     1189     1034      832      638      481      362      276      213      168      135      110       91       77       66       57       50       44       40       36       33       30       28       26       25       24       23       22       22       22       22       22       22       22       23       24       24       26       27       29       31       34       37       40       45       50       57       65       74       86      100      118      139      164      193      227      266      307      350      393      434      474      512      552      595      644      705      780      872      983    1102
         755     989     1275     1478     1398     1074      737      495      340      242      178      136      106       86       70       59       50       44       38       34       31       28       26       24       23       22       21       20       20       19       19       19       20       20       21       21       23       24       25       27       30       33       36       40       45       52       59       69       81       95      112      132      155      180      205      228      246      259      265      267      266      264      263      264      268      278      293      317      353      404      480     591
        1432    1816     2043     1859     1386      935      623      426      301      221      167      130      104       85       71       60       52       45       40       36       32       30       27       26       24       23       22       21       21       20       20       20       20       21       21       22       23       24       25       27       29       32       35       38       43       48       54       62       71       83       96      112      131      153      178      205      232      258      283      304      323      340      356      373      395      423      462      516      592      703      864    1101
         924    1262     1651     1781     1437      949      595      383      259      183      134      102       80       64       53       44       38       33       29       26       23       21       19       18       17       16       16       15       15       14       14       14       15       15       15       16       17       18       19       20       22       24       27       31       35       40       47       55       66       80       97      121      150      186      229      275      317      349      366      368      359      346      334      325      321      325      337      360      399      459      552     697
         906     918      900      844      753      642      528      425      338      269      215      174      142      117       98       83       71       61       54       48       43       39       35       32       30       28       27       25       24       23       23       22       22       22       22       23       23       24       24       25       27       28       30       33       35       39       43       48       53       61       69       80       93      109      129      154      184      221      264      314      370      429      489      545      596      642      683      721      758      797      837     876
         947     949      930      881      799      692      575      463      365      286      224      177      141      114       93       77       65       55       47       41       36       32       29       26       24       22       20       19       18       17       16       16       16       15       15       15       15       15       16       16       17       17       18       20       21       23       25       27       30       33       38       43       50       58       69       82       99      120      148      184      229      287      357      439      529      620      704      775      831      874      906     931
         369     388      408      424      431      422      394      350      298      246      199      160      129      105       86       71       59       50       43       38       33       29       26       24       22       20       19       18       17       16       16       15       15       15       15       15       15       15       16       16       17       18       19       20       22       24       26       29       33       37       42       49       56       66       78       93      111      132      157      184      213      241      265      285      299      308      314      318      323      330      339     352
         220     202      193      192      199      215      241      279      331      388      425      408      335      245      171      120       85       62       47       36       29       23       19       16       14       12       10        9        8        7        7        6        6        6        5        5        5        5        5        5        5        5        5        5        6        6        6        7        8        8        9       11       12       14       17       20       25       31       40       53       72      102      150      228      348      497      598      575      475      375      301     252
         220     241      275      328      405      512      628      682      605      446      300      200      137       97       71       54       42       33       27       23       19       16       14       13       11       10        9        9        8        8        7        7        7        7        7        7        7        7        7        7        7        8        8        9       10       11       12       13       15       18       21       24       29       36       45       57       74       98      130      174      226      278      314      324      309      283      255      233      216      207      204     208
         199     229      273      340      441      592      792      958      922      695      462      301      203      142      104       78       61       49       40       33       28       24       21       19       17       16       14       13       12       12       11       11       11       11       10       11       11       11       11       12       12       13       14       15       16       17       19       21       24       27       31       36       42       50       58       69       80       93      106      119      130      137      142      145      145      145      145      147      150      155      165     179
         178     181      191      208      238      284      357      468      617      732      683      493      314      198      129       88       63       47       36       28       22       18       15       13       11       10        9        8        7        7        6        6        5        5        5        5        5        5        5        5        5        5        5        5        6        6        6        7        8        9       10       11       12       15       17       20       25       31       38       49       62       81      104      132      162      188      204      208      203      195      186     180
          91      89       89       93      100      111      128      152      187      232      279      302      275      214      152      106       75       54       40       31       24       20       16       14       12       10        9        8        7        6        6        6        5        5        5        5        5        5        5        5        5        5        5        5        6        6        7        7        8        9       10       12       14       17       21       26       33       44       59       82      117      168      232      286      297      264      217      175      143      122      107      97
          86      90       97      109      127      154      197      265      370      506      585      503      341      215      138       93       66       49       37       29       24       19       16       14       12       11       10        9        8        8        7        7        6        6        6        6        6        6        6        6        7        7        7        8        9        9       10       12       13       16       18       22       26       33       41       53       69       91      119      152      183      199      196      178      155      134      117      104       95       89       85      84
          92      88       86       86       89       94      103      115      134      160      195      238      280      297      271      217      159      115       83       61       47       36       29       24       20       17       14       13       11       10        9        8        8        7        7        7        6        6        6        6        6        6        6        7        7        7        8        9        9       11       12       13       15       18       21       26       32       40       51       66       86      114      147      180      202      204      189      166      144      125      110     100
         175     165      162      165      175      195      226      275      348      443      524      514      400      269      175      116       79       57       42       32       25       20       16       14       12       10        9        8        7        6        6        5        5        5        4        4        4        4        4        4        4        4        4        4        5        5        5        6        6        7        8        9       10       12       14       16       20       25       31       41       54       73      102      143      198      258      301      309      285      249      217     192
         112     114      119      126      137      153      175      205      244      289      329      341      310      251      188      138      101       75       57       44       35       29       24       20       17       15       13       12       10       10        9        8        8        7        7        7        7        6        6        6        6        7        7        7        7        8        8        9       10       11       12       13       15       17       19       23       27       31       37       45       53       63       74       86       96      104      110      112      113      112      111     111
         117     112      110      111      115      123      136      157      187      230      288      349      376      338      256      177      120       84       60       44       34       26       21       17       14       12       10        9        8        7        7        6        6        5        5        5        4        4        4        4        4        4        4        5        5        5        5        6        6        7        7        8        9       10       12       14       17       20       25       31       39       50       64       81      102      124      141      150      150      143      134     124
         172     185      203      227      258      295      337      372      384      359      303      237      178      132       99       75       58       46       37       30       25       21       18       16       14       12       11       10        9        9        8        8        7        7        7        7        6        6        6        6        7        7        7        7        8        8        9        9       10       11       12       14       16       18       20       23       27       32       38       44       53       62       73       84       96      107      118      128      136      144      152     161
         176     192      207      222      237      253      267      278      282      274      253      221      185      149      118       93       73       58       46       38       31       26       22       19       16       14       12       11       10        9        8        8        7        7        6        6        6        6        6        6        5        6        6        6        6        6        6        7        7        7        8        9       10       11       12       13       15       17       20       23       27       32       38       45       54       65       78       92      108      126      143     160
         141     162      185      210      238      268      302      335      364      376      362      322      265      206      157      118       89       68       53       42       34       27       23       19       16       14       12       11        9        9        8        7        7        6        6        5        5        5        5        5        5        5        5        5        5        5        5        5        5        6        6        7        7        8        9       10       11       12       14       16       18       21       25       30       35       42       51       61       73       87      103     121
          55      52       51       52       54       59       66       79       98      130      182      260      330      305      205      123       75       48       33       23       17       13       10        8        7        6        5        4        4        3        3        3        2        2        2        2        2        2        2        2        2        2        2        2        2        2        2        2        3        3        3        4        4        5        6        7        8       10       13       16       20       26       34       44       55       67       75       77       75       70       64      59
          62      58       57       57       58       62       69       79       94      118      155      209      272      300      254      175      112       73       50       35       26       20       15       12       10        8        7        6        5        5        4        4        4        3        3        3        3        3        3        3        3        3        3        3        3        3        3        4        4        4        5        5        6        7        8       10       12       15       18       23       30       39       51       65       81       94      100       98       91       82       74      67
          64      70       76       81       86       92       99      107      117      130      147      166      188      205      211      199      171      137      105       79       60       46       35       28       23       18       15       13       11       10        8        7        7        6        6        5        5        4        4        4        4        4        4        4        4        4        4        4        4        4        4        5        5        5        6        6        7        8        9       10       11       13       15       18       21       24       28       33       39       45       51      58
          76      76       76       78       81       87       95      106      122      144      170      198      215      209      178      136      100       72       53       39       30       24       19       15       13       11        9        8        7        6        6        5        5        4        4        4        4        4        4        3        3        3        4        4        4        4        4        4        5        5        5        6        7        7        8       10       11       13       16       19       22       27       33       40       48       56       64       70       75       77       78      77
          47      52       57       63       69       77       84       93      102      112      120      125      125      120      110       96       81       67       55       45       36       30       25       21       18       15       13       12       10        9        8        7        7        6        6        5        5        5        5        5        4        4        4        4        4        4        5        5        5        5        5        6        6        6        7        7        8        9       10       11       12       13       15       17       19       21       24       27       30       34       38      42
          44      43       43       43       44       45       48       52       57       64       73       84       96      107      113      109       96       78       61       47       37       29       23       18       15       13       11        9        8        7        6        6        5        5        5        4        4        4        4        4        4        4        4        4        4        4        4        5        5        5        6        6        7        8        9       10       12       14       17       20       23       28       33       38       43       47       50       51       51       50       48      46
          51      52       54       56       60       64       70       78       86       95      103      107      103       93       78       63       50       39       31       24       20       16       13       11       10        8        7        6        6        5        5        4        4        4        4        3        3        3        3        3        3        3        3        3        4        4        4        4        5        5        5        6        7        8        9       10       11       13       15       18       21       24       28       32       37       40       44       46       48       49       50      50
          57      54       52       51       52       55       60       67       78       95      119      149      176      178      149      107       73       50       35       25       19       14       11        9        7        6        5        5        4        3        3        3        3        2        2        2        2        2        2        2        2        2        2        2        2        2        2        2        3        3        3        4        4        5        5        6        8        9       11       14       18       23       30       38       49       61       71       77       77       73       68      62
          32      30       28       28       27       28       30       33       37       44       55       72      102      149      206      215      157       95       57       36       24       17       12        9        7        6        5        4        3        3        3        2        2        2        2        2        1        1        1        1        1        1        1        1        1        1        1        2        2        2        2        2        3        3        3        4        5        6        7        8       10       13       17       21       27       33       38       42       43       41       38      35
          10      10       11       12       13       15       18       23       29       40       60       97      167      241      206      118       65       39       25       18       13       10        8        6        5        4        4        3        3        3        2        2        2        2        2        2        2        2        2        2        2        2        2        3        3        3        4        4        5        5        6        8        9       11       14       17       20       22       24       24       23       21       19       17       15       13       12       11       11       10       10      10
