SWAN 1
LOCATIONS
     1
     -67.28  18.38
AFREQ
     56
     0.0500
     0.0550
     0.0600
     0.0650
     0.0700
     0.0750
     0.0800
     0.0850
     0.0900
     0.0950
     0.1013
     0.1100
     0.1200
     0.1300
     0.1400
     0.1500
     0.1600
     0.1700
     0.1800
     0.1900
     0.2000
     0.2100
     0.2200
     0.2300
     0.2400
     0.2500
     0.2600
     0.2700
     0.2800
     0.2900
     0.3000
     0.3100
     0.3200
     0.3300
     0.3400
     0.3500
     0.3600
     0.3700
     0.3800
     0.3900
     0.4000
     0.4100
     0.4200
     0.4300
     0.4400
     0.4500
     0.4600
     0.4700
     0.4800
     0.4900
     0.5000
     0.5100
     0.5200
     0.5300
     0.5400
     0.5500
NDIR
     72
     5.0000
     10.0000
     15.0000
     20.0000
     25.0000
     30.0000
     35.0000
     40.0000
     45.0000
     50.0000
     55.0000
     60.0000
     65.0000
     70.0000
     75.0000
     80.0000
     85.0000
     90.0000
     95.0000
     100.0000
     105.0000
     110.0000
     115.0000
     120.0000
     125.0000
     130.0000
     135.0000
     140.0000
     145.0000
     150.0000
     155.0000
     160.0000
     165.0000
     170.0000
     175.0000
     180.0000
     185.0000
     190.0000
     195.0000
     200.0000
     205.0000
     210.0000
     215.0000
     220.0000
     225.0000
     230.0000
     235.0000
     240.0000
     245.0000
     250.0000
     255.0000
     260.0000
     265.0000
     270.0000
     275.0000
     280.0000
     285.0000
     290.0000
     295.0000
     300.0000
     305.0000
     310.0000
     315.0000
     320.0000
     325.0000
     330.0000
     335.0000
     340.0000
     345.0000
     350.0000
     355.0000
     360.0000
QUANT
     1
VaDens
m2/Hz/degr
     -999.000000
FACTOR
     1.00000E-06
        110    182     252     227     145      87      55      37      27      20      16      13      11       9       8       7       7       6       6       5       5       5       5       5       5       6       6       6       7       7       8       9      11      12      14      17      21      25      29      33      36      36      34      31      26      22      19      16      14      12      11      10       9       9       8       8       8       8       8       8       8       9       9      10      12      14      16      20      25      33      46      0
        763    812     833     820     769     693     604     516     436     368     312     266     229     199     175     156     140     127     117     108     101      95      91      87      85      83      81      81      81      82      83      85      88      91      95     100     107     114     122     132     143     156     171     187     204     223     242     261     279     295     309     320     327     331     334     334     334     334     334     336     340     347     357     371     389     413     442     479     524     577     637      0
       5918   3480    2139    1399     968     702     529     412     329     269     225     191     165     144     128     115     105      96      89      84      79      75      73      70      69      68      68      68      68      69      71      73      76      80      85      90      96     104     113     124     137     152     171     192     217     246     280     319     363     411     463     517     572     626     679     731     782     835     893     962    1047    1158    1308    1516    1817    2271    2986    4170    6171    9143   11267      0
      11611   7698    5336    3842    2855    2181    1705    1361    1106     914     767     652     561     489     431     383     344     312     286     264     245     230     218     207     199     192     187     183     181     179     179     181     183     187     192     199     207     217     229     244     261     282     307     337     372     414     465     527     602     694     807     947    1121    1339    1616    1967    2418    3002    3766    4780    6151    8050   10766   14809   21106   31231   46841   64272   66773   49227   30363      0
      24598  14168    9019    6157    4427    3314    2563    2036    1655    1372    1158     992     863     760     677     610     556     511     475     445     420     400     384     372     363     356     353     352     353     357     364     374     386     402     422     445     474     507     548     596     653     721     801     898    1012    1150    1313    1509    1742    2019    2344    2726    3167    3674    4249    4898    5630    6462    7428    8587   10040   11958   14648   18691   25309   37443   63642  135501  347951  367447  128862      0
      22368  12777    8082    5488    3929    2930    2260    1791    1454    1205    1016     872     759     669     597     540     493     455     424     399     378     362     350     341     335     331     331     333     337     345     355     369     387     409     436     469     509     558     618     691     782     895    1036    1214    1441    1734    2114    2612    3266    4125    5241    6652    8357   10268   12197   13903   15216   16135   16820   17513   18488   20054   22646   27025   34798   50015   85623  200915  658776  517952  126243      0
      49988  20823   10890    6504    4241    2944    2143    1621    1264    1012     828     691     587     507     443     393     353     320     294     273     255     241     230     221     215     210     207     206     207     209     213     219     227     238     250     267     286     311     340     377     422     478     548     636     749     896    1089    1347    1697    2178    2848    3788    5097    6863    9072   11469   13522   14717   14981   14673   14246   14031   14248   15102   16910   20309   26799   40595   77451  228861  564923      0
     145751  58002   28872   16614   10527    7143    5103    3796    2919    2306    1865    1540    1294    1106     958     842     749     674     613     563     523     489     462     441     424     411     401     395     392     392     395     402     411     424     442     463     489     522     561     608     666     736     821     925    1052    1211    1408    1656    1969    2367    2874    3522    4344    5379    6653    8172    9903   11770   13670   15519   17308   19133   21202   23855   27631   33477   43317   61740  102070  212140  487527      0
     169503 198845  133211   65388   32769   18126   10961    7113    4878    3498    2601    1994    1569    1262    1036     866     736     634     554     490     438     396     362     334     312     293     278     266     256     249     244     242     241     242     244     249     256     266     278     293     311     334     361     395     436     486     548     626     724     848    1008    1217    1495    1871    2389    3118    4166    5704    7993   11408   16382   23110   30925   37986   42517   44545   45634   47578   52024   61090   78722      0
      71489 141275  339811  319507  102784   38094   18160   10141    6282    4187    2947    2166    1648    1290    1036     849     710     603     521     456     404     362     329     302     279     261     247     235     226     219     214     211     210     210     212     216     222     230     240     253     270     290     314     344     381     427     484     556     648     768     925    1135    1424    1831    2422    3313    4717    7044   11132   18721   33004   55873   74516   70002   54098   41485   34003   30241   29222   30766   35644      0
      66174 101085  150804  145799   80543   38392   19884   11418    7129    4749    3328    2430    1836    1427    1136     924     766     646     553     481     423     377     339     309     284     263     247     233     222     214     207     203     200     198     199     200     204     209     216     225     237     251     268     289     315     347     386     433     493     567     661     782     939    1146    1424    1804    2333    3083    4165    5745    8050   11326   15662   20651   25232   28336   29853   30619   31699   34077   38907      0
      47284  82718  127993   99863   45896   21263   11233    6620    4232    2876    2050    1518    1160     911     732     600     500     424     365     319     281     251     227     207     191     178     167     158     151     145     141     138     136     135     135     136     138     141     146     152     159     168     179     193     209     229     253     282     317     361     416     484     571     681     822    1005    1244    1557    1968    2504    3194    4059    5103    6302    7613    8998   10471   12139   14246   17244   22013      0
      23690  43514   97239  144801   70761   26804   12515    6903    4255    2834    1998    1472    1124     884     712     586     492     419     363     319     283     255     232     213     197     185     175     167     160     155     152     150     149     149     150     153     156     162     168     176     187     199     214     232     255     281     314     353     402     461     535     626     740     883    1060    1281    1550    1874    2250    2672    3121    3574    4014    4433    4844    5280    5796    6471    7429    8881   11232      0
       9652  13706   22238   43565   91337   89309   36943   15472    7849    4573    2929    2008    1449    1088     845     674     550     458     388     335     292     259     232     211     193     179     167     158     151     145     140     137     135     134     134     135     138     141     146     152     160     170     181     195     213     233     259     289     327     374     431     503     592     704     844    1018    1234    1495    1801    2145    2509    2867    3194    3474    3709    3919    4138    4407    4776    5318    6142      0
      11233  15400   25320   54383  109790   64231   20517    8385    4238    2451    1553    1051     748     554     424     333     268     220     184     157     135     119     105      94      85      78      72      68      64      61      58      56      55      54      54      54      54      55      56      58      61      64      67      72      78      85      93     104     117     133     153     179     212     255     313     390     498     649     868    1190    1673    2400    3466    4900    6501    7781    8353    8329    8113    8044    8349      0
      11958  18103   34985   88782  100916   32174   11200    5147    2807    1709    1123     781     568     428     332     264     215     178     151     129     112      99      88      79      72      67      62      58      55      53      51      49      48      47      47      47      48      49      50      52      54      57      61      65      71      78      86      96     108     123     143     168     200     242     298     374     479     627     841    1154    1617    2296    3248    4443    5663    6565    6976    7045    7060    7265    7878      0
      13902  18314   27611   46306   59130   35687   15231    7086    3771    2228    1423     964     684     505     384     300     240     196     163     137     118     102      90      80      72      66      60      56      53      50      47      45      44      43      42      42      42      42      43      44      45      47      50      53      56      60      66      72      80      90     102     117     135     159     190     231     285     359     460     604     810    1113    1564    2236    3212    4537    6111    7639    8825    9666   10465      0
       9133  10223   12882   19038   33744   52580   34403   13266    5684    2881    1651    1033     689     484     354     267     208     165     134     111      94      80      69      61      54      49      44      41      38      35      33      32      30      29      29      28      28      28      28      29      29      30      32      33      35      38      41      44      49      54      61      69      79      92     109     131     161     200     255     332     445     613     874    1290    1969    3076    4761    6856    8580    9229    9091      0
       8309  11898   20466   43939   67684   32856   11681    5180    2744    1635    1058     727     523     391     302     239     193     159     134     114      99      87      77      69      63      58      54      50      47      45      43      42      41      40      40      40      41      41      42      44      45      48      51      54      58      64      70      78      87      99     114     133     157     188     229     284     358     460     602     802    1086    1482    2012    2667    3369    3987    4421    4684    4882    5153    5644      0
       3288   4604    7498   15911   52431   76581   20052    6469    2960    1636    1014     680     482     357     274     217     175     145     122     105      91      80      72      65      59      54      51      48      45      43      42      41      40      40      40      40      41      42      43      45      47      50      53      57      63      69      76      86      97     112     129     152     181     218     266     329     410     514     645     803     982    1166    1333    1464    1554    1611    1656    1711    1799    1946    2187      0
       5459   7684   12251   22349   35403   26197   11492    5281    2801    1662    1070     732     525     391     300     237     191     157     132     112      97      85      75      67      61      56      52      48      45      43      41      40      39      38      38      37      38      38      39      40      41      43      45      48      51      56      61      67      74      83      94     107     124     145     172     205     249     305     378     472     594     748     939    1167    1425    1704    1993    2289    2608    2986    3489      0
       7418   8075    9093   10416   11379   10619    7944    5072    3083    1906    1227     824     576     417     312     239     188     151     124     103      87      75      65      57      51      46      41      38      35      33      31      29      28      27      27      26      26      26      26      26      27      28      29      30      32      34      36      39      43      48      53      60      69      79      93     110     133     163     203     258     335     445     606     845    1205    1745    2528    3566    4733    5772    6495      0
       3274   3307    3545    4020    4701    5266    5005    3763    2402    1463     909     590     400     282     206     155     120      95      77      64      53      45      39      34      30      27      25      22      21      19      18      17      16      16      15      15      15      15      15      15      16      16      17      17      18      20      21      23      25      28      31      36      41      47      56      67      81     101     128     165     220     300     423     617     928    1422    2148    3011    3667    3837    3655      0
       4155   3407    2981    2814    2867    3149    3702    4519    5241    4964    3577    2186    1299     800     518     352     250     183     139     108      86      70      58      49      42      36      32      28      26      23      21      20      19      18      17      16      16      15      15      15      15      15      15      16      16      17      18      19      21      22      25      27      31      35      40      46      54      65      79      99     126     164     221     308     446     679    1090    1839    3143    4840    5722      0
       4224   3636    3153    2863    2755    2818    3053    3457    3950    4221    3833    2867    1893    1206     781     524     365     263     196     150     118      95      78      65      55      47      41      36      32      29      26      24      23      21      20      19      18      18      18      17      17      17      18      18      18      19      20      21      22      24      26      29      32      36      40      46      54      64      76      93     116     148     192     258     358     514     769    1196    1904    2956    4064      0
       2937   3202    3149    2974    2835    2801    2895    3118    3426    3650    3491    2835    1995    1310     852     567     390     277     203     154     119      94      76      63      52      45      38      34      30      26      24      22      20      19      18      17      16      15      15      15      14      14      14      14      15      15      16      16      17      18      20      21      23      26      29      33      37      43      51      60      73      90     113     145     190     257     356     509     749    1121    1667      0
       4024   5941    7568    7536    5993    4253    2937    2047    1454    1054     778     585     447     346     272     217     176     144     119     100      85      73      63      55      49      44      39      36      33      30      28      26      25      24      23      22      21      21      20      20      20      20      21      21      22      23      24      25      26      28      30      33      36      40      45      50      57      66      77      90     108     130     159     199     252     326     431     583     811    1162    1718      0
        945   1254    1714    2401    3364    4387    4746    4015    2860    1922    1302     909     657     490     375     295     236     193     160     135     115      99      87      76      68      61      56      51      47      44      41      39      37      35      34      33      32      31      31      31      31      31      31      32      33      34      35      36      38      40      43      46      49      53      58      63      70      77      86      97     110     125     143     165     191     224     265     316     381     466     578      0
       1759   1709    1648    1609    1605    1634    1681    1708    1661    1497    1234     943     689     496     358     263     197     150     117      93      76      62      52      44      38      33      29      26      24      21      20      18      17      16      15      15      14      14      14      14      14      14      14      14      15      16      16      17      18      20      22      24      27      30      34      39      45      54      64      78      97     122     158     208     279     383     533     745    1021    1330    1594      0
       3057   3225    3077    2781    2472    2203    1978    1781    1595    1406    1209    1012     824     657     518     406     319     253     202     163     133     110      92      78      67      58      51      45      41      37      34      31      29      27      25      24      23      22      22      22      21      21      21      22      22      23      24      25      26      28      30      32      35      39      43      49      55      64      75      89     106     130     162     206     267     354     481     671     953    1366    1926      0
       1466   1543    1611    1699    1830    2020    2268    2526    2651    2464    1975    1414     962     651     450     319     233     175     135     106      85      70      58      49      42      37      32      29      26      24      22      20      19      18      17      16      16      15      15      15      15      15      15      16      16      17      18      19      20      21      23      25      28      32      36      41      47      56      66      80      98     122     154     198     258     341     454     603     787     994    1192      0
        504    550     608     684     789     935    1137    1405    1704    1894    1790    1417    1000     680     466     328     238     178     137     108      87      71      59      50      43      38      34      30      27      25      23      21      20      19      18      17      17      17      16      16      16      16      17      17      18      19      20      21      22      24      26      28      31      35      39      45      51      59      69      81      96     114     137     163     194     229     267     308     348     387     425      0
        344    333     331     337     353     381     425     491     587     725     907    1099    1194    1085     834     586     403     282     203     151     116      91      73      60      50      43      37      33      29      26      24      22      21      19      18      18      17      17      16      16      16      17      17      18      18      19      20      22      23      26      28      31      36      41      47      55      66      79      97     120     151     191     241     300     361     415     447     454     439     414     386      0
        265    266     277     301     345     418     542     765    1178    1833    2169    1536     830     453     269     173     118      85      64      49      39      32      27      22      19      17      15      13      12      11      10      10       9       9       8       8       8       8       8       8       8       9       9       9      10      11      11      13      14      15      17      20      23      27      33      40      50      63      82     109     147     201     274     360     436     473     460     417     368     326     295      0
        520    436     391     375     385     424     506     662     962    1491    1944    1498     785     401     224     137      90      62      45      34      26      21      17      14      12      10       9       8       7       6       6       5       5       4       4       4       4       4       4       4       4       4       4       4       4       4       4       5       5       6       6       7       8       9      10      12      14      18      22      27      36      47      65      94     141     222     367     607     886     984     844      0
        288    291     305     334     385     469     611     861    1282    1774    1737    1128     628     361     222     147     102      74      56      44      35      28      24      20      17      15      13      12      11      10       9       9       8       8       7       7       7       7       7       7       7       7       8       8       8       9      10      10      11      13      14      16      18      21      25      30      37      45      57      72      94     123     162     211     265     314     346     354     344     325     307      0
        571    560     570     607     683     820    1062    1481    2113    2535    2023    1180     650     378     237     157     110      80      61      47      38      31      25      21      18      16      14      13      11      10       9       9       8       8       7       7       7       7       7       7       7       7       7       7       8       8       9       9      10      11      12      14      15      18      21      24      29      35      43      54      69      90     119     162     223     305     409     516     597     630     623      0
        969   1110    1122    1029     899     775     673     592     527     474     427     384     341     299     257     218     183     152     125     103      86      71      60      50      43      37      32      28      25      22      20      18      17      15      14      13      13      12      12      11      11      11      11      11      11      11      11      12      12      13      13      14      15      17      18      20      23      26      30      34      40      48      58      72      91     116     152     204     281     392     551      0
        211    169     144     129     120     118     120     129     144     171     216     296     448     745    1163    1119     634     322     178     109      72      50      37      28      22      18      15      12      10       9       8       7       6       6       5       5       5       5       4       4       4       4       4       4       4       5       5       5       5       6       6       7       8       9      10      12      14      17      21      26      34      46      64      94     146     242     416     652     740     585     402      0
        112    102      95      92      91      93      98     106     120     142     176     232     324     477     678     756     577     353     212     133      89      63      46      35      28      23      19      16      13      12      10       9       8       8       7       7       6       6       6       6       6       6       6       6       6       6       7       7       8       8       9      10      11      13      15      17      21      25      31      38      49      64      84     111     144     176     197     200     186     164     143      0
        149    134     124     116     111     109     109     112     118     128     143     164     193     233     282     333     362     347     290     221     161     118      87      66      52      41      33      28      23      20      18      15      14      13      12      11      10       9       9       9       9       8       8       8       9       9       9       9      10      11      11      12      14      15      17      19      22      26      31      38      46      57      72      91     116     144     172     193     201     196     182      0
        177    151     133     121     114     110     110     113     119     130     147     171     204     248     298     335     333     286     218     158     113      83      62      47      37      30      24      20      17      15      13      12      11      10       9       8       8       7       7       7       7       7       7       7       7       7       7       8       8       9       9      10      11      13      15      17      20      24      29      35      45      58      78     106     148     205     273     327     339     307     258      0
        244    236     229     224     224     227     235     248     267     291     318     341     353     342     307     256     204     158     121      94      73      58      47      39      32      27      23      20      18      16      14      13      12      11      10      10       9       9       9       9       9       9       9       9       9       9      10      10      11      11      12      13      15      16      18      21      24      28      33      39      48      58      72      89     111     138     168     199     225     243     251      0
        242    177     139     115     100      92      88      87      90      97     110     130     164     221     321     483     642     582     367     209     124      79      53      38      28      22      17      14      11      10       8       7       6       6       5       5       4       4       4       4       4       4       3       3       4       4       4       4       4       4       5       5       5       6       7       8       9      11      13      16      19      25      33      45      65      98     158     265     430     549     487      0
        114    101      91      85      81      80      81      85      92     103     120     148     192     266     389     566     676     554     347     206     128      84      59      43      33      26      21      17      14      12      11       9       8       8       7       6       6       6       5       5       5       5       5       5       5       5       6       6       6       7       7       8       9      10      11      13      15      17      21      26      32      42      54      71      95     124     154     176     182     171     152      0
        124    131     143     159     183     219     274     362     506     726     959     957     685     420     256     164     111      79      59      45      35      29      24      20      17      15      13      11      10       9       9       8       8       7       7       7       7       6       6       6       6       7       7       7       7       8       8       9      10      10      11      13      14      16      19      21      25      29      34      40      47      55      64      73      82      91      98     103     107     111     114      0
        218    238     250     256     258     260     264     271     281     293     304     309     301     277     238     194     151     116      89      68      53      42      34      27      23      19      16      14      12      11       9       8       8       7       7       6       6       5       5       5       5       5       5       5       5       5       5       5       5       6       6       7       7       8       9       9      11      12      14      16      19      22      27      33      41      51      64      81     103     129     160      0
         78     66      58      52      48      46      45      45      47      50      55      62      74      90     116     155     210     272     295     247     172     114      76      53      38      29      22      18      14      12      10       9       8       7       6       6       5       5       5       4       4       4       4       4       4       4       4       5       5       5       6       6       7       8       9      10      12      14      17      21      27      35      46      64      88     120     153     172     167     144     117      0
         62     62      63      65      69      75      84      98     117     147     193     263     359     440     425     318     210     136      92      64      47      36      28      22      18      15      13      11      10       9       8       7       7       6       6       6       5       5       5       5       5       5       5       5       6       6       6       7       7       8       9      10      11      12      14      16      19      22      27      32      37      44      51      58      64      68      70      70      68      66      64      0
        416    386     308     238     191     161     143     133     130     134     144     163     193     237     293     337     326     256     175     115      76      52      37      27      21      16      13      11       9       7       6       5       5       4       4       3       3       3       3       3       3       2       2       2       2       2       2       2       3       3       3       3       3       4       4       4       5       6       7       8       9      11      14      18      23      31      44      63      95     149     236      0
        191    140     109      90      78      71      68      68      71      78      90     110     144     204     315     479     539     371     203     113      68      44      30      22      17      13      10       8       7       6       5       4       4       3       3       3       3       2       2       2       2       2       2       2       2       2       2       2       2       3       3       3       3       4       4       5       6       7       8      10      12      15      20      28      39      58      91     151     249     350     353      0
        146    137     128     120     113     110     108     109     113     120     131     147     168     196     228     256     266     248     206     158     117      86      65      49      38      31      25      21      17      15      13      11      10       9       8       8       7       7       6       6       6       6       6       6       6       6       6       6       6       7       7       7       8       9      10      11      12      14      16      19      23      28      34      42      53      66      83     103     123     140     150      0
        154    151     144     136     128     123     119     119     121     125     133     144     158     174     188     195     189     170     141     112      86      66      51      40      32      26      21      18      15      13      11      10       9       8       7       7       6       6       5       5       5       5       5       5       5       5       5       5       5       5       6       6       7       7       8       9      10      11      13      15      18      21      26      32      40      50      63      80      99     120     138      0
        286    333     322     270     213     167     135     113      97      86      78      73      70      68      67      66      66      67      67      66      64      60      56      50      44      38      33      28      24      20      17      15      13      12      10       9       8       8       7       7       6       6       6       5       5       5       5       5       5       5       5       6       6       6       7       7       8       9      10      11      12      14      17      20      25      32      41      54      73     103     148      0
        121    105      91      81      73      68      65      65      66      69      75      84      97     115     138     162     177     171     143     108      78      56      41      30      23      18      15      12      10       8       7       6       6       5       4       4       4       4       3       3       3       3       3       3       3       3       3       3       3       3       4       4       4       5       5       6       7       8      10      11      14      17      22      28      37      49      66      88     114     135     143      0
         80     74      69      66      64      64      66      70      76      85      98     115     135     154     164     154     127      97      71      51      38      29      22      17      14      11      10       8       7       6       5       5       4       4       4       3       3       3       3       3       3       3       3       3       3       3       3       3       4       4       4       5       5       6       6       7       9      10      12      15      18      23      29      37      47      60      73      86      94      96      93      0
