SWAN 1
LOCATIONS
     1
     681726.07 2033118.57
AFREQ
     56
     0.0300
     0.0400
     0.0500
     0.0600
     0.0700
     0.0800
     0.0900
     0.1000
     0.1100
     0.1200
     0.1300
     0.1400
     0.1500
     0.1600
     0.1700
     0.1800
     0.1900
     0.2000
     0.2100
     0.2200
     0.2300
     0.2400
     0.2500
     0.2600
     0.2700
     0.2800
     0.2900
     0.3000
     0.3100
     0.3200
     0.3300
     0.3400
     0.3500
     0.3600
     0.3700
     0.3800
     0.3900
     0.4000
     0.4100
     0.4200
     0.4300
     0.4400
     0.4500
     0.4600
     0.4700
     0.4800
     0.4900
     0.5000
     0.5100
     0.5200
     0.5300
     0.5400
     0.5500
     0.5600
     0.5700
     0.5800
NDIR
     72
     5.0000
     10.0000
     15.0000
     20.0000
     25.0000
     30.0000
     35.0000
     40.0000
     45.0000
     50.0000
     55.0000
     60.0000
     65.0000
     70.0000
     75.0000
     80.0000
     85.0000
     90.0000
     95.0000
     100.0000
     105.0000
     110.0000
     115.0000
     120.0000
     125.0000
     130.0000
     135.0000
     140.0000
     145.0000
     150.0000
     155.0000
     160.0000
     165.0000
     170.0000
     175.0000
     180.0000
     185.0000
     190.0000
     195.0000
     200.0000
     205.0000
     210.0000
     215.0000
     220.0000
     225.0000
     230.0000
     235.0000
     240.0000
     245.0000
     250.0000
     255.0000
     260.0000
     265.0000
     270.0000
     275.0000
     280.0000
     285.0000
     290.0000
     295.0000
     300.0000
     305.0000
     310.0000
     315.0000
     320.0000
     325.0000
     330.0000
     335.0000
     340.0000
     345.0000
     350.0000
     355.0000
     360.0000
QUANT
     1
VaDens
m2/Hz/degr
     -999.000000
FACTOR
     1.00000E-06
          12      15       21       28       36       38       34       26       19       14       10        8        6        5        4        3        3        3        2        2        2        2        2        2        2        2        2        2        2        2        2        2        2        3        3        3        4        4        5        6        7        7        8        8        8        8        7        6        6        5        4        4        4        3        3        3        3        3        3        2        2        3        3        3        3        3        4        4        5        6        7       9
          67      67       66       64       61       57       54       50       46       43       40       37       34       32       29       28       26       25       23       22       21       21       20       19       19       18       18       18       18       18       17       17       17       17       18       18       18       18       18       18       19       19       19       19       20       20       21       21       22       22       23       23       24       25       26       27       28       30       31       33       35       37       40       43       45       49       52       55       59       62       64      66
          63      53       45       40       35       32       30       28       27       27       27       27       28       29       31       34       37       41       46       51       56       61       64       64       61       55       48       41       34       29       24       21       18       15       14       12       11       10        9        9        8        8        7        7        7        7        7        7        8        8        8        9       10       10       12       13       15       17       20       24       30       37       47       60       77       97      115      125      123      109       92      76
         308     302      296      290      283      275      265      254      241      226      209      192      175      158      142      128      114      102       92       83       75       68       62       57       52       49       46       43       41       39       37       36       35       34       34       34       34       34       34       35       36       37       39       41       43       46       50       54       58       64       71       79       88       99      112      127      144      164      186      210      234      258      280      299      314      324      329      330      328      324      319     313
        1615    1632     1578     1451     1270     1068      875      706      569      459      374      308      256      216      184      159      139      123      109       98       90       82       76       71       67       64       61       59       57       56       56       55       56       56       57       59       60       63       66       70       74       79       86       94      103      114      127      143      162      184      211      244      283      328      381      441      507      578      651      723      791      853      911      964     1016     1070     1130     1198     1277     1366     1460    1550
        3022    2282     1763     1389     1113      906      747      624      527      450      389      339      298      265      237      214      195      178      165      153      144      136      129      123      119      115      112      110      109      109      109      110      111      114      117      121      126      132      139      148      159      171      186      204      225      250      281      319      365      422      492      582      695      843     1036     1293     1644     2135     2838     3884     5501     8112    12492    19757    29670    35512    30092    20277    12946     8479     5792    4115
       20805   11723     7139     4639     3176     2270     1681     1283     1004      804      657      546      462      396      344      303      270      243      221      203      188      176      166      158      152      147      143      141      140      140      140      142      146      150      156      163      172      183      197      213      233      258      288      325      371      428      501      595      716      877     1091     1384     1790     2363     3186     4379     6113     8589    11958    16141    20666    24868    28456    31870    36152    42865    54463    74644   102939   111285    76050   39858
        9470    4454     2463     1511      997      695      506      381      296      236      192      159      134      115      100       88       78       70       64       59       55       51       48       46       45       43       42       42       42       42       42       43       44       46       48       50       54       58       62       68       76       85       96      110      128      151      181      221      276      352      462      626      880     1298     2032     3438     6448    13709    30795    48030    38239    24291    17197    14123    13290    14296    17920    27733    61238   186682   118828   26815
       31786   21743    14457     9631     6537     4553     3260     2398     1809     1396     1101      885      724      601      507      434      376      330      293      262      238      217      200      187      175      166      159      153      148      145      143      142      142      143      145      149      153      159      167      177      188      202      220      240      266      297      336      383      443      520      618      745      915     1144     1460     1905     2549     3507     4976     7297    11055    17198    26945    40768    56069    67155    71047    69961    66707    61783    54125   43461
      109536   55166    22271    10367     5567     3320     2137     1458     1042      773      591      464      373      306      256      217      187      163      144      129      117      106       98       92       86       82       78       75       73       72       71       71       71       72       74       76       79       82       87       93      100      108      119      132      148      167      192      224      264      317      388      485      619      812     1099     1542     2265     3515     5849    10603    20994    41686    61678    55806    40530    30896    26509    25771    28520    36558    55782   95652
      115547   76676    36552    17716     9516     5613     3565     2399     1692     1239      937      728      579      471      390      328      280      242      213      189      170      154      141      131      122      115      109      105      101       99       97       96       96       96       98      100      103      107      112      118      125      135      146      160      177      198      224      257      297      350      418      507      626      790     1019     1349     1837     2584     3769     5714     8987    14440    22709    32374    39142    40815    40042    40141    43256    51655    69434   99876
       22349   26764    32518    34865    28137    17577    10059     5885     3635     2372     1625     1160      858      654      511      409      334      278      235      201      175      154      137      123      112      103       96       90       85       81       78       75       74       73       72       72       73       74       76       79       82       86       91       98      105      115      127      141      158      180      208      244      289      349      429      538      689      907     1229     1721     2504     3798     6008     9771    15585    22151    25644    24709    22092    20052    19282   19964
       31889   58997    63544    30469    12891     6363     3595     2238     1495     1054      775      590      462      371      305      255      217      187      164      145      130      118      108      100       94       89       84       81       79       77       76       75       75       76       78       80       82       86       91       96      104      112      123      136      152      171      196      228      268      321      390      483      611      789     1045     1417     1970     2789     3969     5515     7168     8376     8746     8449     7930     7516     7367     7581     8287     9756    12620   18506
       12690   24309    36478    22710     9411     4391     2386     1448      952      664      485      367      287      230      188      157      134      116      101       90       81       73       67       63       59       55       53       51       50       49       48       48       48       49       50       52       54       56       60       64       69       75       83       93      105      120      139      163      195      237      295      374      487      652      898     1276     1861     2742     3920     5092     5669     5440     4800     4163     3691     3409     3306     3383     3676     4281     5430    7701
       24715   30507    27309    16851     9029     4976     2941     1860     1244      872      635      478      370      293      238      196      164      140      121      106       94       84       76       70       64       60       57       54       51       50       48       47       47       47       47       47       48       50       52       54       57       61       65       70       77       85       95      107      122      141      165      196      237      291      364      464      605      809     1108     1556     2236     3255     4708     6544     8413     9811    10567    10980    11513    12598    14721   18569
        7830    9200     9820     8582     6099     3887     2440     1575     1059      741      537      402      310      244      197      162      135      115       99       86       76       68       62       56       52       49       46       43       41       40       39       38       38       37       38       38       39       40       42       43       46       49       52       57       62       69       77       87      100      115      136      162      196      242      305      391      514      692      953     1343     1917     2723     3723     4706     5356     5550     5449     5293     5248     5407     5844    6638
        7168    7732     7381     6062     4433     3072     2117     1485     1070      793      604      471      376      306      254      214      183      159      140      124      112      102       93       87       81       77       73       70       68       67       66       65       65       66       67       69       71       74       78       83       89       96      104      115      128      144      164      189      220      260      312      379      469      589      750      969     1263     1649     2129     2672     3204     3625     3875     3967     3970     3960     3997     4125     4382     4805     5432    6263
        4218    4709     5104     5148     4662     3780     2834     2051     1477     1078      803      611      476      379      307      253      213      181      157      137      121      109       99       90       83       78       73       70       67       64       63       62       61       61       61       62       63       65       68       71       75       80       86       93      102      112      125      142      162      187      219      259      311      378      466      582      735      933     1186     1495     1844     2197     2505     2727     2856     2915     2946     2987     3068     3214     3446    3781
        4052    5315     6952     8169     7545     5419     3440     2160     1404      954      676      497      377      294      235      192      159      135      116      101       89       79       71       65       60       56       52       49       47       45       44       43       42       42       42       42       43       44       46       47       50       53       56       60       65       72       79       88       99      112      129      149      175      206      246      295      357      433      526      636      763      902     1048     1195     1337     1477     1622     1784     1986     2256     2639    3202
        2978    3440     3974     4469     4686     4396     3651     2768     2006     1441     1047      776      588      455      361      291      239      200      170      146      127      112      100       90       82       76       70       66       62       59       57       55       54       53       53       53       53       54       55       57       59       61       65       69       74       79       87       95      105      118      133      151      174      202      236      279      332      397      477      574      689      822      968     1125     1284     1442     1596     1751     1914     2100     2325    2611
        2351    2424     2577     2801     3050     3197     3066     2599     1971     1399      972      681      488      358      269      208      164      132      108       90       76       65       57       50       45       40       37       34       31       29       28       26       25       25       24       24       24       24       24       24       25       26       27       28       30       32       35       38       42       47       53       60       69       81       96      115      141      175      222      288      380      512      701      967     1321     1739     2138     2410     2508     2478     2405    2351
        1771    1895     2145     2541     3054     3454     3293     2526     1676     1066      690      464      324      235      176      136      107       87       71       60       51       44       39       34       31       28       25       24       22       21       20       19       18       18       18       18       18       18       18       19       19       20       22       23       25       27       29       33       37       42       48       56       66       80       98      123      159      210      287      407      603      935     1511     2447     3586     4163     3777     3044     2448     2063     1845    1755
        5566    6334     6706     6194     4862     3384     2238     1478      999      695      499      368      279      217      172      139      115       96       81       70       61       54       48       43       39       36       33       31       29       28       27       26       25       25       24       24       24       25       25       26       27       28       29       31       33       36       39       43       47       53       60       68       79       92      109      131      159      196      245      311      401      522      686      907     1195     1555     1983     2461     2971     3510     4101    4783
        1602    1729     1987     2448     3222     4340     5163     4437     2806     1603      941      587      388      270      195      146      113       90       73       60       50       43       37       33       29       26       24       22       20       19       18       17       16       16       16       15       15       15       16       16       16       17       18       19       20       22       23       26       29       32       36       42       49       58       69       84      105      133      173      230      315      441      630      904     1263     1638     1893     1945     1850     1716     1613    1570
         852     903     1006     1188     1509     2089     3141     4630     4910     3178     1670      908      537      343      232      166      123       94       74       60       49       41       35       30       27       24       21       19       18       16       15       15       14       13       13       13       12       12       12       13       13       13       14       14       15       16       18       19       21       23       26       30       34       40       47       56       68       84      106      136      177      234      312      416      541      674      786      852      871      859      842     835
        1221    1198     1231     1331     1518     1831     2319     2975     3494     3257     2340     1469      909      583      392      275      201      152      118       94       76       63       53       46       40       35       31       28       26       24       22       21       20       19       18       18       18       17       17       18       18       18       19       20       21       22       24       26       28       31       35       39       45       52       61       73       89      111      140      182      242      330      461      655      932     1277     1601     1768     1735     1587     1424    1297
        2353    2059     1778     1570     1437     1368     1350     1372     1420     1466     1468     1380     1193      953      720      530      389      288      217      167      131      105       85       70       59       50       44       38       34       30       27       25       23       22       20       19       18       18       17       17       17       17       17       17       17       18       19       20       21       22       24       26       29       32       36       41       47       55       66       79       97      122      156      206      278      388      558      824     1226     1760     2270    2489
        2024    1657     1452     1366     1381     1499     1748     2171     2764     3206     2864     1930     1146      682      426      281      194      140      104       80       63       51       42       35       30       26       22       20       18       16       15       14       13       12       11       11       11       10       10       10       10       10       10       11       11       11       12       13       14       15       16       18       20       23       27       31       37       44       54       67       86      113      153      216      316      488      794     1345     2220     3063     3130    2577
        2790    2162     1675     1374     1205     1127     1117     1167     1268     1404     1512     1487     1267      944      652      441      302      212      154      114       88       69       55       45       37       31       27       23       21       18       16       15       14       13       12       11       11       10       10       10       10       10       10       10       10       10       11       11       12       13       14       15       17       18       21       24       27       32       38       46       56       71       92      122      167      238      356      562      936     1600     2533    3100
        2360    1924     1495     1209     1045      966      954     1005     1126     1331     1614     1864     1817     1399      915      571      363      240      166      119       88       68       53       43       35       29       25       21       18       16       15       13       12       11       10       10        9        9        8        8        8        8        8        8        8        8        9        9       10       10       11       12       13       14       16       18       21       24       29       35       42       53       67       88      120      168      245      377      612     1034     1699    2330
         430     350      299      268      253      251      261      288      337      426      591      924     1619     2494     2003      973      471      258      157      103       72       53       40       31       25       20       17       15       13       11       10        9        8        7        7        6        6        6        6        6        5        5        5        6        6        6        6        6        7        7        8        9       10       11       12       14       17       20       24       30       38       49       65       90      129      193      298      459      645      741      678     546
        2291    2413     2087     1699     1419     1251     1171     1160     1206     1296     1397     1431     1311     1044      746      508      344      238      169      123       93       71       56       45       37       31       26       22       20       17       15       14       13       12       11       10       10        9        9        8        8        8        8        8        8        8        9        9        9       10       11       12       13       14       15       17       20       23       26       31       37       46       57       73       96      130      182      265      403      643     1057    1683
        1361    1552     1597     1543     1467     1415     1408     1452     1545     1670     1767     1735     1506     1152      811      554      380      267      192      142      108       84       67       54       45       37       32       27       24       21       19       17       16       14       13       13       12       11       11       11       10       10       10       10       10       11       11       11       12       13       13       14       16       17       19       21       24       28       32       38       45       55       67       85      109      143      193      266      376      540      772    1067
        1135     837      639      519      451      416      407      422      464      542      677      899     1215     1460     1296      855      505      304      193      129       91       67       50       39       31       26       21       18       16       14       12       11       10        9        8        8        7        7        7        6        6        6        6        6        6        6        7        7        7        8        8        9       10       11       12       14       16       19       22       27       33       42       54       71       98      141      214      341      573      961     1377    1429
        1195     697      461      346      285      255      245      252      278      332      439      665     1229     2721     3371     1426      545      259      144       90       60       42       31       24       19       15       12       10        9        8        7        6        5        5        4        4        4        4        3        3        3        3        3        3        3        3        3        4        4        4        4        5        5        6        6        7        8       10       12       14       17       22       28       38       52       76      118      199      374      796     1639    1906
         677     723      678      598      525      474      446      441      460      507      595      743      977     1277     1422     1164      743      441      269      173      117       83       61       46       36       29       24       20       17       14       12       11       10        9        8        7        7        7        6        6        6        6        5        5        5        6        6        6        6        6        7        7        8        8        9       10       12       13       15       18       21       26       32       40       51       67       91      126      181      265      388     543
         763    1154     1385     1285     1048      849      718      642      604      590      589      583      553      487      392      294      212      151      109       80       59       45       35       28       23       19       16       13       11       10        9        8        7        6        6        5        5        5        4        4        4        4        4        4        4        4        4        4        4        5        5        5        6        6        7        7        8        9       11       13       15       18       22       27       35       45       60       83      119      179      281     461
         839     865      859      853      866      911      999     1132     1285     1370     1263      972      659      428      280      189      132       95       71       54       42       34       28       23       19       16       14       13       11       10        9        8        8        7        7        6        6        6        6        6        6        6        6        6        6        6        6        7        7        8        8        9       10       11       13       14       17       19       23       28       34       42       53       69       91      123      170      238      336      468      619     755
         474     408      329      267      224      197      180      172      172      178      194      219      258      313      381      437      434      357      255      173      117       82       59       44       33       26       21       17       14       12       10        9        8        7        6        6        5        5        5        5        4        4        4        4        4        4        4        4        5        5        5        5        6        6        7        8        9       10       12       14       17       21       26       33       44       59       82      119      177      266      380     470
         439     307      232      189      166      155      154      162      182      220      290      418      646      879      751      424      222      125       76       50       35       25       19       15       12        9        8        7        6        5        4        4        3        3        3        3        2        2        2        2        2        2        2        2        2        2        2        2        3        3        3        3        4        4        5        5        6        7        9       11       14       17       23       31       43       64      101      171      307      539      722     630
         382     268      205      170      151      143      144      154      175      214      284      411      613      759      597      337      183      106       66       44       31       23       17       14       11        9        7        6        5        5        4        4        3        3        3        3        2        2        2        2        2        2        2        2        2        2        2        2        3        3        3        3        4        4        5        5        6        8        9       11       14       18       24       34       48       73      119      210      392      672      772     577
         287     257      236      227      229      244      277      339      452      661     1001     1221      903      484      256      147       91       61       42       31       23       18       15       12       10        8        7        6        5        5        4        4        4        3        3        3        3        3        3        3        3        3        3        3        3        3        3        3        4        4        4        5        5        6        7        8        9       11       13       17       21       27       36       48       67       96      139      200      272      328      344     322
         674     649      551      462      404      375      374      400      463      580      778     1024     1068      761      433      242      143       91       61       42       31       23       18       14       12       10        8        7        6        5        5        4        4        3        3        3        3        3        2        2        2        2        2        2        2        2        2        3        3        3        3        3        4        4        5        5        6        7        8       10       12       15       19       25       33       45       64       95      147      235      378     558
         295     239      203      182      174      176      189      218      274      385      625     1186     1872     1257      525      242      130       78       51       35       26       19       15       12       10        8        7        6        5        4        4        3        3        3        3        3        2        2        2        2        2        2        2        2        2        2        2        3        3        3        3        4        4        5        5        6        7        9       11       13       16       21       28       39       55       82      128      203      313      416      434     371
         276     199      155      129      114      107      106      110      120      141      177      245      385      701     1218     1082      506      233      123       73       48       33       24       18       14       11        9        8        6        5        5        4        4        3        3        3        3        3        2        2        2        2        2        2        2        2        2        3        3        3        3        3        4        4        5        6        6        8        9       11       14       18       24       34       48       73      118      203      356      535      545     403
         639     642      503      376      295      249      227      222      233      264      328      453      705     1137     1281      768      364      186      106       66       44       31       23       17       13       11        9        7        6        5        4        4        3        3        3        3        2        2        2        2        2        2        2        2        2        2        2        2        2        2        2        3        3        3        3        4        4        5        6        7        8       10       13       17       22       29       41       60       93      153      264     451
         556     429      299      220      176      152      142      142      153      179      230      335      572     1069     1230      618      262      128       72       45       30       21       15       12        9        7        6        5        4        3        3        3        2        2        2        2        2        1        1        1        1        1        1        1        1        1        1        1        1        2        2        2        2        2        3        3        3        4        5        5        7        8       11       14       19       26       38       58       94      166      305     498
         564     303      183      127       98       83       74       71       72       77       89      110      149      231      425      837      874      398      169       85       49       31       21       15       11        9        7        5        4        4        3        3        2        2        2        2        2        1        1        1        1        1        1        1        1        1        1        1        1        1        1        2        2        2        2        3        3        3        4        5        6        7       10       13       17       25       37       60      108      222      502     792
         624     820      452      230      140       98       77       65       58       56       56       60       67       80      103      144      214      307      322      216      120       67       41       27       18       13       10        8        6        5        4        3        3        2        2        2        2        1        1        1        1        1        1        1        1        1        1        1        1        1        1        1        1        1        2        2        2        2        3        3        4        4        5        7        9       12       16       23       36       61      114     256
         461     329      194      124       88       69       58       51       48       47       49       53       61       75      100      148      244      413      476      289      141       74       43       28       19       13       10        8        6        5        4        3        3        2        2        2        2        2        1        1        1        1        1        1        1        1        1        1        1        1        1        1        1        2        2        2        2        3        3        4        4        5        7        8       11       15       22       33       52       93      181     355
         197     121       83       63       51       44       40       39       39       40       44       51       63       85      128      225      476      803      492      194       90       49       30       20       14       10        8        6        5        4        3        3        3        2        2        2        2        1        1        1        1        1        1        1        1        1        1        1        1        1        1        2        2        2        2        2        3        3        4        5        6        8       10       13       19       28       44       76      146      295      437     340
         430     355      263      199      160      137      124      119      121      130      148      180      237      332      467      540      423      251      143       85       54       37       26       19       15       11        9        7        6        5        4        4        3        3        3        3        2        2        2        2        2        2        2        2        2        2        2        2        2        2        2        2        3        3        3        4        4        5        6        7        8       10       12       16       21       29       41       62       97      161      267     393
         207     208      181      150      125      108       98       94       94       99      112      134      175      254      413      680      742      433      209      109       64       40       27       19       14       11        9        7        6        5        4        3        3        3        2        2        2        2        2        2        1        1        1        1        1        1        1        1        1        2        2        2        2        2        2        3        3        3        4        5        6        7        9       11       14       19       26       36       53       79      120     170
         427     282      155       96       68       54       46       42       40       41       45       53       67       97      166      395     1438     1199      269       96       46       26       17       11        8        6        4        3        3        2        2        2        1        1        1        1        1        1        1        1        0        0        0        0        0        0        0        0        0        1        1        1        1        1        1        1        1        1        2        2        3        3        4        5        7       10       14       22       36       66      138     306
         101      76       60       51       45       42       41       42       45       50       59       75      105      168      329      799     1080      447      168       81       46       29       19       14       10        8        6        5        4        4        3        3        2        2        2        2        2        1        1        1        1        1        1        1        1        1        1        1        1        2        2        2        2        2        3        3        4        4        5        7        8       11       15       20       30       46       74      124      195      234      200     143
         266     220      169      131      106       90       81       76       74       77       83       94      114      147      204      302      426      444      305      173       99       61       40       28       20       15       12        9        8        6        5        4        4        3        3        3        2        2        2        2        2        2        2        2        2        2        2        2        2        2        2        2        2        3        3        3        4        4        5        6        7        9       11       14       19       26       36       53       81      128      196     259
