SWAN 1
LOCATIONS
     1
     -67.28  18.38
AFREQ
     56
     0.0300
     0.0400
     0.0500
     0.0600
     0.0700
     0.0800
     0.0900
     0.1000
     0.1100
     0.1200
     0.1300
     0.1400
     0.1500
     0.1600
     0.1700
     0.1800
     0.1900
     0.2000
     0.2100
     0.2200
     0.2300
     0.2400
     0.2500
     0.2600
     0.2700
     0.2800
     0.2900
     0.3000
     0.3100
     0.3200
     0.3300
     0.3400
     0.3500
     0.3600
     0.3700
     0.3800
     0.3900
     0.4000
     0.4100
     0.4200
     0.4300
     0.4400
     0.4500
     0.4600
     0.4700
     0.4800
     0.4900
     0.5000
     0.5100
     0.5200
     0.5300
     0.5400
     0.5500
     0.5600
     0.5700
     0.5800
NDIR
     72
     5.0000
     10.0000
     15.0000
     20.0000
     25.0000
     30.0000
     35.0000
     40.0000
     45.0000
     50.0000
     55.0000
     60.0000
     65.0000
     70.0000
     75.0000
     80.0000
     85.0000
     90.0000
     95.0000
     100.0000
     105.0000
     110.0000
     115.0000
     120.0000
     125.0000
     130.0000
     135.0000
     140.0000
     145.0000
     150.0000
     155.0000
     160.0000
     165.0000
     170.0000
     175.0000
     180.0000
     185.0000
     190.0000
     195.0000
     200.0000
     205.0000
     210.0000
     215.0000
     220.0000
     225.0000
     230.0000
     235.0000
     240.0000
     245.0000
     250.0000
     255.0000
     260.0000
     265.0000
     270.0000
     275.0000
     280.0000
     285.0000
     290.0000
     295.0000
     300.0000
     305.0000
     310.0000
     315.0000
     320.0000
     325.0000
     330.0000
     335.0000
     340.0000
     345.0000
     350.0000
     355.0000
     360.0000
QUANT
     1
VaDens
m2/Hz/degr
     -999.000000
FACTOR
     1.00000E-06
         105     125      131      120      100       78       61       49       39       33       28       24       21       19       18       16       16       15       15       15       15       15       15       16       17       18       19       21       23       25       28       30       32       33       34       33       32       30       27       24       21       19       17       15       14       12       11       11       10        9        9        9        9        8        9        9        9        9       10       10       11       12       14       15       18       21       25       30       38       48       63      83
         628    1043     1359     1090      650      382      241      164      119       90       71       58       48       42       36       32       29       27       25       24       23       22       21       21       21       21       22       22       23       24       25       27       29       31       34       37       40       44       47       51       54       57       58       59       58       57       55       53       50       48       45       43       42       40       39       39       39       39       40       41       44       46       50       56       63       72       86      105      133      178      252     383
        2171    1411      979      715      544      427      345      286      241      208      182      161      145      132      122      113      107      101       97       94       92       91       90       90       91       93       96       99      104      110      117      125      136      148      163      181      203      229      260      297      340      391      448      510      576      641      700      749      785      809      821      826      828      830      838      854      882      927      993     1089     1229     1433     1738     2216     3006     4408     7054    11669    15296    11805     6562    3619
        6974    4744     3401     2543     1967     1566     1277     1063      901      777      679      602      540      490      449      416      389      367      350      336      325      317      311      308      308      309      313      319      327      338      352      369      389      414      442      476      515      562      615      677      749      832      927     1034     1155     1290     1437     1595     1765     1942     2127     2319     2520     2734     2969     3235     3550     3938     4432     5088     5991     7286     9236    12350    17670    27343    44411    62696    56161    33647    18597   10950
       16421   10329     6970     4957     3672     2811     2212     1781     1464     1225     1041      898      784      694      620      561      512      472      439      412      389      371      357      346      337      332      328      327      329      333      339      348      359      374      392      414      440      472      510      554      608      672      748      839      949     1081     1241     1435     1669     1953     2297     2711     3208     3801     4504     5333     6310     7470     8866    10598    12834    15885    20336    27396    39862    65313   128186   287809   339553   146460    58733   28839
       18558   13754    10520     8248     6598     5369     4433     3707     3137     2682     2317     2019     1776     1575     1408     1269     1152     1053      970      900      840      790      748      712      682      658      639      624      613      606      603      604      608      616      628      645      666      692      724      762      808      863      928     1005     1097     1207     1339     1499     1692     1929     2222     2588     3050     3641     4411     5432     6816     8745    11522    15696    22322    33638    55030   101646   222694   507150   541451   251159   115398    62955    38893   26106
       48795   29136    18163    11865     8092     5732     4198     3163     2445     1933     1559     1280     1069      905      778      677      596      531      478      434      399      369      345      325      309      296      286      279      273      270      269      270      273      278      285      295      308      324      343      367      395      430      472      524      587      665      762      883     1038     1236     1494     1835     2294     2922     3796     5040     6843     9504    13479    19431    28188    40485    56381    74833    94426   115027   138222   164491   185206   177232   133066   83073
       40912   22741    13870     9087     6294     4555     3417     2642     2095     1699     1405     1182     1010      876      769      684      616      560      514      477      446      422      402      386      374      365      360      357      357      360      366      375      387      403      423      448      478      515      560      615      682      764      866      992     1152     1354     1615     1954     2400     2996     3801     4900     6406     8461    11211    14730    18897    23291    27292    30457    32836    34944    37539    41542    48257    60010    81712   124160   200844   251941   169989   81990
      132960  142694   126754    89007    54395    32449    19981    12891     8707     6128     4469     3361     2597     2055     1660     1366     1144      972      838      732      647      579      524      478      441      411      386      365      349      337      327      320      316      314      315      318      324      333      344      359      378      401      429      464      506      558      621      699      797      919     1075     1276     1540     1891     2368     3032     3979     5372     7486    10816    16255    25408    40845    65026    94752   115977   118773   110973   103466   101084   105330  116681
      124063  247519   240726    97517    39244    19184    10818     6731     4495     3168     2328     1771     1386     1112      911      761      646      557      487      431      387      350      321      297      277      262      249      239      231      225      222      220      220      222      225      231      238      248      261      277      296      320      348      384      427      481      548      633      741      881     1064     1308     1639     2098     2749     3691     5083     7161    10238    14574    19951    25123    28282    28817    27786    26567    26041    26725    29171    34435    45031   67830
       14749   22985    45126   116307   149308    52176    18496     8642     4800     2977     1994     1413     1046      802      634      513      424      357      306      266      235      210      190      174      161      150      141      135      129      125      123      121      120      121      122      124      128      133      139      147      157      169      185      203      226      255      292      338      398      477      582      726      928     1221     1660     2346     3468     5385     8722    14135    20401    22697    19546    15112    11781     9671     8438     7823     7701     8064     9035   10964
       20067   33060    68103   145836   117053    42259    17466     8893     5200     3339     2292     1655     1244      966      770      629      524      445      383      335      297      267      242      223      206      193      183      175      168      163      160      158      158      158      160      164      169      176      184      195      208      224      244      269      299      336      383      442      517      614      741      910     1138     1452     1888     2499     3356     4524     6011     7656     9073     9846     9882     9446     8882     8421     8181     8228     8635     9534    11195   14215
       35580   86175   285569   192373    45688    16942     8326     4789     3045     2076     1491     1116      863      686      558      464      392      337      294      260      233      211      193      179      167      158      150      144      140      137      135      134      134      136      138      142      147      154      163      173      186      202      221      245      274      311      357      415      490      588      718      891     1129     1460     1928     2594     3536     4824     6439     8142     9464    10023     9870     9365     8849     8518     8476     8810     9655    11297    14382   20610
       34603   66172   159534   151277    46197    16437     7616     4158     2526     1654     1146      830      623      482      382      310      256      215      184      159      140      124      112      102       93       87       81       77       73       70       68       66       65       65       65       66       67       68       71       74       78       82       88       95      104      115      128      144      164      190      222      264      320      394      496      640      846     1154     1629     2392     3667     5858     9564    15034    20468    22458    20964    18705    17295    17226    18907   23482
       21158   38962    74377    65765    26547    11014     5497     3143     1975     1329      943      697      532      418      337      277      232      198      171      150      133      120      109      100       92       87       82       78       75       73       71       70       70       70       71       72       74       77       81       85       91       97      106      116      128      144      163      187      218      258      310      380      475      606      795     1071     1491     2145     3186     4832     7230     9990    11834    11858    10717     9457     8562     8144     8237     8946    10574   13911
        8021    9294    11958    17553    29858    49028    42693    19780     8858     4562     2647     1676     1133      806      597      457      359      290      238      200      170      147      129      115      103       94       86       80       75       71       68       65       63       62       61       61       61       62       63       65       67       71       75       80       86       93      102      114      128      145      168      196      233      283      349      440      571      762     1053     1518     2299     3688     6267    10890    17045    19845    17010    12977    10150     8514     7718    7560
        9096   12961    22800    49881    63894    25947     9325     4249     2293     1384      904      626      453      341      264      210      171      141      119      102       89       78       70       63       57       53       49       46       44       42       40       39       39       38       38       38       39       40       41       42       45       47       50       54       59       65       72       81       93      107      126      149      181      224      283      367      490      678      980     1491     2420     4227     7867    14084    18795    16583    12150     9139     7513     6794     6751    7402
        6631    8114    11226    17726    27920    26940    13916     6351     3236     1849     1154      770      542      397      301      235      188      153      128      108       93       81       71       64       58       53       49       45       43       40       39       37       36       36       35       35       36       36       37       38       40       42       44       47       51       56       62       69       77       88      102      120      143      174      215      273      354      474      658      951     1446     2330     3993     7076    11531    14117    12475     9625     7590     6449     5961    6007
        5478    7596    12626    26707    46886    25516     8741     3734     1933     1135      726      495      354      264      203      160      129      106       89       76       66       58       51       46       42       38       35       33       31       30       29       28       27       27       27       27       27       27       28       29       30       32       34       36       39       43       47       53       60       68       79       92      110      133      164      205      264      346      466      644      912     1315     1897     2648     3418     3943     4093     3998     3864     3833     3999    4472
        5028    7231    12418    26386    41840    21740     7911     3534     1884     1129      735      508      368      277      215      171      139      115       97       84       73       64       57       52       47       43       40       38       36       35       33       32       32       32       31       32       32       33       34       35       37       39       42       45       49       54       60       67       76       87      102      120      144      175      218      275      355      466      625      850     1164     1577     2061     2525     2854     2996     3004     2972     2983     3099     3384    3948
        4585    4462     4895     6177     9294    16800    24395    14080     5348     2341     1209      703      445      299      212      156      118       92       74       60       50       42       36       32       28       25       22       20       19       17       16       15       15       14       14       13       13       13       13       13       14       14       15       15       16       17       19       20       22       24       27       31       36       41       49       59       72       89      113      148      199      278      403      616     1001     1746     3241     5909     8506     8335     6601    5259
        6670    7523     9495    13519    19414    18836    10287     4716     2346     1300      788      511      350      250      185      141      111       89       73       60       51       44       38       33       30       27       24       22       21       19       18       18       17       16       16       16       16       16       16       16       16       17       18       19       20       21       23       25       27       30       34       39       45       52       61       74       90      112      143      186      248      341      485      714     1090     1716     2720     4114     5514     6311     6456    6428
        5162    6380     8459    12224    18043    20251    13269     6569     3324     1846     1116      723      494      352      260      198      155      124      101       84       71       61       53       46       41       37       34       31       29       27       25       24       23       22       22       21       21       21       21       21       22       22       23       24       26       27       29       32       34       38       42       48       54       63       73       86      103      125      155      194      248      322      427      574      782     1072     1461     1952     2518     3114     3713    4354
        2822    3111     3702     4861     7191    11559    14872    10148     4779     2322     1265      759      491      336      241      180      138      109       87       72       60       51       44       39       34       31       28       25       23       22       21       20       19       18       18       17       17       17       17       17       18       18       19       20       21       23       25       27       29       33       37       42       48       56       66       79       96      119      151      195      257      348      482      680      970     1365     1839     2284     2574     2681     2690    2709
        2461    2713     3148     3841     4815     5746     5695     4335     2764     1686     1055      691      473      338      250      190      149      119       97       81       68       59       51       45       40       36       33       30       28       26       25       24       23       22       22       22       22       22       22       22       23       24       25       26       28       30       32       35       39       44       49       56       65       76       90      109      134      167      212      275      363      488      665      908     1221     1578     1910     2142     2251     2278     2287    2334
        3783    3660     3643     3754     3988     4286     4483     4314     3654     2737     1902     1292      885      620      447      331      252      196      156      127      105       88       75       65       56       50       45       40       37       34       32       30       28       27       26       25       25       25       25       25       25       25       26       27       28       30       32       34       37       40       45       50       56       64       74       87      104      126      154      194      248      324      435      598      842     1208     1740     2444     3205     3784     4008    3945
        2995    3100     3269     3568     4040     4665     5203     5104     4103     2795     1774     1126      737      501      354      258      194      150      119       96       79       66       56       48       42       37       33       30       27       25       23       22       21       20       19       18       18       18       18       18       18       18       19       19       20       21       22       24       26       28       31       35       39       44       51       59       70       84      102      127      160      205      270      362      495      690      967     1345     1805     2274     2646    2873
        2924    3230     3669     4314     5189     6069     6230     5127     3481     2177     1362      882      595      417      303      227      175      138      111       91       76       65       56       48       43       38       34       31       29       27       25       24       23       22       21       21       20       20       20       20       21       21       22       23       24       25       27       29       31       34       38       43       48       55       64       75       89      108      132      164      207      266      348      461      619      833     1111     1445     1806     2146     2435    2680
        1747    1609     1557     1596     1742     2033     2526     3229     3821     3535     2446     1463      869      540      354      243      174      130       99       78       63       51       43       36       31       27       24       22       20       18       16       15       14       14       13       13       12       12       12       12       12       12       13       13       14       14       15       16       18       19       21       24       27       30       35       41       49       59       73       92      119      157      213      299      433      646      976     1437     1923     2198     2160    1954
        2580    2211     2084     2168     2500     3223     4590     6323     5946     3425     1692      888      512      320      213      149      108       81       63       50       41       34       28       24       21       18       16       15       13       12       11       10       10        9        9        9        9        8        8        8        8        9        9        9       10       10       11       12       13       14       15       17       19       22       26       31       37       45       56       71       93      125      174      253      387      630     1097     2014     3512     4646     4248    3277
        2288    1735     1447     1319     1302     1389     1594     1951     2439     2777     2457     1660      992      593      371      245      169      122       91       70       55       44       36       30       26       22       19       17       15       14       13       12       11       10       10        9        9        9        9        9        9        9        9        9        9       10       10       11       12       13       14       16       17       20       23       26       31       37       46       57       73       96      131      185      275      432      733     1348     2590     4241     4441    3266
        1258    1112     1005      953      961     1036     1208     1532     2110     2954     3348     2460     1361      734      424      263      174      121       88       66       51       41       33       27       23       20       17       15       13       12       11       10        9        9        8        8        7        7        7        7        7        7        7        7        7        8        8        9        9       10       11       12       13       15       17       19       23       27       32       40       50       64       84      113      157      227      337      515      781     1104     1346    1379
        1340    1258     1198     1175     1194     1254     1349     1453     1505     1427     1199      905      642      447      314      225      165      124       96       76       61       50       42       35       30       26       23       21       19       17       16       14       13       13       12       12       11       11       11       11       11       11       11       12       12       12       13       14       15       16       18       20       22       25       28       33       38       46       55       68       86      110      144      193      265      371      527      743     1006     1252     1394    1407
         760     707      671      658      672      716      797      920     1076     1210     1205     1005      722      483      321      218      153      111       83       64       50       40       33       28       23       20       18       15       14       12       11       10       10        9        9        8        8        8        8        8        8        8        8        8        8        9        9       10       10       11       12       13       15       17       19       22       26       31       38       46       58       74       97      130      178      248      349      485      639      767      825     810
        1022     854      737      662      620      604      609      630      660      684      682      635      543      432      327      242      179      134      102       80       63       51       42       35       29       25       22       19       17       15       14       13       12       11       11       10       10        9        9        9        9        9        9        9       10       10       11       11       12       13       14       15       17       19       22       25       29       35       42       52       65       84      111      151      212      309      464      703     1020     1298     1364    1222
         556     443      374      332      310      302      307      322      347      378      407      416      390      330      256      190      138      102       76       58       45       36       29       24       20       17       14       13       11       10        9        8        8        7        7        6        6        6        6        6        6        6        6        6        6        6        7        7        7        8        9       10       11       12       14       16       19       23       28       34       44       58       78      109      160      246      394      638      938     1079      947     728
         304     260      233      219      216      222      239      270      320      395      499      604      631      527      368      240      157      107       75       55       41       32       25       21       17       14       12       11        9        8        8        7        6        6        6        5        5        5        5        5        5        5        5        5        5        5        6        6        7        7        8        9       10       11       13       15       18       22       27       34       44       59       81      117      174      266      402      555      628      574      466     371
         578     531      497      478      476      491      524      573      633      684      692      628      508      377      270      192      138      102       77       59       47       38       31       26       22       19       16       14       13       12       11       10        9        8        8        8        7        7        7        7        7        7        7        7        8        8        8        9        9       10       11       12       14       15       17       20       24       28       34       42       52       67       87      116      158      220      305      416      533      621      650     625
         637     613      539      461      399      354      326      310      306      311      325      345      369      387      387      360      308      246      188      141      106       81       62       49       39       32       27       22       19       16       14       13       11       10       10        9        8        8        7        7        7        7        7        7        7        7        7        7        7        8        8        9        9       10       11       12       14       16       19       22       26       31       39       49       63       83      113      158      225      323      451     575
        1342    1321     1068      836      686      603      568      572      614      698      826      966     1009      853      593      376      237      155      105       74       54       41       32       25       20       17       14       12       10        9        8        7        6        6        5        5        5        4        4        4        4        4        4        4        4        4        4        4        5        5        5        6        6        7        8        9       10       11       13       16       19       23       29       38       50       68       96      142      220      361      614    1004
         425     489      544      590      631      670      710      750      778      778      731      635      512      390      289      213      158      118       90       70       56       45       37       31       26       22       19       17       15       13       12       11       10        9        9        8        8        8        7        7        7        7        7        7        7        7        8        8        8        9       10       10       11       12       14       15       17       19       22       26       31       37       45       55       68       86      109      139      179      229      289     356
         453     605      745      840      883      891      882      861      818      737      618      479      351      249      175      125       90       67       50       39       30       24       20       16       14       12       10        9        8        7        6        6        5        5        4        4        4        4        4        3        3        3        3        3        3        4        4        4        4        4        5        5        5        6        6        7        8        9       11       13       15       18       23       28       35       46       60       81      112      158      225     323
         386     387      356      316      278      249      228      215      209      207      210      216      223      226      223      210      187      157      127      100       78       61       48       38       31       26       21       18       15       13       12       10        9        8        8        7        7        6        6        6        5        5        5        5        5        5        5        5        6        6        6        7        7        8        9       10       11       12       14       16       20       23       29       36       45       59       79      107      147      203      273     343
         271     231      201      179      165      156      154      157      165      179      201      232      270      308      330      315      264      201      146      105       76       57       43       34       27       22       18       15       13       11       10        9        8        7        7        6        6        6        5        5        5        5        5        5        5        5        5        6        6        6        7        7        8        9       10       12       13       16       19       22       28       35       45       59       79      109      152      210      275      326      337     312
         225     207      193      184      178      177      181      190      204      224      250      281      311      328      320      283      230      178      134      101       77       60       47       38       31       26       22       19       16       14       13       12       11       10        9        9        8        8        8        7        7        7        7        7        8        8        8        8        9       10       10       11       13       14       16       18       21       24       29       35       43       53       67       86      111      143      180      217      246      260      257     243
         123     109      101       98       98      102      111      126      152      194      267      396      594      727      578      340      192      115       74       51       36       27       21       17       14       11       10        8        7        6        6        5        5        4        4        4        4        4        3        3        3        3        4        4        4        4        4        4        5        5        6        6        7        8       10       12       14       17       22       28       37       50       70      101      147      207      264      283      257      213      173     143
         157     139      129      125      126      134      149      175      219      296      431      639      785      628      368      206      122       78       53       38       28       21       17       14       11        9        8        7        6        5        5        4        4        4        4        3        3        3        3        3        3        3        3        3        3        3        4        4        4        5        5        6        7        7        9       10       12       15       19       24       31       42       59       84      123      180      249      302      306      269      222     184
         122     108       98       92       89       89       92       99      110      126      149      180      215      239      234      195      145      102       72       52       38       29       22       18       14       12       10        9        7        7        6        5        5        4        4        4        4        3        3        3        3        3        3        3        3        4        4        4        4        5        5        6        6        7        8       10       11       13       16       21       26       34       45       61       84      115      152      183      195      185      164     141
         147     109       86       71       62       56       54       53       55       59       65       76       91      114      141      165      164      135       96       65       44       31       22       17       13       10        8        7        6        5        4        4        3        3        2        2        2        2        2        2        2        2        2        2        2        2        2        2        2        2        2        2        3        3        3        4        5        6        7        8       10       13       17       23       33       49       76      122      195      262      260     203
          82      67       58       52       48       46       46       48       51       56       65       79      100      132      176      221      228      182      123       79       52       36       26       19       15       12        9        8        7        6        5        4        4        3        3        3        3        3        2        2        2        2        2        2        2        2        3        3        3        3        3        4        4        5        5        6        7        9       11       14       18       24       33       47       69      106      157      206      214      180      137     104
         146     102       77       62       53       47       44       42       43       44       48       54       63       77       96      122      146      152      130       95       65       44       31       22       17       13       10        8        7        6        5        4        4        3        3        3        2        2        2        2        2        2        2        2        2        2        2        2        2        2        2        3        3        3        4        4        5        6        7        8       10       13       17       24       34       53       86      152      271      383      340     225
         280     216      169      138      118      105       98       94       94       96      101      108      116      123      125      119      105       86       68       52       40       30       24       19       15       12       10        9        7        6        6        5        4        4        4        3        3        3        3        3        3        3        3        3        3        3        3        3        3        3        3        4        4        4        5        6        7        8        9       11       13       17       21       28       38       54       80      121      188      277      347     341
         153     167      164      149      131      116      103       95       90       87       87       90       95      103      113      123      132      133      124      107       85       66       50       38       29       22       18       14       12       10        8        7        6        5        5        4        4        4        3        3        3        3        3        3        3        3        3        3        3        3        3        3        3        4        4        4        5        5        6        7        8       10       12       14       18       22       29       38       52       71       96     126
          68      54       44       38       34       32       31       31       32       35       39       47       59       82      125      218      414      532      313      143       73       42       27       18       13       10        8        6        5        4        3        3        3        2        2        2        2        2        1        1        1        1        1        1        1        1        1        1        1        2        2        2        2        2        3        3        4        4        5        7        8       11       14       19       27       40       60       88      117      127      112      88
          39      42       46       50       56       63       73       86      103      125      153      183      206      208      183      145      109       80       59       45       35       27       22       18       15       13       11       10        8        7        7        6        6        5        5        5        4        4        4        4        4        4        4        4        4        4        4        5        5        5        5        6        6        7        7        8        9       10       11       12       14       15       17       19       21       23       25       27       29       31       34      36
          38      34       32       30       30       31       33       36       41       50       65       91      144      270      561      700      353      151       76       44       28       19       14       11        8        7        5        4        4        3        3        3        2        2        2        2        2        2        2        1        1        1        1        2        2        2        2        2        2        2        2        3        3        4        4        5        6        8        9       12       16       21       28       39       52       66       76       76       69       59       50      43
