SWAN 1
LOCATIONS
     1
     -67.28  18.38
AFREQ
     56
     0.0300
     0.0400
     0.0500
     0.0600
     0.0700
     0.0800
     0.0900
     0.1000
     0.1100
     0.1200
     0.1300
     0.1400
     0.1500
     0.1600
     0.1700
     0.1800
     0.1900
     0.2000
     0.2100
     0.2200
     0.2300
     0.2400
     0.2500
     0.2600
     0.2700
     0.2800
     0.2900
     0.3000
     0.3100
     0.3200
     0.3300
     0.3400
     0.3500
     0.3600
     0.3700
     0.3800
     0.3900
     0.4000
     0.4100
     0.4200
     0.4300
     0.4400
     0.4500
     0.4600
     0.4700
     0.4800
     0.4900
     0.5000
     0.5100
     0.5200
     0.5300
     0.5400
     0.5500
     0.5600
     0.5700
     0.5800
NDIR
     72
     5.0000
     10.0000
     15.0000
     20.0000
     25.0000
     30.0000
     35.0000
     40.0000
     45.0000
     50.0000
     55.0000
     60.0000
     65.0000
     70.0000
     75.0000
     80.0000
     85.0000
     90.0000
     95.0000
     100.0000
     105.0000
     110.0000
     115.0000
     120.0000
     125.0000
     130.0000
     135.0000
     140.0000
     145.0000
     150.0000
     155.0000
     160.0000
     165.0000
     170.0000
     175.0000
     180.0000
     185.0000
     190.0000
     195.0000
     200.0000
     205.0000
     210.0000
     215.0000
     220.0000
     225.0000
     230.0000
     235.0000
     240.0000
     245.0000
     250.0000
     255.0000
     260.0000
     265.0000
     270.0000
     275.0000
     280.0000
     285.0000
     290.0000
     295.0000
     300.0000
     305.0000
     310.0000
     315.0000
     320.0000
     325.0000
     330.0000
     335.0000
     340.0000
     345.0000
     350.0000
     355.0000
     360.0000
QUANT
     1
VaDens
m2/Hz/degr
     -999.000000
FACTOR
     1.00000E-06
         129     113      101       91       82       76       71       67       64       62       61       60       60       60       61       62       63       65       66       68       69       70       70       69       68       65       62       59       55       51       48       44       41       38       35       33       31       29       28       27       26       25       25       24       24       25       25       26       26       28       29       31       33       36       40       45       50       57       66       77       91      108      129      152      176      197      210      212      203      187      167     147
         287     280      273      268      263      260      257      254      252      249      247      244      240      236      230      224      216      208      199      190      181      171      162      153      145      137      130      123      118      113      108      105      102       99       97       96       95       95       95       96       97      100      102      106      110      115      121      129      137      147      158      171      185      201      219      238      258      278      298      317      332      345      353      356      356      351      344      335      325      315      305     296
       14090   11219     8284     5935     4251     3092     2297     1745     1356     1075      869      714      597      506      435      379      334      297      268      243      223      207      193      182      173      166      160      155      152      150      149      150      151      153      157      162      168      176      185      197      211      227      247      271      300      335      377      427      489      565      658      772      913     1087     1300     1560     1872     2244     2676     3168     3717     4322     4986     5724     6568     7565     8782    10284    12087    14027    15553   15748
       14393    8372     5382     3709     2692     2034     1587     1273     1045      875      746      647      569      506      457      417      385      358      337      321      308      298      291      286      284      285      288      293      301      312      327      345      368      396      430      472      524      589      671      774      905     1076     1300     1599     2007     2571     3364     4493     6097     8313    11140    14179    16534    17380    16763    15410    14000    12884    12179    11923    12155    12978    14623    17594    23064    34182    61951   168711   795658   420825    79226   29040
      138073   54088    28225    17124    11420     8133     6083     4727     3789     3117     2622     2248     1962     1738     1562     1422     1311     1222     1152     1097     1055     1025     1005      995      994     1003     1020     1048     1087     1138     1203     1285     1387     1513     1670     1865     2109     2416     2808     3312     3965     4822     5952     7444     9393    11859    14773    17804    20311    21613    21463    20209    18454    16680    15144    13938    13075    12541    12326    12436    12906    13815    15312    17673    21425    27659    38921    62378   125652   434476  3357880  780386
      143265   73296    42005    26289    17584    12380     9080     6886     5371     4290     3500     2908     2457     2107     1832     1613     1437     1294     1178     1082     1004      940      888      845      811      785      766      753      746      744      748      758      773      795      824      860      906      961     1028     1109     1206     1324     1466     1639     1850     2110     2430     2829     3328     3956     4753     5767     7060     8706    10788    13390    16577    20380    24780    29730    35213    41349    48523    57555    70001    88860   120407   179117   298604   505794   551420  308394
      144688   66752    33467    18850    11642     7709     5387     3928     2966     2305     1837     1496     1242     1049      899      782      689      614      554      504      464      432      405      383      366      352      342      334      330      328      328      331      337      346      358      373      392      415      444      479      521      573      636      714      810      929     1079     1269     1513     1830     2245     2797     3536     4532     5877     7674    10015    12917    16245    19675    22811    25427    27633    29841    32669    36949    43997    56341    79621   126853   211861  245451
       87940   41793    22609    13724     9068     6379     4709     3612     2857     2320     1927     1631     1405     1229     1091      980      891      819      761      715      677      648      625      608      596      590      588      592      599      612      630      654      684      720      765      820      885      962     1055     1166     1298     1455     1642     1863     2122     2424     2769     3157     3579     4025     4475     4909     5310     5665     5975     6250     6511     6787     7109     7518     8063     8809     9854    11352    13569    16997    22634    32729    52947    97741   175663  172683
      161949   86328    43618    24198    14750     9685     6736     4902     3701     2880     2300     1878     1563     1324     1139      994      879      786      711      651      601      560      528      501      480      464      451      443      438      437      439      445      454      467      485      507      534      567      608      657      717      789      876      983     1113     1274     1473     1720     2029     2417     2904     3514     4272     5201     6309     7584     8983    10433    11851    13181    14422    15644    16980    18626    20862    24116    29125    37301    51637    78799   130507  190481
       31778   38451    41781    37595    28139    19063    12657     8571     5996     4341     3244     2494     1965     1584     1302     1090      927      800      700      620      556      503      461      426      398      375      356      341      330      321      316      312      312      313      318      324      334      346      362      382      406      436      472      515      567      631      709      805      924     1071     1255     1487     1780     2151     2620     3209     3937     4812     5823     6923     8040     9087    10002    10778    11465    12159    12979    14067    15600    17810    21018   25614
       28694   41351    52414    48334    32779    19857    12232     7942     5440     3902     2910     2241     1774     1438     1190     1003      859      746      657      586      529      482      444      413      388      367      350      337      328      320      316      314      314      316      321      329      339      351      367      387      411      439      472      512      560      616      682      760      853      963     1092     1243     1419     1621     1851     2108     2390     2693     3014     3348     3694     4057     4445     4878     5382     5999     6791     7854     9339    11509    14823   20110
       31461   42246    45025    34895    22291    13755     8785     5890     4134     3018     2279     1769     1408     1144      947      797      681      590      518      460      412      374      342      316      294      276      262      250      240      233      227      223      221      220      221      224      227      233      240      249      261      274      291      310      333      360      392      430      474      527      589      663      750      853      975     1119     1289     1488     1722     1995     2313     2685     3120     3637     4259     5029     6011     7313     9118    11740    15733   21999
       10850   11149    11247    11095    10638     9851     8776     7528     6253     5075     4064     3237     2582     2072     1677     1372     1134      949      803      687      595      520      459      410      369      336      308      285      266      250      237      226      217      211      206      202      201      200      201      204      208      213      221      230      242      256      273      293      318      348      384      427      480      544      623      721      842      995     1187     1429     1738     2128     2621     3234     3982     4863     5856     6909     7950     8906     9722   10372
        6968    7724     8627     9485     9880     9350     7889     6054     4405     3156     2278     1674     1258      967      759      609      497      413      349      298      259      228      202      182      165      152      141      131      124      118      113      110      107      105      104      104      105      106      108      112      116      121      128      136      147      159      174      192      214      241      275      317      369      436      521      630      773      959     1201     1516     1916     2409     2981     3591     4174     4666     5034     5295     5501     5714     5996    6400
        4039    4249     4524     4831     5095     5186     4975     4431     3677     2897     2219     1686     1288      995      781      624      506      417      350      297      256      223      197      176      159      145      133      124      116      110      105      101       98       96       94       94       94       95       96       99      102      106      112      118      126      136      148      163      181      203      230      263      305      358      425      511      623      768      956     1198     1505     1879     2307     2752     3158     3471     3666     3756     3784     3794     3824    3900
       20963   13014     6733     3879     2512     1776     1340     1063      876      745      650      580      527      486      455      431      412      397      385      375      366      358      350      342      333      322      310      297      283      269      254      239      224      210      197      185      174      164      155      148      141      136      131      128      125      124      123      123      124      126      129      133      139      147      156      167      182      200      223      252      290      339      405      496      624      813     1107     1595     2475     4250     8271   16592
        4424    5782     7562     8713     7579     5055     3039     1847     1176      788      553      403      304      235      187      152      126      106       90       78       69       61       55       50       46       43       40       38       36       34       33       32       32       32       32       32       33       33       34       36       38       40       42       46       50       55       61       68       77       88      102      119      142      171      208      258      323      410      525      674      863     1090     1339     1586     1803     1978     2117     2249     2409     2638     2990    3544
        2934    4426     7481    12733    13922     7994     3845     2029     1194      766      524      377      282      218      174      141      117       99       85       74       65       59       53       48       45       42       39       37       36       34       34       33       33       33       33       33       34       35       36       38       40       43       46       50       54       60       67       75       85       97      112      131      154      182      217      260      312      373      442      517      595      671      742      807      868      931     1003     1096     1223     1408     1691    2146
        4681    8978    13965    10456     5062     2564     1473      935      639      461      348      271      217      179      150      128      111       97       87       78       71       65       61       57       54       51       49       48       47       46       45       45       45       46       47       48       49       51       53       55       58       62       66       70       76       82       88       96      104      114      124      136      148      162      176      192      209      227      248      270      295      325      360      403      457      528      622      755      950     1254     1763    2709
        1898    2258     2491     2490     2260     1912     1556     1250     1006      817      672      560      473      404      350      305      269      239      214      193      175      160      147      136      126      118      110      104       99       94       89       86       83       80       78       76       74       73       73       72       72       72       73       73       75       76       78       81       84       87       91       96      102      109      116      126      137      150      165      183      206      233      266      307      359      425      510      620      765      957     1209    1527
         928    1103     1328     1614     1954     2292     2489     2392     2015     1540     1123      811      593      441      336      262      208      168      139      116       98       85       74       65       58       52       48       44       40       38       35       34       32       31       30       30       29       29       29       29       29       30       31       32       33       35       37       39       42       45       49       54       59       66       73       82       93      106      121      139      160      185      214      248      287      332      383      441      508      586      678     790
        5637    7416     7333     5669     3981     2800     2035     1531     1187      942      761      624      517      432      363      307      262      224      193      167      146      128      113      100       89       80       73       66       61       56       52       49       46       44       42       40       39       38       37       36       36       36       36       37       37       38       39       41       43       45       48       52       56       61       67       74       83       94      108      125      146      174      210      259      324      416      547      743     1043     1526     2330    3668
        4254    5831     6588     5942     4623     3415     2522     1893     1448     1125      885      704      564      455      370      304      251      209      175      148      126      109       94       83       73       65       58       53       48       44       41       38       36       34       32       31       30       29       28       28       28       28       28       28       29       30       31       32       34       36       38       41       45       49       54       61       68       78       90      104      123      147      179      221      278      357      469      633      880     1263     1872    2838
        2153    2268     2219     2081     1919     1762     1615     1469     1313     1143      964      787      627      491      382      297      233      184      147      119       98       81       68       58       50       44       39       34       31       28       26       24       22       21       20       19       18       18       17       17       17       17       17       17       18       18       19       20       21       23       24       26       29       32       36       41       46       54       63       75       90      111      138      175      228      301      407      560      780     1083     1462    1856
         851     677      574      515      489      487      510      560      642      762      907     1020      997      812      577      388      262      181      129       95       72       57       45       37       31       26       22       19       17       15       14       13       12       11       10       10        9        9        9        9        9        9        9        9        9        9       10       10       11       12       13       15       16       18       21       24       29       35       42       53       67       89      121      172      255      401      662     1111     1662     1853     1536    1134
        1244    1038      840      689      581      506      454      419      393      375      360      344      326      304      276      244      210      177      148      122      101       84       70       58       50       42       37       32       28       25       23       20       19       17       16       15       14       14       13       13       13       13       13       13       13       13       13       14       15       15       17       18       19       21       24       27       30       35       41       49       59       72       91      117      155      212      299      433      638      920     1207    1338
        3073    2177     1387      943      700      560      477      428      402      393      398      416      446      486      528      557      555      507      426      335      254      191      144      111       86       69       56       46       38       33       28       25       22       20       18       16       15       14       13       13       12       12       12       11       11       11       12       12       12       13       13       14       15       17       18       20       23       26       30       35       42       51       63       80      106      144      205      309      500      878     1646    2793
        1690    1962     1876     1604     1339     1147     1024      956      930      936      965      999     1009      961      842      677      512      375      273      201      150      115       89       71       57       47       39       34       29       25       22       20       18       16       15       14       13       12       12       11       11       11       11       11       11       11       11       11       12       12       13       14       15       16       18       20       22       25       29       34       40       49       60       75       96      126      170      238      345      518      798    1215
         839     799      691      583      500      444      410      396      398      416      453      509      582      659      699      660      541      400      282      198      141      103       77       60       47       38       31       26       22       19       16       15       13       12       11       10        9        9        8        8        8        8        7        7        7        7        8        8        8        9        9       10       10       11       13       14       16       18       21       24       29       35       44       55       72       96      131      185      269      397      570     748
         342     298      268      249      240      241      251      274      313      380      492      692     1050     1589     1830     1308      726      404      243      157      108       78       59       45       36       30       25       21       18       16       14       13       11       10       10        9        9        8        8        8        8        8        8        8        8        8        9        9       10       10       11       12       14       15       17       20       23       28       33       41       52       66       87      118      163      227      314      412      485      499      459     398
         363     381      398      420      450      493      555      645      772      945     1143     1281     1229      984      696      472      322      225      162      121       93       73       58       48       40       34       29       25       22       20       18       16       15       14       13       13       12       12       11       11       11       11       11       11       11       12       12       13       14       14       16       17       18       20       23       26       29       34       39       46       54       65       79       96      118      144      176      211      248      284      316     342
         584     500      430      379      348      331      329      341      369      417      489      588      699      768      719      564      395      267      182      127       92       69       53       42       33       27       23       19       17       15       13       12       11       10        9        8        8        8        7        7        7        7        7        7        7        7        7        8        8        9        9       10       11       12       14       16       18       21       25       30       36       45       58       76      103      143      203      293      418      557      650     652
         616     453      338      267      223      198      184      180      184      199      226      273      353      495      738     1039     1051      697      389      222      137       90       62       45       34       27       21       17       14       12       11        9        8        7        7        6        6        5        5        5        5        5        4        4        4        5        5        5        5        5        6        6        7        7        8        9       10       12       14       17       20       25       32       42       57       80      118      184      299      488      701     754
         714     487      333      243      192      161      144      134      132      136      147      169      206      273      403      690     1367     2070     1288      545      261      145       90       60       43       32       24       19       15       13       11        9        8        7        6        6        5        5        5        4        4        4        4        4        4        4        4        4        4        4        5        5        5        6        6        7        8        9       11       13       15       19       24       31       41       57       83      128      212      373      639     835
         618     752      765      680      572      483      421      382      361      355      362      380      408      440      461      455      408      333      254      187      136      100       75       58       45       36       29       24       20       17       15       13       12       10        9        9        8        7        7        7        6        6        6        6        6        6        6        6        6        6        7        7        8        8        9       10       11       12       14       16       19       23       28       34       43       55       73       99      139      201      298     442
         491     450      366      291      236      200      178      165      160      162      172      191      224      278      367      511      703      801      648      408      243      150       98       67       49       36       28       22       18       15       13       11        9        8        7        7        6        6        5        5        5        5        4        4        4        4        4        4        5        5        5        5        6        6        7        8        8       10       11       13       15       18       23       29       37       49       67       95      140      212      317     434
         203     160      128      106       91       81       76       73       72       75       80       89      104      128      168      240      378      634      890      718      389      206      119       75       51       37       27       21       17       14       12       10        8        7        7        6        5        5        5        4        4        4        4        4        4        4        4        4        4        4        5        5        5        6        7        7        8       10       11       14       16       20       26       34       46       63       91      134      192      252      276     251
         569     547      452      359      292      248      223      210      208      216      237      275      338      438      581      713      691      503      314      193      123       82       58       42       32       25       20       16       13       11       10        8        7        7        6        5        5        5        4        4        4        4        4        4        4        4        4        4        4        4        4        5        5        6        6        7        8        9       10       12       14       17       21       27       35       46       64       91      135      208      324     470
         379     357      265      187      137      107       88       77       70       66       65       67       72       81       95      118      158      228      349      496      495      324      182      106       66       44       31       23       17       14       11        9        8        6        6        5        4        4        4        3        3        3        3        3        3        3        3        3        3        3        3        3        3        3        4        4        4        5        6        7        8        9       11       14       18       24       32       46       69      108      178     287
         319     539      714      650      479      348      270      225      201      191      193      208      237      289      373      486      569      508      345      209      127       81       54       38       28       21       16       13       10        9        7        6        5        5        4        4        3        3        3        3        2        2        2        2        2        2        2        2        2        2        2        3        3        3        3        4        4        4        5        6        7        8       10       12       15       19       25       34       47       70      109     182
         116     146      184      228      278      331      383      433      477      515      542      552      539      496      430      352      276      211      160      121       93       72       57       45       37       30       25       21       18       16       14       12       11       10        9        8        7        7        6        6        6        6        5        5        5        5        5        5        5        6        6        6        6        7        7        8        8        9       10       11       13       14       17       19       22       27       32       39       47       58       73      92
         216     205      187      170      156      147      143      145      152      167      192      233      297      394      509      561      469      315      197      125       82       57       41       31       24       19       15       13       10        9        8        7        6        5        5        5        4        4        4        4        3        3        3        3        3        3        3        4        4        4        4        4        5        5        6        7        7        9       10       12       14       17       21       27       35       46       61       83      112      149      185     210
         487     338      227      164      129      110      101       98      101      112      133      173      256      459     1061     1847      909      315      140       75       45       30       21       15       11        9        7        6        5        4        3        3        3        2        2        2        2        2        1        1        1        1        1        1        1        1        1        1        1        2        2        2        2        2        2        3        3        4        4        5        7        8       10       14       18       26       37       58       97      175      326     502
         200     146      115       97       87       83       83       88       99      119      157      229      385      692      846      491      223      112       64       40       27       19       14       11        8        7        6        5        4        3        3        3        2        2        2        2        2        2        1        1        1        1        1        1        1        1        2        2        2        2        2        2        3        3        3        4        4        5        6        8       10       13       18       24       35       53       86      148      258      382      385     287
         223     208      177      149      129      117      110      109      114      125      147      183      245      339      434      417      285      168       99       62       41       28       20       15       12        9        7        6        5        4        4        3        3        3        2        2        2        2        2        2        2        2        1        1        1        2        2        2        2        2        2        2        2        3        3        3        4        4        5        6        7        9       11       14       19       25       35       50       73      109      158     205
          69      93      125      162      201      234      256      267      273      279      290      309      340      381      427      454      430      350      253      173      117       81       57       42       31       24       19       15       12       10        8        7        6        5        5        4        4        4        3        3        3        3        3        2        2        2        2        2        2        2        2        3        3        3        3        3        4        4        4        5        6        6        7        9       10       12       15       19       24       30       39      52
         233     179      137      109       91       81       75       73       75       81       92      113      150      225      395      816     1204      671      271      129       71       44       29       21       15       12        9        7        6        5        4        4        3        3        3        2        2        2        2        2        2        2        2        2        2        2        2        2        2        2        2        2        2        3        3        3        4        5        5        6        8       10       12       16       22       30       44       67      106      168      239     268
         132     154      152      134      114       97       86       79       75       76       80       89      106      136      193      308      533      717      493      236      119       67       41       28       19       14       11        8        7        5        5        4        3        3        2        2        2        2        2        2        1        1        1        1        1        1        1        1        1        1        1        2        2        2        2        2        2        3        3        4        4        5        6        8       10       13       17       23       33       47       69      99
         100      63       44       33       27       24       21       20       20       20       21       23       27       32       42       60       98      193      456      590      255      100       49       28       18       12        9        7        5        4        3        3        2        2        2        1        1        1        1        1        1        1        1        1        1        1        1        1        1        1        1        1        1        1        2        2        2        3        3        4        5        6        8       11       16       24       39       71      147      286      307     181
         141     189      213      202      173      143      121      107       99       95       97      103      117      141      183      259      392      551      529      328      176       99       61       40       27       20       15       11        9        7        6        5        4        4        3        3        3        2        2        2        2        2        2        2        2        2        2        2        2        2        2        2        2        2        2        2        3        3        4        4        5        6        7        8       10       13       17       23       31       44       65      96
         506     317      177      111       79       61       51       46       43       42       44       48       55       68       91      137      239      472      654      374      160       78       44       27       18       13       10        7        6        5        4        3        3        2        2        2        2        1        1        1        1        1        1        1        1        1        1        1        1        1        1        1        1        1        2        2        2        2        3        3        4        5        6        8       11       15       21       32       53       97      200     415
         236     147       95       68       52       43       38       35       34       34       36       40       47       60       83      132      261      684     1072      422      147       68       38       24       16       11        8        6        5        4        3        3        2        2        2        2        1        1        1        1        1        1        1        1        1        1        1        1        1        1        1        1        1        1        2        2        2        2        3        3        4        5        7        9       12       17       24       39       66      123      226     301
          80      65       53       45       40       36       35       34       35       38       42       49       62       84      126      215      393      497      303      142       73       42       27       18       13       10        7        6        5        4        3        3        2        2        2        2        2        1        1        1        1        1        1        1        1        1        1        1        1        1        1        2        2        2        2        3        3        3        4        5        6        8       10       13       18       24       35       50       71       92      102      95
         116     120      106       87       71       59       51       46       44       43       44       47       53       63       81      114      182      344      666      647      293      129       67       39       25       17       13        9        7        6        5        4        3        3        2        2        2        2        2        1        1        1        1        1        1        1        1        1        1        1        1        1        1        2        2        2        2        2        3        3        4        5        6        7        9       12       16       22       31       45       66      93
          97     140      169      163      134      105       84       70       61       56       53       53       56       61       71       87      115      164      244      325      299      189      107       62       39       26       18       13       10        8        6        5        4        4        3        3        2        2        2        2        2        1        1        1        1        1        1        1        1        1        1        1        1        1        2        2        2        2        2        3        3        4        5        6        7        9       11       15       20       28       42      64
          74     122      196      273      286      235      178      138      114       99       91       89       93      102      119      151      208      311      452      478      315      169       93       56       36       24       17       13       10        8        6        5        4        4        3        3        2        2        2        2        2        1        1        1        1        1        1        1        1        1        1        1        1        1        1        2        2        2        2        3        3        3        4        5        6        7        9       12       16       22       32      47
