SWAN 1
LOCATIONS
     1
     -67.28  18.38
AFREQ
     56
     0.0300
     0.0400
     0.0500
     0.0600
     0.0700
     0.0800
     0.0900
     0.1000
     0.1100
     0.1200
     0.1300
     0.1400
     0.1500
     0.1600
     0.1700
     0.1800
     0.1900
     0.2000
     0.2100
     0.2200
     0.2300
     0.2400
     0.2500
     0.2600
     0.2700
     0.2800
     0.2900
     0.3000
     0.3100
     0.3200
     0.3300
     0.3400
     0.3500
     0.3600
     0.3700
     0.3800
     0.3900
     0.4000
     0.4100
     0.4200
     0.4300
     0.4400
     0.4500
     0.4600
     0.4700
     0.4800
     0.4900
     0.5000
     0.5100
     0.5200
     0.5300
     0.5400
     0.5500
     0.5600
     0.5700
     0.5800
NDIR
     72
     5.0000
     10.0000
     15.0000
     20.0000
     25.0000
     30.0000
     35.0000
     40.0000
     45.0000
     50.0000
     55.0000
     60.0000
     65.0000
     70.0000
     75.0000
     80.0000
     85.0000
     90.0000
     95.0000
     100.0000
     105.0000
     110.0000
     115.0000
     120.0000
     125.0000
     130.0000
     135.0000
     140.0000
     145.0000
     150.0000
     155.0000
     160.0000
     165.0000
     170.0000
     175.0000
     180.0000
     185.0000
     190.0000
     195.0000
     200.0000
     205.0000
     210.0000
     215.0000
     220.0000
     225.0000
     230.0000
     235.0000
     240.0000
     245.0000
     250.0000
     255.0000
     260.0000
     265.0000
     270.0000
     275.0000
     280.0000
     285.0000
     290.0000
     295.0000
     300.0000
     305.0000
     310.0000
     315.0000
     320.0000
     325.0000
     330.0000
     335.0000
     340.0000
     345.0000
     350.0000
     355.0000
     360.0000
QUANT
     1
VaDens
m2/Hz/degr
     -999.000000
FACTOR
     1.00000E-06
          96     122      143      146      130      105       82       63       50       40       33       28       24       21       19       17       16       15       14       14       14       13       13       13       14       14       14       15       15       16       17       17       18       18       19       19       19       18       18       17       16       15       14       13       12       12       11       10       10       10        9        9        9        9        9        9        9       10       10       11       11       12       13       15       17       20       23       28       34       43       56      73
        1834    2081     1486      873      526      341      237      175      135      108       89       75       65       57       52       47       44       41       39       38       37       37       37       37       38       39       41       43       46       50       55       61       68       76       86       98      112      126      141      153      161      164      161      153      142      129      117      106       97       89       82       77       73       70       68       67       67       68       70       73       78       85       94      106      123      146      180      232      313      451      699    1157
       10977   11311     8119     5005     3121     2062     1444     1063      815      647      529      443      379      330      293      263      240      222      208      197      189      183      178      176      175      177      179      184      190      198      209      222      238      258      281      309      342      381      426      477      534      595      657      716      765      801      820      822      809      786      757      726      696      671      651      637      630      631      641      661      692      738      803      893     1018     1193     1447     1827     2419     3392     5052    7786
       14359    8464     5603     4004     3023     2379     1934     1616     1381     1203     1065      958      873      805      751      707      673      645      624      608      597      589      586      586      588      594      602      612      624      638      653      669      687      704      721      738      754      769      783      796      808      819      830      841      853      867      883      902      926      955      991     1036     1091     1161     1247     1357     1495     1674     1907     2218     2645     3250     4147     5558     7966    12599    23404    59755   371265   780699    96007   29768
       29451   14823     8677     5593     3856     2796     2109     1643     1314     1076      898      763      659      577      512      460      418      384      357      334      316      302      291      282      276      273      272      273      276      281      289      300      314      331      353      379      410      449      497      555      626      716      827      968     1147     1378     1677     2066     2575     3237     4083     5132     6359     7674     8918     9926    10607    10999    11231    11464    11852    12554    13765    15800    19267    25513    38140    69664   188327   687893   342711   76930
       22893   12610     7794     5209     3686     2725     2087     1646     1330     1098      924      790      686      604      539      486      444      409      381      358      340      325      314      306      300      297      297      299      303      310      319      332      348      368      393      423      460      505      560      628      712      817      948     1115     1329     1606     1968     2445     3075     3906     4985     6342     7952     9690    11333    12641    13494    13958    14226    14528    15077    16096    17881    20936    26295    36436    58645   122146   383440   556341   154290   50132
       33258   22856    16100    11622     8588     6486     4999     3927     3138     2549     2102     1757     1489     1277     1108      972      862      772      698      636      586      543      508      479      456      436      421      409      401      395      392      392      395      401      410      422      437      457      481      510      545      588      639      701      775      866      977     1113     1282     1494     1762     2104     2548     3130     3904     4950     6386     8393    11246    15379    21473    30603    44442    65384    96009   135771   172595   181382   153268   110691    74504   49470
      468470  157144    60524    28990    16051     9805     6429     4449     3212     2402     1849     1460     1178      969      811      689      594      519      459      411      371      339      313      291      274      259      248      239      232      227      224      222      223      225      229      235      243      253      266      281      301      324      353      388      430      482      547      628      729      859     1026     1245     1535     1928     2470     3229     4315     5893     8214    11629    16550    23259    31522    40359    48645    56329    65038    78184   102580   156029   297572  605836
      336847  564132   355694   130101    55076    27940    16073    10098     6769     4770     3499     2652     2067     1650     1344     1116      942      808      702      618      550      495      451      414      385      360      340      325      312      302      295      291      289      289      291      296      303      312      325      341      361      385      415      451      495      549      616      698      800      930     1095     1309     1590     1965     2473     3177     4170     5600     7694    10791    15352    21846    30362    39975    48732    55133    59605    64155    71474    85356   113510  176906
       68382   90019   132873   190172   170835    88110    40444    20445    11511     7062     4629     3197     2303     1717     1319     1038      836      686      573      486      419      365      323      288      260      238      219      204      191      181      173      167      162      158      156      155      155      157      160      164      169      177      186      197      210      227      247      272      302      340      386      444      518      613      736      898     1117     1417     1838     2444     3340     4698     6808    10135    15329    22948    32527    41670    47679    50650    53104   57932
       19583   25044    37118    62619    86214    56606    24492    11336     6022     3564     2286     1557     1113      826      633      498      402      330      277      235      203      178      158      142      129      118      109      102       96       92       88       85       83       82       81       81       82       84       86       89       93       97      103      111      120      131      145      162      183      209      243      287      343      419      523      667      876     1188     1677     2486     3925     6734    12894    27986    60001    76735    52700    32756    23169    18771    17094   17325
       24849   36950    68457   138693   120340    43552    17006     8208     4584     2826     1871     1308      954      720      559      446      363      301      254      218      189      167      148      134      122      112      104       98       93       88       85       83       81       80       79       80       81       82       84       87       91       96      102      110      119      130      143      160      181      207      239      281      336      407      504      635      820     1087     1481     2083     3030     4546     6958    10513    14759    18020    18915    18103    17032    16592    17246   19556
       31987   45442    70713    89918    61372    28538    13608     7280     4303     2746     1859     1319      972      740      578      463      378      314      266      228      199      175      156      141      128      118      110      103       97       93       89       87       85       84       83       83       84       86       88       91       95      100      106      113      122      134      147      164      185      210      243      284      337      406      499      624      798     1045     1405     1946     2780     4099     6200     9437    13865    18506    21516    22229    21792    21593    22546   25497
       14447   17940    23693    31685    36681    30396    18844    10732     6315     3946     2612     1816     1316      987      762      603      488      403      339      289      250      219      195      175      159      146      135      126      119      114      109      106      103      101      101      101      101      103      106      109      114      119      126      135      145      158      174      193      217      247      283      330      390      467      569      704      888     1141     1494     1993     2697     3674     4965     6513     8084     9339    10072    10367    10491    10720    11282   12413
       43524   64678    90017    99773    75675    43569    23495    13149     7811     4912     3247     2238     1600     1180      894      694      550      444      365      305      259      222      193      170      151      136      123      113      104       97       92       87       83       80       78       76       75       74       74       75       76       78       80       84       87       92       98      105      114      125      137      153      172      195      225      261      308      368      445      548      686      874     1135     1506     2041     2829     4012     5811     8572    12809    19260   28983
       15649   20952    31721    54368    79120    55460    24107    10969     5729     3342     2115     1424     1006      738      560      436      348      284      235      198      170      147      129      115      104       94       86       80       75       71       67       64       62       61       60       59       59       59       60       62       63       66       69       73       77       83       90       98      108      121      136      155      179      209      248      297      363      449      566      726      947     1258     1695     2307     3143     4225     5515     6896     8240     9523    10901   12731
       10242   12356    17132    28803    56505    64679    27699    10454     4818     2595     1556     1008      691      496      370      284      224      180      148      124      105       91       79       70       63       57       52       48       45       42       40       38       37       36       35       35       35       35       36       36       37       39       41       43       46       49       53       58       65       72       82       94      109      129      154      187      231      292      377      500      680      955     1384     2066     3145     4748     6746     8506     9355     9393     9233    9389
        7318    9604    14541    27470    64597    74422    26700     9646     4481     2455     1499      987      687      500      378      293      234      190      158      133      114       99       87       78       70       64       59       55       51       49       46       45       43       43       42       42       42       42       43       44       46       48       51       54       58       62       68       75       84       94      107      124      145      172      207      253      315      399      515      678      907     1231     1680     2270     2976     3697     4296     4698     4948     5171     5513    6142
        5974    7862    12111    23663    53921    49173    16529     6255     3000     1677     1038      690      485      355      269      210      168      137      114       97       83       73       64       57       52       47       44       41       38       36       35       34       33       32       32       32       32       32       33       34       35       37       39       42       45       49       54       60       67       76       87      102      120      144      176      219      278      360      479      652      910     1296     1863     2636     3530     4297     4692     4726     4609     4540     4652    5063
        6282    7726    10649    17364    34767    55666    30967    11197     4861     2521     1476      940      638      454      336      256      201      161      132      110       94       80       70       62       55       50       46       42       39       37       35       33       32       31       31       30       30       30       31       31       32       33       35       36       39       42       45       49       54       60       68       78       90      105      124      149      183      227      288      372      490      660      904     1254     1742     2376     3104     3804     4353     4740     5071    5514
        5598    6435     8097    11673    20505    41548    44180    17588     6652     3103     1688     1020      664      457      329      246      189      149      120       99       83       70       61       53       47       42       38       35       32       30       28       27       26       25       24       24       23       23       23       24       24       25       26       27       28       30       32       35       38       42       47       54       61       71       83       98      119      146      182      232      302      402      547      762     1082     1548     2191     2976     3768     4394     4811    5144
        3345    3451     3810     4575     6100     9241    15373    20135    13334     6112     2951     1610      971      631      435      313      234      181      143      116       96       80       69       59       52       46       42       38       35       32       30       29       27       26       25       25       25       24       24       25       25       26       27       28       30       32       34       37       40       44       50       56       64       75       88      105      128      158      200      258      343      466      652      937     1370     1995     2775     3494     3862     3836     3621    3421
        2211    1911     1802     1847     2068     2568     3643     6222    12924    18315     8899     3318     1513      816      493      322      223      162      122       95       76       62       51       43       37       32       29       26       23       21       19       18       17       16       16       15       15       14       14       14       15       15       15       16       16       17       18       20       22       24       26       29       33       38       45       53       64       79      100      129      172      237      342      522      851     1509     2900     5415     7168     5841     3955    2814
       10920   10436     8771     7554     7055     7218     7995     9145     9593     7926     5098     2938     1703     1036      665      448      315      230      173      134      106       85       70       59       50       43       38       33       30       27       24       23       21       20       19       18       17       17       16       16       16       16       16       17       17       18       18       19       21       22       24       26       29       32       37       42       49       57       68       82      102      128      165      218      298      421      623      968     1595     2793     5052    8461
        2453    2385     2422     2613     3033     3805     5049     6359     6066     4010     2229     1247      743      472      317      223      163      123       96       76       62       51       43       37       32       28       25       22       20       19       17       16       15       14       14       13       13       13       13       13       13       13       14       14       15       15       16       18       19       21       23       25       29       33       38       44       53       63       78       98      125      163      219      303      431      628      931     1365     1893     2355     2574    2558
        2271    1989     1846     1825     1928     2190     2690     3582     5004     6322     5619     3471     1906     1086      663      432      298      214      160      123       97       78       65       54       46       40       35       31       28       25       23       22       20       19       18       18       17       17       17       16       17       17       17       18       18       19       20       22       23       25       28       31       35       40       46       54       64       77       95      120      154      204      280      397      585      900     1422     2214     3087     3489     3222    2706
        5385    5344     4379     3445     2804     2403     2161     2013     1910     1804     1653     1438     1177      914      686      508      377      282      214      166      131      105       85       71       59       51       44       38       34       30       27       25       23       21       20       19       18       17       17       16       16       16       16       16       16       17       17       18       19       20       22       23       26       28       31       35       40       47       55       65       79       97      122      157      208      283      401      593      920     1501     2526    4066
        1697    1789     1891     2049     2314     2761     3513     4707     6130     6389     4658     2724     1548      925      587      394      277      203      153      119       94       77       63       53       46       39       35       31       28       25       23       21       20       19       18       17       17       16       16       16       16       16       16       17       17       18       19       20       21       23       25       27       30       34       39       44       52       61       72       88      108      135      172      223      293      392      527      706      927     1170     1398    1575
         745     670      636      638      679      772      946     1279     1966     3513     6109     5478     2534     1141      595      350      225      154      111       83       64       51       42       34       29       25       22       19       17       16       14       13       12       12       11       11       10       10       10       10       10       10       10       11       11       12       12       13       14       16       17       20       22       25       30       35       42       51       64       83      109      148      208      304      461      713     1064     1390     1468     1294     1059     871
        1312    1209     1089      993      934      915      937     1007     1136     1342     1631     1946     2078     1814     1308      857      555      369      255      183      135      103       81       65       53       44       37       32       28       25       22       20       18       17       16       15       14       13       13       13       13       12       12       13       13       13       14       14       15       16       17       18       20       22       25       28       32       38       44       53       65       80      102      132      175      238      333      473      675      930     1180    1322
         843     734      667      635      633      662      728      845     1034     1323     1700     1972     1806     1291      818      514      334      228      162      119       91       71       57       47       39       33       29       25       22       20       18       17       15       14       14       13       12       12       12       12       12       12       12       12       13       13       14       15       16       17       19       21       23       26       30       35       41       50       61       76       97      128      173      241      348      515      761     1067     1306     1336     1189    1000
        1587    1389     1230     1129     1086     1101     1178     1332     1589     1961     2366     2491     2072     1411      887      561      368      252      180      133      101       79       63       52       43       36       31       27       24       22       19       18       16       15       14       14       13       13       12       12       12       12       12       12       12       13       13       14       15       16       17       19       21       24       27       31       35       42       50       61       75       95      124      165      226      320      466      694     1024     1413     1701    1741
        1310    1006      796      663      585      544      532      548      593      678      819     1040     1350     1642     1627     1235      797      497      320      215      151      110       83       65       52       42       35       30       25       22       20       18       16       15       13       13       12       11       11       11       10       10       10       10       10       11       11       11       12       13       14       15       16       18       20       23       26       30       36       44       54       67       87      116      160      229      343      539      867     1328     1686    1631
         485     500      489      463      435      412      398      393      401      420      455      508      580      668      753      792      742      612      460      332      238      173      128       98       76       61       49       41       34       29       25       22       20       18       16       15       14       13       12       12       11       11       11       11       11       11       11       11       12       12       13       13       14       16       17       19       21       24       27       31       37       44       53       65       81      103      133      173      226      292      367     437
        1074     982      799      637      523      448      403      380      375      386      417      471      556      681      841      977      969      782      544      360      240      165      118       87       66       52       41       34       28       24       21       18       16       14       13       12       11       10       10        9        9        9        8        8        8        8        9        9        9        9       10       11       11       12       14       15       17       19       22       26       31       37       46       58       76      101      139      200      298      455      690     951
        2531    1739      969      609      437      349      302      281      278      293      329      394      505      685      912      993      767      469      274      167      108       74       53       39       30       23       19       15       13       11        9        8        7        7        6        5        5        5        4        4        4        4        4        4        4        4        4        4        4        5        5        5        6        6        7        7        8       10       11       13       16       20       25       32       42       57       82      125      205      375      782    1740
         506     297      198      147      118      101       91       86       85       88       95      108      129      165      231      358      611      938      830      444      224      125       77       51       36       27       20       16       13       11        9        8        7        6        5        5        4        4        4        4        3        3        3        3        3        3        3        3        3        4        4        4        5        5        6        6        7        8       10       12       14       18       23       31       43       63      100      173      339      731     1199     931
         630     486      371      297      252      227      217      219      235      268      329      440      649     1022     1368     1100      595      309      175      108       71       50       36       27       21       17       14       12       10        8        7        6        6        5        5        4        4        4        4        4        3        3        3        3        3        3        4        4        4        4        4        5        5        6        6        7        8       10       11       14       17       21       26       35       47       65       96      147      237      389      589     703
         724     661      540      432      355      305      274      258      253      259      277      308      355      419      493      547      532      440      322      223      154      109       79       59       45       35       28       23       19       17       14       12       11       10        9        8        8        7        7        6        6        6        6        6        6        6        6        6        6        7        7        7        8        9        9       10       12       13       15       18       22       26       32       41       53       71       98      141      209      317      477     648
         452     335      258      211      183      167      160      161      170      189      221      273      356      474      581      564      415      262      163      105       71       50       37       28       22       17       14       12       10        9        7        7        6        5        5        5        4        4        4        4        4        4        3        3        4        4        4        4        4        4        5        5        6        6        7        8        9       11       12       15       19       23       30       40       56       80      122      193      317      496      629     588
         212     204      192      181      173      169      170      176      189      211      243      289      349      412      441      403      312      220      151      104       74       54       41       32       25       20       17       14       12       10        9        8        7        7        6        6        5        5        5        5        5        4        4        4        4        5        5        5        5        5        6        6        7        7        8        9       10       12       14       17       20       24       30       38       48       62       81      106      136      168      195     210
         169     157      145      134      126      121      119      121      128      139      157      185      227      288      368      442      449      366      256      170      114       79       57       42       32       26       21       17       14       12       10        9        8        7        7        6        6        5        5        5        5        5        5        5        5        5        5        5        5        5        6        6        7        7        8        9       10       12       14       16       20       24       30       37       48       62       80      104      130      155      171     175
          87      73       63       55       51       48       46       46       47       50       54       61       71       86      107      135      167      189      180      145      104       73       51       37       28       21       17       13       11        9        8        7        6        5        5        4        4        4        4        3        3        3        3        3        3        3        3        4        4        4        4        5        5        6        6        7        9       10       12       15       18       24       31       41       57       79      108      138      155      150      130     107
          75      68       63       60       58       59       61       65       72       82       99      124      164      226      307      366      330      232      148       95       63       44       32       25       19       15       13       10        9        8        7        6        5        5        5        4        4        4        4        4        3        3        3        4        4        4        4        4        4        5        5        6        6        7        8       10       11       13       16       20       25       32       42       55       70       88      104      114      113      105       94      84
          59      61       63       67       73       82       95      115      145      194      276      410      580      632      474      291      176      112       75       54       40       30       24       20       16       14       12       10        9        8        7        7        6        6        6        5        5        5        5        5        5        5        5        5        6        6        6        7        7        8        9       10       11       13       15       17       20       23       27       32       37       43       49       54       58       60       62       62       61       60       59      59
          99      99       97       94       92       90       90       90       93       97      104      114      127      145      167      192      216      230      223      196      159      123       94       71       55       43       35       28       23       20       17       15       13       11       10        9        9        8        8        7        7        7        6        6        6        6        6        7        7        7        7        8        8        9       10       11       12       13       15       17       20       24       28       33       39       47       56       66       76       85       93      98
         118     118      117      117      117      119      124      132      143      157      175      193      206      206      188      157      123       93       69       52       40       31       25       20       16       14       12       10        9        8        7        6        6        5        5        4        4        4        4        4        4        4        4        4        4        4        4        4        4        5        5        5        6        7        7        8        9       11       13       15       18       21       26       32       39       49       60       73       87       99      109     115
          51      47       43       41       39       39       40       42       46       51       60       74       95      129      179      237      255      203      133       83       54       37       26       19       15       12        9        8        6        5        5        4        4        3        3        3        3        2        2        2        2        2        2        2        2        2        2        3        3        3        3        3        4        4        5        6        6        8        9       11       14       17       22       28       36       46       55       63       67       67       62      57
         133      99       73       57       46       39       34       31       29       29       29       30       33       36       42       50       60       75       90       98       92       74       54       38       27       20       15       11        9        7        6        5        4        4        3        3        2        2        2        2        2        2        2        2        2        2        2        2        2        2        2        2        2        2        2        3        3        4        4        5        6        8        9       12       16       22       32       48       74      113      153     161
         115     121      121      116      109      101       94       88       84       80       78       77       77       77       78       78       78       76       74       69       63       56       49       42       35       30       25       22       19       16       14       12       11       10        9        8        7        7        6        6        6        5        5        5        5        5        5        5        5        5        6        6        6        7        7        8        8        9       10       12       14       16       19       22       26       32       40       49       61       75       90     104
         118     128      133      133      128      122      116      109      104      100       96       93       90       87       83       79       73       67       60       53       46       40       34       29       25       21       18       16       14       12       11        9        9        8        7        7        6        6        5        5        5        5        5        5        5        5        5        5        5        5        5        6        6        6        7        7        8        9       10       12       13       16       18       22       26       32       39       48       59       72       88     104
          30      26       23       21       20       19       19       19       20       21       23       26       31       38       48       63       87      122      157      160      124       83       54       36       25       19       14       11        9        7        6        5        5        4        4        3        3        3        3        2        2        2        2        2        2        2        3        3        3        3        3        4        4        5        5        6        7        9       11       14       18       23       31       42       55       69       77       74       65       53       44      36
          18      18       18       18       19       20       21       22       25       28       33       40       50       65       91      130      183      217      190      130       82       53       36       26       19       15       11        9        8        6        6        5        4        4        3        3        3        3        3        2        2        2        2        2        2        2        2        3        3        3        3        3        4        4        4        5        5        6        7        8        9       10       11       12       14       15       16       17       17       18       18      18
          39      43       45       47       48       49       49       49       50       51       53       56       60       66       75       86      101      121      144      165      174      161      133      102       75       55       41       32       25       20       16       13       11        9        8        7        6        6        5        5        4        4        4        4        4        4        4        4        4        4        4        4        4        4        4        5        5        5        6        7        7        8       10       11       13       15       17       20       23       27       31      35
          21      21       21       22       22       24       25       27       30       34       40       47       59       76      103      147      213      287      305      239      157      101       67       47       34       26       20       16       14       11       10        9        8        7        6        6        5        5        5        5        4        4        4        4        4        4        4        5        5        5        5        6        6        7        7        8        9       10       11       12       13       14       15       16       18       18       19       20       20       20       20      20
          14      15       16       17       18       20       22       25       28       32       37       45       55       71       94      129      181      240      267      228      160      106       71       49       36       27       21       16       13       11        9        8        7        6        5        5        4        4        4        3        3        3        3        3        3        3        3        3        3        3        3        3        3        3        3        4        4        4        4        5        5        6        6        7        7        8        8        9       10       11       12      13
