SWAN 1
LOCATIONS
     1
     -67.28  18.38
AFREQ
     56
     0.0500
     0.0550
     0.0600
     0.0650
     0.0700
     0.0750
     0.0800
     0.0850
     0.0900
     0.0950
     0.1013
     0.1100
     0.1200
     0.1300
     0.1400
     0.1500
     0.1600
     0.1700
     0.1800
     0.1900
     0.2000
     0.2100
     0.2200
     0.2300
     0.2400
     0.2500
     0.2600
     0.2700
     0.2800
     0.2900
     0.3000
     0.3100
     0.3200
     0.3300
     0.3400
     0.3500
     0.3600
     0.3700
     0.3800
     0.3900
     0.4000
     0.4100
     0.4200
     0.4300
     0.4400
     0.4500
     0.4600
     0.4700
     0.4800
     0.4900
     0.5000
     0.5100
     0.5200
     0.5300
     0.5400
     0.5500
NDIR
     72
     5.0000
     10.0000
     15.0000
     20.0000
     25.0000
     30.0000
     35.0000
     40.0000
     45.0000
     50.0000
     55.0000
     60.0000
     65.0000
     70.0000
     75.0000
     80.0000
     85.0000
     90.0000
     95.0000
     100.0000
     105.0000
     110.0000
     115.0000
     120.0000
     125.0000
     130.0000
     135.0000
     140.0000
     145.0000
     150.0000
     155.0000
     160.0000
     165.0000
     170.0000
     175.0000
     180.0000
     185.0000
     190.0000
     195.0000
     200.0000
     205.0000
     210.0000
     215.0000
     220.0000
     225.0000
     230.0000
     235.0000
     240.0000
     245.0000
     250.0000
     255.0000
     260.0000
     265.0000
     270.0000
     275.0000
     280.0000
     285.0000
     290.0000
     295.0000
     300.0000
     305.0000
     310.0000
     315.0000
     320.0000
     325.0000
     330.0000
     335.0000
     340.0000
     345.0000
     350.0000
     355.0000
     360.0000
QUANT
     1
VaDens
m2/Hz/degr
     -999.000000
FACTOR
     1.00000E-06
        122    145     166     180     184     176     159     138     117      98      82      69      58      49      41      35      30      26      23      20      18      16      14      13      11      10       9       9       8       7       7       6       6       6       6       5       5       5       5       5       5       5       5       5       5       5       5       5       6       6       6       6       7       7       8       9      10      11      12      13      15      17      20      23      27      31      38      45      55      67      82      0
        183    225     289     387     546     800    1145    1387    1241     872     568     378     263     192     147     116      94      79      67      59      52      47      43      40      38      36      34      34      33      33      34      34      35      37      39      42      45      49      55      62      70      81      95     113     135     162     192     225     253     270     272     258     235     209     183     161     142     127     115     106     100      95      92      90      90      92      95     100     108     118     133      0
       5868   4891    3706    2698    1959    1447    1094     847     672     545     451     379     325     282     248     222     200     183     169     157     148     141     135     131     128     126     125     125     126     128     131     135     141     148     157     168     181     197     216     239     266     300     340     389     448     518     601     699     809     929    1054    1176    1285    1374    1440    1484    1511    1529    1546    1571    1611    1674    1768    1903    2093    2359    2727    3232    3910    4753    5620      0
      37697  12853    6149    3541    2284    1591    1171     900     716     585     490     419     365     323     291     265     244     228     215     205     198     193     190     189     189     192     196     202     211     222     236     254     276     304     338     381     435     504     591     703     849    1036    1276    1575    1928    2306    2645    2865    2914    2804    2596    2355    2127    1932    1778    1664    1587    1546    1539    1568    1639    1760    1948    2233    2669    3359    4524    6703   11500   25462   84884      0
      31789  14041    7838    4983    3446    2529    1942    1544    1264    1060     908     792     702     632     576     532     497     470     449     433     421     414     411     411     415     423     434     450     470     495     526     563     608     661     725     800     887     989    1104    1234    1376    1526    1676    1817    1940    2035    2099    2130    2134    2118    2092    2063    2040    2028    2034    2061    2116    2206    2339    2529    2797    3175    3720    4528    5787    7893   11814   20493   46998  235096  1167108      0
      34682  19660   12383    8383    5984    4450    3420    2701    2184    1801    1512    1289    1115     977     867     778     705     645     596     556     523     496     474     457     444     434     428     425     425     428     434     443     456     472     493     518     548     585     629     681     743     816     904    1010    1136    1287    1470    1690    1955    2275    2661    3124    3678    4334    5108    6013    7068    8299    9751   11501   13684   16540   20506   26431   36131   54100   94129  215236  714996  784643  205825      0
      58916  38457   26129   18425   13423   10060    7728    6067    4857    3956    3274    2749    2339    2015    1756    1547    1377    1238    1123    1028     949     883     828     783     746     716     692     674     661     652     649     649     654     664     679     698     723     755     793     840     896     962    1042    1137    1252    1389    1554    1754    1999    2298    2668    3129    3706    4435    5363    6555    8099   10115   12775   16321   21109   27679   36887   50138   69799   99696  144447  201447  238802  212801  148176      0
     310247 150409   72472   38765   22835   14507    9774    6900    5061    3831    2980    2373    1929    1597    1344    1148     995     873     775     696     631     578     535     499     470     447     428     413     402     394     390     388     389     394     402     412     427     446     469     497     532     575     626     689     765     859     975    1119    1301    1532    1828    2215    2726    3412    4345    5635    7440    9990   13594   18628   25427   34068   44120   54733   65315   76376   89970  110148  144697  209560  326796      0
     374983 245622  105537   46789   23618   13311    8159    5335    3671    2633    1955    1494    1171     939     767     638     539     462     402     353     314     283     257     236     219     205     193     184     177     171     167     164     162     162     163     165     169     174     180     189     199     212     228     247     271     299     335     378     433     501     589     702     850    1049    1321    1700    2245    3052    4292    6275    9601   15465   26278   46445   80622  122070  147148  150645  151719  166877  211335      0
     371518 378083  117939   41022   18644   10019    6005    3887    2665    1911    1421    1090     858     690     566     473     402     346     302     267     238     215     197     181     169     158     150     143     138     134     131     130     129     129     131     133     137     141     147     155     164     176     190     207     228     254     285     324     373     435     515     619     756     939    1191    1543    2047    2785    3890    5572    8146   11986   17296   23581   29442   33671   36587   39778   45427   57046   83453      0
      84602 145712  135064   62559   27363   13832    7913    4954    3316    2337    1716    1303    1017     814     665     553     468     402     350     309     276     249     227     209     195     183     173     165     159     154     151     149     148     149     150     153     157     162     169     178     189     202     218     237     261     290     326     369     424     493     581     693     840    1033    1290    1637    2109    2755    3633    4804    6302    8087   10008   11838   13414   14760   16102   17811   20420   24818   32838      0
      18512  20173   22815   25903   27590   25332   19439   13196    8595    5653    3832    2689    1952    1461    1124     886     713     585     489     415     357     312     276     246     223     204     188     175     164     156     149     144     140     137     136     135     136     138     140     144     150     157     166     176     189     206     225     250     279     317     363     422     498     597     728     905    1150    1496    2000    2752    3908    5727    8593   12891   18371   23182   24927   23649   21302   19298   18118      0
      41716  61087   81592   67876   35620   17249    9097    5280    3313    2211    1549    1129     851     660     524     425     351     295     252     218     191     170     152     138     127     117     109     103      98      94      91      88      87      86      86      86      88      89      92      96     100     106     113     121     131     144     159     178     201     230     267     314     374     454     560     704     904    1189    1603    2222    3166    4624    6852   10064   14080   17957   20524   21631   22180   23244   25797      0
      45061  95975  126381   54486   19643    8841    4705    2800    1804    1232     881     654     501     393     316     259     216     183     157     137     121     108      98      89      82      76      71      68      64      62      60      59      58      57      58      58      59      60      62      65      68      72      77      83      90      99     109     122     138     158     183     214     254     306     374     466     589     757     991    1318    1776    2411    3263    4345    5610    6955    8294    9666   11293   13645   17679      0
      20284  26876   37302   42881   30572   15667    7854    4277    2537    1615    1088     767     561     424     329     262     212     175     147     126     109      95      85      76      69      63      58      54      51      48      46      45      44      43      42      42      42      43      44      45      46      49      51      54      58      63      69      76      85      96     109     126     148     175     211     259     324     412     537     718     986    1392    2023    3010    4526    6683    9276   11644   13205   14116   15060      0
      12873  13974   16918   23046   33229   37735   24730   11930    5883    3207    1914    1228     834     592     437     332     259     207     169     141     119     102      88      78      69      62      57      52      48      45      43      41      39      38      37      37      36      36      37      37      38      40      41      43      46      49      53      58      64      71      80      91     105     123     146     176     216     270     346     454     613     854    1237    1867    2941    4796    7813   11706   14605   14985   13922      0
       8443   8619    9929   13268   21686   44287   62430   28606   10087    4438    2327    1373     879     599     428     317     243     191     154     126     106      90      77      68      60      54      48      44      41      38      36      34      33      32      31      30      30      30      30      31      31      32      34      35      38      40      43      47      52      58      65      74      85     100     119     144     177     223     287     381     522     744    1111    1757    2976    5404   10054   16096   17770   14490   11162      0
       4516   4935    6280    9894   22417   66535   38370    8843    3193    1520     847     522     346     242     177     133     104      83      67      56      47      40      35      31      27      25      23      21      19      18      17      16      16      15      15      15      15      15      15      15      16      16      17      18      19      21      22      25      27      31      35      40      47      55      67      82     102     131     173     235     334     496     784    1344    2557    5468   11641   15756   11725    7636    5590      0
       4464   5704    8605   17206   56140   81437   19014    5764    2529    1350     811     529     366     265     199     154     122      99      82      69      59      52      45      40      36      33      30      28      27      25      24      23      22      22      22      22      22      22      22      23      24      25      26      28      30      33      36      40      45      51      58      68      80      96     118     147     186     243     325     447     637     937    1418    2159    3157    4127    4597    4485    4135    3847    3751      0
       8407  10198   14516   26308   56764   51505   16773    6055    2787    1504     902     584     400     286     212     162     128     102      84      70      59      51      44      39      35      31      29      26      24      23      22      21      20      19      19      19      18      19      19      19      20      20      21      22      24      25      27      30      33      36      41      47      54      63      74      90     110     137     174     227     303     416     591     867    1314    2040    3162    4651    6113    7028    7395      0
       5513   5155    5114    5505    6535    8672   12615   16763   13966    7382    3598    1907    1111     700     468     329     241     182     141     112      91      76      64      54      47      41      37      33      30      28      26      24      23      21      21      20      20      19      19      19      19      20      20      21      22      23      24      26      28      31      34      37      42      48      56      65      77      93     115     144     184     242     328     458     664    1000    1562    2488    3853    5322    6113      0
      11234  10512    9693    9533   10268   11990   14058   13698    9535    5304    2860    1625     987     637     432     306     224     170     132     105      85      70      59      50      43      38      33      30      27      25      23      21      20      19      18      17      17      17      16      16      16      17      17      17      18      19      20      21      23      25      27      30      33      37      43      50      58      69      84     103     129     166     218     296     415     605     923    1482    2505    4368    7307      0
       2245   3029    4440    7388   14567   27489   22423    9203    4007    2070    1212     774     527     376     279     214     168     135     111      93      79      68      59      52      47      42      38      35      33      31      29      28      26      26      25      25      24      24      24      25      25      26      27      28      29      31      33      36      39      43      47      52      59      67      76      88     103     121     143     171     206     249     303     370     451     549     665     803     967    1165    1417      0
       4080   5392    7617   11838   19226   22778   13984    6398    3110    1693    1012     650     441     313     230     175     136     108      88      73      61      52      45      39      35      31      28      26      24      22      21      20      19      18      18      17      17      17      17      17      17      18      18      19      20      21      22      24      26      29      32      35      40      45      52      61      72      86     104     129     161     204     263     345     458     615     830    1118    1490    1953    2510      0
       1992   2473    3289    4829    8018   13787   15320    8443    3830    1930    1095     681     453     318     232     176     137     109      89      74      62      53      46      41      36      33      30      27      25      24      22      21      20      20      19      19      19      19      19      19      20      20      21      22      23      25      27      29      32      35      39      44      50      58      67      79      94     113     138     170     211     265     335     423     531     659     802     954    1111    1275    1456      0
       1292   1254    1248    1299    1437    1713    2232    3185    4651    5301    3677    1922    1008     575     355     234     163     118      89      69      54      44      36      31      26      23      20      18      16      14      13      12      11      11      10      10      10       9       9       9       9       9       9      10      10      11      11      12      13      14      15      17      19      21      24      28      33      40      48      59      74      96     126     169     233     328     469     665     906    1139    1286      0
       1547   1534    1555    1640    1817    2114    2532    2929    2915    2297    1510     933     583     379     258     182     133     101      78      62      50      41      35      30      26      22      20      18      16      15      14      13      12      11      11      10      10      10      10      10      10      10      10      11      11      12      12      13      14      15      17      19      21      24      27      32      38      45      55      68      85     110     145     195     269     378     537     758    1029    1295    1478      0
       1588   1726    1863    2052    2354    2841    3570    4368    4472    3401    2086    1213     727     459     306     213     154     115      88      69      56      46      38      32      28      24      21      19      17      16      14      13      12      12      11      11      10      10      10      10      10      10      10      11      11      11      12      13      14      15      16      18      20      22      25      29      33      39      47      57      70      88     112     147     195     264     362     501     690     924    1177      0
       1769   2153    2311    2284    2201    2149    2161    2231    2307    2281    2036    1597    1129     759     507     345     242     174     129      98      76      60      49      40      34      29      25      22      19      17      15      14      13      12      11      11      10      10       9       9       9       9       9       9       9       9      10      10      11      11      12      13      14      16      18      20      23      26      30      36      43      53      66      83     108     143     195     274     396     587     879      0
       1054    960     884     836     819     834     883     972    1106    1277    1443    1500    1352    1052     745     512     354     251     183     137     105      83      67      55      46      39      34      29      26      23      21      19      18      17      16      15      14      14      13      13      13      13      13      13      14      14      15      16      17      18      19      21      23      26      30      34      40      47      56      68      84     106     137     181     245     338     472     653     867    1057    1153      0
        976   1303    1671    1995    2166    2137    1958    1713    1461    1232    1031     858     711     586     482     395     323     265     218     180     150     126     106      90      78      67      59      52      46      41      37      34      31      29      27      25      24      23      22      21      21      21      20      20      20      21      21      21      22      23      24      26      27      29      32      35      38      42      48      54      62      72      85     101     122     150     187     237     305     401     534      0
        857   1220    1593    1819    1818    1672    1494    1342    1228    1144    1076    1006     920     808     677     543     421     321     244     186     143     112      88      71      58      48      40      34      30      26      23      20      18      17      15      14      13      13      12      11      11      11      11      10      10      11      11      11      11      12      12      13      14      15      16      18      20      22      25      29      33      39      47      57      70      88     113     149     202     281     400      0
        877    902     877     831     787     757     745     751     773     808     844     860     831     745     618     481     362     269     201     152     117      92      73      60      49      41      35      30      26      23      21      19      17      16      15      14      13      13      12      12      11      11      11      11      11      12      12      13      13      14      15      16      17      19      21      23      27      30      35      41      50      60      74      93     119     155     205     276     374     502     649      0
        724    979    1327    1763    2204    2447    2320    1908    1438    1046     758     556     414     314     243     191     152     123     101      84      71      60      52      45      39      35      31      28      25      23      22      20      19      18      17      16      16      15      15      15      14      14      15      15      15      15      16      16      17      18      19      21      22      24      26      29      33      36      41      47      54      63      74      88     106     128     158     196     248     317     411      0
       1286    896     617     449     347     283     242     215     198     187     181     178     179     180     183     184     182     175     163     146     128     108      91      75      63      52      44      37      32      27      24      21      19      17      15      14      13      12      12      11      11      10      10      10      10      10      10      10      11      11      12      12      13      15      16      18      20      23      26      31      37      45      56      72      95     130     188     285     459     773    1235      0
        629    654     644     614     578     545     516     491     466     438     403     361     312     261     213     171     136     108      87      70      57      47      39      33      28      24      21      18      16      15      13      12      11      11      10       9       9       9       8       8       8       8       8       8       8       9       9       9      10      10      11      12      13      14      16      18      20      23      27      32      38      47      57      72      92     119     156     208     277     365     466      0
        186    155     136     125     120     121     126     139     160     195     252     350     508     686     691     482     284     169     106      71      50      37      28      22      17      14      12      10       9       8       7       6       6       5       5       5       4       4       4       4       4       4       4       4       4       4       5       5       5       6       6       7       8       9      10      12      15      18      22      28      37      50      71     106     165     270     433     583     572     440     317      0
        313    242     198     172     158     151     153     161     179     211     263     350     490     665     726     557     342     202     125      82      57      41      31      24      19      15      13      11       9       8       7       6       6       5       5       5       4       4       4       4       4       4       4       4       4       4       4       4       5       5       5       6       7       7       8      10      11      13      16      20      25      33      44      62      91     139     225     374     572     675     581      0
        655    480     341     254     202     170     150     140     135     137     144     158     181     217     270     340     409     427     361     259     173     116      80      57      42      32      25      20      17      14      12      10       9       8       7       6       6       5       5       5       5       4       4       4       4       4       4       4       5       5       5       5       6       6       7       8       9      10      12      14      17      20      26      33      44      60      86     131     210     351     564      0
        440    462     449     417     382     351     328     314     306     305     308     313     316     312     297     268     231     190     152     119      94      74      59      47      39      32      27      23      20      17      15      13      12      11      10       9       9       8       8       8       7       7       7       7       7       7       7       7       8       8       9       9      10      11      12      13      15      17      19      22      26      31      38      46      58      75      98     130     174     234     307      0
        122    127     132     138     146     156     169     186     209     238     274     313     347     361     342     295     235     180     136     103      79      62      50      40      33      28      24      21      18      16      14      13      12      11      10      10       9       9       8       8       8       8       8       8       8       8       9       9       9      10      11      12      12      14      15      17      19      21      24      28      32      37      43      50      58      66      76      85      94     103     110      0
        113    125     140     157     178     203     233     267     299     323     328     309     269     221     175     137     107      85      68      55      45      38      32      27      24      21      18      16      15      14      13      12      11      10      10       9       9       9       9       9       9       9       9       9       9      10      10      10      11      12      12      13      14      16      17      19      21      23      26      29      32      36      40      45      50      56      63      69      77      84      93      0
        183    216     254     295     341     389     437     483     519     538     533     500     444     376     307     246     195     155     123      99      80      66      55      46      39      33      29      25      22      20      18      16      15      14      13      12      12      11      11      10      10      10      10      10      10      10      10      10      11      11      11      12      13      14      15      16      18      19      21      24      27      31      35      41      47      55      65      77      91     108     129      0
        444    446     394     327     268     224     192     170     155     145     139     137     137     139     142     146     148     148     142     132     118     101      85      70      58      47      39      32      27      23      20      17      15      13      12      11      10       9       9       8       8       7       7       7       7       7       7       7       7       7       8       8       9       9      10      11      12      14      15      18      21      24      29      36      45      58      77     104     144     203     285      0
        311    239     174     130     102      84      72      65      60      58      58      60      65      71      82      97     119     147     177     194     182     145     105      73      52      37      28      21      17      13      11       9       8       7       6       5       5       4       4       4       3       3       3       3       3       3       3       3       3       3       3       4       4       4       5       5       6       6       7       9      10      12      15      20      26      35      49      71     110     173     262      0
        352    393     348     273     211     168     141     124     113     108     108     111     118     130     146     165     181     187     173     143     110      80      59      43      32      25      19      16      13      11       9       8       7       6       5       5       4       4       4       3       3       3       3       3       3       3       3       3       3       3       3       3       4       4       4       5       5       6       7       8       9      11      13      16      20      26      35      49      70     105     163      0
         94    101     106     112     118     125     133     145     159     177     198     221     239     244     230     199     160     123      93      71      54      42      34      27      22      18      16      13      12      10       9       8       7       7       6       6       5       5       5       5       5       5       5       5       5       5       5       5       5       5       6       6       7       7       8       9      10      11      13      14      17      19      23      27      32      37      44      52      61      70      79      0
         53     53      53      54      57      60      64      71      81      94     113     140     177     225     270     285     251     191     136      95      68      50      38      30      24      19      16      14      12      10       9       8       7       7       6       6       6       5       5       5       5       5       5       5       5       5       5       6       6       7       7       8       8       9      10      12      13      15      17      20      23      27      31      35      39      44      47      50      52      52      53      0
        286    260     189     132      98      76      63      55      51      48      48      50      53      60      71      89     117     162     221     258     221     147      90      57      37      26      19      14      11       9       7       6       5       4       4       3       3       3       2       2       2       2       2       2       2       2       2       2       2       2       2       2       2       2       2       3       3       3       4       5       5       7       8      10      13      17      24      34      52      83     138      0
         72     63      56      51      47      45      44      45      46      49      54      62      72      85     101     115     121     112      91      69      50      37      27      21      16      13      10       9       7       6       5       5       4       4       3       3       3       3       3       2       2       2       2       2       2       2       2       3       3       3       3       3       4       4       5       5       6       7       9      11      13      16      21      27      36      47      62      78      90      95      91      0
        183    155     123      97      78      65      57      51      48      46      46      47      49      53      59      68      79      93     106     114     110      94      74      55      41      30      23      18      14      11       9       8       7       6       5       4       4       4       3       3       3       3       3       3       3       2       2       3       3       3       3       3       3       3       4       4       5       5       6       7       8      10      12      15      20      26      36      51      74     107     150      0
         85     93      98     100      99      96      93      89      85      83      81      81      81      82      84      88      91      94      97      98      96      91      84      74      64      54      45      38      32      27      23      20      17      15      13      12      11      10       9       8       8       7       7       7       6       6       6       6       6       6       6       7       7       7       8       8       9      10      10      12      13      15      17      19      23      27      32      38      45      54      64      0
        105     97      88      80      73      68      66      65      65      68      73      80      91     106     126     149     169     172     153     121      90      65      47      35      26      21      16      13      11       9       8       7       6       5       5       4       4       4       3       3       3       3       3       3       3       3       3       3       3       3       4       4       4       5       5       6       6       7       8      10      12      14      18      22      28      36      47      61      77      93     105      0
        133    119      94      73      57      47      40      36      33      31      31      32      34      37      41      48      58      69      81      88      83      68      50      36      26      19      14      11       8       7       5       5       4       3       3       2       2       2       2       2       2       1       1       1       1       1       1       1       1       1       1       2       2       2       2       2       2       3       3       4       4       5       7       8      11      14      19      27      40      60      89      0
         66     57      48      40      35      31      29      27      27      28      29      32      38      46      60      84     124     179     203     152      90      52      32      21      15      10       8       6       5       4       3       3       2       2       2       1       1       1       1       1       1       1       1       1       1       1       1       1       1       1       1       1       1       1       2       2       2       2       3       3       4       5       6       8      10      14      19      26      37      50      63      0
         27     21      17      14      12      11      10       9       9       9       9       9      10      11      12      14      17      21      28      39      53      66      67      53      36      24      16      11       8       6       5       4       3       3       2       2       2       1       1       1       1       1       1       1       1       1       1       1       1       1       1       1       1       1       2       2       2       2       3       4       4       6       7       9      13      18      26      35      45      48      43      0
