SWAN 1
LOCATIONS
     1
     681726.07 2033118.57
AFREQ
     56
     0.0300
     0.0400
     0.0500
     0.0600
     0.0700
     0.0800
     0.0900
     0.1000
     0.1100
     0.1200
     0.1300
     0.1400
     0.1500
     0.1600
     0.1700
     0.1800
     0.1900
     0.2000
     0.2100
     0.2200
     0.2300
     0.2400
     0.2500
     0.2600
     0.2700
     0.2800
     0.2900
     0.3000
     0.3100
     0.3200
     0.3300
     0.3400
     0.3500
     0.3600
     0.3700
     0.3800
     0.3900
     0.4000
     0.4100
     0.4200
     0.4300
     0.4400
     0.4500
     0.4600
     0.4700
     0.4800
     0.4900
     0.5000
     0.5100
     0.5200
     0.5300
     0.5400
     0.5500
     0.5600
     0.5700
     0.5800
NDIR
     72
     5.0000
     10.0000
     15.0000
     20.0000
     25.0000
     30.0000
     35.0000
     40.0000
     45.0000
     50.0000
     55.0000
     60.0000
     65.0000
     70.0000
     75.0000
     80.0000
     85.0000
     90.0000
     95.0000
     100.0000
     105.0000
     110.0000
     115.0000
     120.0000
     125.0000
     130.0000
     135.0000
     140.0000
     145.0000
     150.0000
     155.0000
     160.0000
     165.0000
     170.0000
     175.0000
     180.0000
     185.0000
     190.0000
     195.0000
     200.0000
     205.0000
     210.0000
     215.0000
     220.0000
     225.0000
     230.0000
     235.0000
     240.0000
     245.0000
     250.0000
     255.0000
     260.0000
     265.0000
     270.0000
     275.0000
     280.0000
     285.0000
     290.0000
     295.0000
     300.0000
     305.0000
     310.0000
     315.0000
     320.0000
     325.0000
     330.0000
     335.0000
     340.0000
     345.0000
     350.0000
     355.0000
     360.0000
QUANT
     1
VaDens
m2/Hz/degr
     -999.000000
FACTOR
     1.00000E-06
         227     181      109       64       40       27       20       15       11        9        8        6        6        5        4        4        4        3        3        3        3        3        3        3        3        3        3        4        4        4        5        5        6        7        9       11       13       17       21       28       36       44       51       52       47       40       33       27       22       18       16       14       12       11       11       10       10       10       10       10       11       12       13       15       17       20       26       34       47       70      112     180
         528     311      198      134       97       73       57       45       37       32       27       24       21       19       17       16       15       14       14       13       13       13       13       13       13       13       14       14       15       16       17       18       20       22       25       28       32       37       42       49       57       65       74       83       90       95       98       98       96       92       88       84       81       78       76       76       76       78       81       86       94      105      122      145      181      237      331      499      800     1219     1327     919
       18609   11358     5984     3315     1996     1292      886      637      475      366      289      234      194      163      139      121      106       94       85       77       71       66       62       58       56       54       52       51       50       50       50       50       51       53       55       57       60       64       68       73       80       88       98      110      125      143      166      196      233      281      343      424      530      667      843     1062     1322     1607     1893     2148     2355     2518     2662     2821     3040     3372     3898     4756     6221     8839    13477   19232
       52740   18413     8639     4831     3019     2035     1451     1080      833      660      537      446      377      324      283      250      224      203      186      173      162      153      146      140      136      133      131      131      131      133      136      140      145      152      161      172      185      201      221      245      275      313      360      420      497      597      728      902     1136     1453     1881     2452     3182     4043     4923     5642     6045     6118     5974     5761     5591     5534     5642     5972     6617     7756     9771    13585    21877    44866   125803  163789
      147778   39223    17251     9441     5853     3939     2812     2099     1623     1292     1055      879      746      644      565      502      451      411      378      352      331      313      300      290      282      277      275      275      277      281      288      298      310      326      346      370      399      435      479      533      600      682      784      912     1074     1279     1540     1873     2295     2822     3461     4198     4986     5742     6370     6800     7028     7107     7116     7138     7241     7489     7953     8733     9998    12070    15634    22381    37539    85267   460335 1437880
      605745   77198    27858    13945     8226     5366     3750     2757     2108     1664     1349     1118      945      813      710      629      564      512      470      437      409      387      370      356      346      339      335      333      335      338      345      355      368      384      404      429      460      496      540      592      655      731      822      932     1063     1221     1410     1632     1890     2184     2509     2855     3207     3547     3860     4137     4380     4599     4816     5056     5352     5744     6286     7056     8186     9909    12694    17599    27500    52872   162724 1766140
      682688  103798    30104    13411     7318     4499     2995     2113     1558     1190      936      754      621      521      444      385      338      300      270      245      226      209      196      185      177      170      165      161      159      158      158      160      163      167      173      180      189      200      214      231      251      276      306      343      388      444      514      602      712      853     1033     1263     1559     1935     2404     2974     3633     4351     5073     5747     6343     6877     7405     8021     8853    10089    12055    15408    21753    36037    80940  378079
      209957  160167    85114    47912    29762    19763    13669     9697     7003     5132     3813     2872     2195     1702     1339     1069      865      710      591      497      424      365      318      280      249      224      203      185      171      159      149      141      134      129      124      121      119      118      117      117      119      121      124      128      133      139      147      157      168      182      200      220      246      277      315      363      423      500      600      731      907     1148     1485     1970     2692     3810     5627     8770    14657    26909    55812  126298
       92929  151238   118007    49165    20943    10433     5880     3623     2386     1654     1196      894      688      542      437      359      300      254      219      191      168      150      136      124      114      106       99       94       89       86       83       81       80       79       79       80       81       83       85       89       93       98      105      112      122      133      147      164      185      211      244      285      337      405      494      612      773      993     1300     1736     2361     3259     4538     6306     8617    11400    14487    17805    21657    26988    35933   53669
       42557   80242    75384    33602    14603     7448     4311     2729     1844     1310      968      739      579      465      381      317      269      231      201      178      158      143      130      120      111      104       98       93       90       87       85       83       82       82       82       83       85       87       90       94       99      105      112      120      130      143      157      175      196      222      254      293      342      402      477      571      689      836     1019     1246     1522     1856     2253     2719     3268     3925     4744     5828     7378     9809    14072   22655
       10970   12929    13534    11389     7835     4919     3077     1990     1342      942      685      514      397      314      253      208      174      148      128      112       99       88       80       73       67       63       59       56       53       51       50       49       48       48       48       49       50       51       53       55       58       62       66       72       78       86       96      108      123      142      166      197      236      289      359      453      584      768     1028     1399     1920     2624     3499     4442     5269     5835     6154     6360     6619     7078     7874    9150
       18093   11245     6669     4155     2753     1924     1405     1063      828      661      539      447      377      323      280      245      218      195      176      161      148      137      128      121      114      109      105      101       99       97       95       95       94       95       96       97       99      102      105      109      114      120      127      134      144      154      166      181      197      216      239      265      295      331      373      423      482      553      640      746      879     1047     1266     1557     1959     2537     3407     4795     7143    11233    17483   21893
       15369   18507    12805     6750     3655     2169     1396      958      692      520      404      323      264      221      188      162      142      126      114      104       95       89       83       79       76       73       71       70       70       70       70       71       73       76       79       83       88       95      102      112      123      137      154      175      202      235      276      328      394      477      580      706      854     1017     1183     1333     1448     1520     1552     1558     1554     1556     1576     1626     1718     1871     2112     2490     3098     4125     5977    9498
       14424   12959     7322     3931     2314     1494     1037      761      583      463      379      317      271      237      210      189      172      159      149      141      135      130      127      125      124      124      125      128      131      136      142      149      158      169      182      197      214      234      257      282      309      337      365      393      417      437      452      461      464      463      459      453      446      441      438      438      441      450      464      485      515      557      614      692      802      958     1188     1544     2131     3178     5219    9278
        6447    5990     3828     2223     1354      886      618      453      347      275      224      187      160      139      123      110      100       93       86       82       78       76       74       73       73       73       74       76       79       83       88       95      103      113      125      141      161      187      219      262      317      389      481      596      729      864      971     1020      998      924      825      727      640      570      515      473      443      423      413      411      418      434      462      505      567      659      794     1002     1335     1901     2910    4629
        1939    1427     1052      790      609      480      388      321      270      232      202      179      161      146      135      125      118      112      108      105      103      101      101      102      103      106      110      114      120      128      137      149      162      179      199      223      252      287      328      376      430      488      549      606      654      688      705      705      692      671      646      621      600      583      573      570      574      588      612      649      702      776      878     1019     1214     1485     1854     2325     2825     3142     3036    2543
        2382    1855     1402     1064      822      650      527      437      370      319      280      250      227      208      194      182      174      167      163      160      159      160      162      165      170      177      186      197      210      226      245      267      291      319      350      382      415      446      471      490      501      501      493      479      460      439      417      397      380      365      353      345      340      339      341      348      360      378      402      434      478      535      612      715      856     1051     1320     1685     2147     2626     2917    2817
        1050     849      690      568      474      401      345      301      267      240      218      200      187      176      167      160      156      152      151      150      152      154      158      163      170      179      190      204      220      239      262      289      320      355      395      437      482      525      564      595      616      624      621      608      588      565      542      519      500      484      472      466      464      467      476      492      516      548      592      649      724      820      944     1100     1289     1504     1715     1865     1892     1774     1550    1291
         610     545      454      363      288      228      184      150      125      106       91       80       71       64       58       54       51       48       46       44       44       43       43       44       44       46       48       50       54       58       64       70       79       90      104      123      147      178      220      273      340      418      493      546      558      526      468      403      344      295      256      226      203      186      173      164      159      156      157      160      166      175      189      207      232      265      309      365      434      511      583     624
         852     949      893      722      537      391      289      220      171      137      113       95       82       71       63       57       52       49       46       44       42       41       40       40       40       41       42       44       46       48       52       56       62       69       77       88      101      117      136      159      186      213      239      259      268      265      253      233      212      191      172      157      143      133      125      119      116      114      113      115      119      124      133      145      161      183      214      256      316      402      522     681
         678     582      432      304      216      158      119       93       75       62       52       45       39       35       32       29       27       26       25       24       23       23       23       23       24       25       26       27       29       32       35       39       44       50       58       68       81       98      119      144      173      199      218      223      214      195      172      149      130      114      101       91       83       78       74       71       70       69       70       73       77       82       91      102      117      139      170      215      282      379      510     640
         234     263      282      283      264      230      193      157      128      105       86       72       62       53       47       41       37       34       31       29       28       27       26       25       25       25       25       25       26       27       29       31       33       36       40       45       51       60       70       84      103      128      161      204      256      312      355      368      348      306      259      217      182      156      135      120      109      100       94       90       88       87       88       91       95      101      109      120      135      153      176     204
         229     268      297      302      276      233      186      146      115       91       74       61       51       43       38       33       30       27       25       23       22       21       20       20       19       19       20       20       21       22       23       24       27       29       33       37       43       50       60       74       94      123      166      232      333      472      612      654      566      431      319      239      186      150      125      108       95       87       80       76       74       73       74       75       79       84       92      102      116      135      160     191
         290     268      231      191      154      124      100       82       68       57       49       43       38       34       31       28       26       24       23       22       22       21       21       21       21       22       23       24       25       27       29       32       35       40       46       54       65       80      101      131      178      253      379      590      909     1199     1164      871      598      419      308      239      193      162      141      127      116      110      106      104      105      107      112      120      130      144      162      185      213      244      273     291
         241     300      340      329      272      204      149      109       82       64       51       41       34       29       25       22       20       18       17       16       15       14       14       13       13       13       14       14       14       15       16       17       19       21       24       27       32       38       47       60       79      108      157      243      405      688      976      898      593      370      244      174      131      104       87       75       66       60       56       54       53       53       54       56       59       64       72       82       97      117      146     187
         179     199      184      144      104       74       54       40       31       25       20       17       14       13       11       10        9        8        8        7        7        7        7        7        7        7        7        8        8        9        9       10       12       13       16       19       23       29       37       51       73      112      186      327      515      533      360      217      138       95       71       55       45       38       34       30       28       26       26       25       25       26       28       30       33       37       43       52       64       81      107     141
          52      48       45       41       38       35       32       30       28       26       25       23       22       21       20       20       19       19       19       19       19       19       19       19       20       20       21       22       23       25       26       28       31       33       36       40       44       48       53       59       65       72       78       85       90       96      100      102      104      105      104      103      101      100       98       96       94       93       91       90       89       87       86       84       82       79       76       73       69       65       61      57
          63      71       82       94      107      120      129      132      127      116      101       86       73       61       52       45       39       34       30       27       25       23       22       21       20       19       19       19       19       19       20       21       22       23       25       27       30       34       40       46       55       67       82      103      129      160      191      211      212      194      166      137      113       94       79       67       59       52       48       44       41       39       38       37       37       38       39       41       43       46       51      56
          25      28       32       37       42       48       53       57       57       55       51       45       39       33       29       25       21       19       17       15       14       13       12       12       11       11       11       11       11       11       12       12       13       14       16       18       20       24       28       34       44       57       76      105      145      190      213      196      154      113       83       63       49       39       33       28       24       21       19       18       17       16       16       15       15       16       16       17       18       19       20      23
          42      42       41       41       40       40       39       38       37       36       35       34       33       32       30       29       28       27       26       25       24       23       23       22       22       21       21       21       21       22       22       22       23       24       25       27       28       30       33       36       39       44       49       55       62       70       80       90      101      112      121      127      129      127      121      113      105       96       87       80       73       67       62       58       55       52       50       48       46       45       44      43
          19      20       22       24       26       29       33       37       43       50       57       65       70       73       71       65       58       50       42       36       31       27       23       20       18       17       15       14       14       13       13       12       12       12       13       13       14       15       16       17       19       22       25       29       35       44       56       73       98      133      176      210      212      182      140      105       79       62       49       40       34       29       26       23       22       20       19       18       18       18       18      19
          27      28       29       32       34       37       40       43       46       48       50       50       48       45       41       37       33       29       25       22       20       18       16       15       14       13       12       11       11       10       10       10       10       10       10       10       11       11       12       13       14       15       17       19       22       25       29       34       40       46       54       61       67       71       71       68       63       57       51       45       40       36       33       31       29       27       26       25       25       25       25      26
          16      18       19       22       24       28       33       39       46       55       65       73       79       78       72       63       53       44       37       31       26       22       20       17       16       14       13       13       12       12       12       12       12       12       12       13       14       15       17       19       21       25       30       36       45       59       78      103      135      161      166      146      116       88       67       52       41       34       28       24       21       19       17       16       15       15       14       14       14       14       15      15
          10      11       12       13       14       16       18       21       24       28       33       37       41       43       43       39       35       30       26       22       19       16       14       12       11       10        9        9        8        8        8        8        8        8        8        8        9        9       10       11       12       14       16       19       24       29       37       47       60       74       84       85       76       63       50       39       31       25       21       18       16       14       12       11       11       10       10        9        9        9        9      10
          30      32       35       39       43       47       51       56       59       62       64       63       62       59       55       51       47       43       39       36       33       31       29       28       26       25       24       24       24       23       24       24       24       25       26       27       28       29       30       32       33       35       36       37       37       38       37       37       36       34       33       31       30       28       27       25       24       23       22       22       21       21       21       21       21       21       22       22       23       25       26      28
          10      11       13       14       17       20       24       29       37       48       60       72       78       74       63       50       38       30       23       19       16       13       11       10        9        8        7        7        6        6        6        6        6        6        6        6        6        7        7        8        8        9       10       11       13       15       16       18       20       21       22       22       22       20       19       17       15       14       13       11       11       10        9        9        8        8        8        8        8        9        9      10
           7       7        8        9       10       11       12       14       16       19       21       24       27       29       31       30       29       27       24       22       19       17       15       14       13       12       11       10       10       10        9        9        9       10       10       10       11       12       13       14       15       17       18       20       22       23       24       24       23       22       20       18       16       14       13       11       10        9        8        8        7        7        6        6        6        6        6        6        6        6        6       6
           5       5        6        6        7        8        9       11       14       17       23       30       39       49       55       53       44       34       25       19       15       12        9        8        7        6        5        5        4        4        4        4        3        3        3        4        4        4        4        4        5        5        6        7        8        9       11       14       17       21       25       28       29       28       25       21       18       15       12       10        9        8        7        6        6        5        5        5        5        5        5       5
          12      13       14       16       18       20       22       26       30       35       40       47       54       61       66       69       68       64       58       52       45       40       35       31       28       25       23       22       20       19       18       18       17       17       17       17       17       17       18       18       18       18       19       19       19       19       19       19       18       18       17       16       15       15       14       13       12       12       11       11       10       10       10       10       10       10       10       10       10       10       11      12
           2       2        3        3        3        3        4        5        5        7        8       11       14       19       25       34       40       41       36       28       21       16       12       10        8        7        6        5        4        4        4        4        3        3        3        3        3        4        4        4        4        5        6        6        8        9       10       12       14       16       16       16       14       13       11        9        7        6        5        4        4        3        3        3        3        2        2        2        2        2        2       2
           4       4        5        5        6        8       10       13       17       24       35       55       85      117      117       85       56       37       26       19       15       12       10        9        8        7        6        6        6        5        5        5        6        6        6        7        7        8        9       10       12       13       15       17       19       19       19       18       15       13       11        9        8        7        6        5        4        4        4        3        3        3        3        3        3        3        3        3        3        3        3       3
           4       4        4        5        5        6        7        7        9       10       13       15       20       25       32       41       48       52       49       41       33       26       21       17       14       12       10        9        8        7        7        6        6        6        6        6        6        6        6        6        7        7        8        8        9       10       11       13       14       15       15       15       15       14       13       12       10        9        8        7        6        6        5        5        5        4        4        4        4        4        4       4
           4       4        5        5        6        7        8       10       13       17       23       31       42       52       56       50       39       29       22       17       13       11        9        7        6        6        5        5        5        4        4        4        4        4        4        4        5        5        6        6        7        8        9       10       12       14       15       16       17       16       15       13       11       10        8        7        6        5        5        4        4        4        3        3        3        3        3        3        3        3        3       3
           1       1        2        2        3        4        6        8       13       24       51      104      105       54       27       16       10        7        5        4        3        3        3        2        2        2        2        2        2        2        2        2        3        3        4        4        5        7        9       12       15       18       18       16       12        9        6        5        3        3        2        2        1        1        1        1        1        1        1        1        0        0        0        0        0        0        1        1        1        1        1       1
           2       3        3        3        4        5        6        8       10       14       21       32       52       76       82       60       38       24       17       12        9        7        6        5        4        4        3        3        3        3        3        3        3        3        3        3        3        3        4        4        4        5        6        6        7        8        9        9        9        9        8        7        6        5        4        4        3        3        3        2        2        2        2        2        2        2        2        2        2        2        2       2
           1       1        1        2        2        2        3        4        5        6        9       13       22       36       55       58       41       25       16       11        8        6        4        4        3        3        2        2        2        2        2        2        2        2        2        2        2        2        2        3        3        4        5        6        7        8       10       11       11       10        9        7        6        5        4        3        2        2        2        2        1        1        1        1        1        1        1        1        1        1        1       1
           1       1        1        1        1        1        2        2        2        3        4        6        8       13       22       43       82       95       58       30       18       11        8        6        5        4        3        3        2        2        2        2        2        2        2        2        2        2        2        3        3        4        4        5        6        7        8        9       10        9        8        7        5        4        3        3        2        2        2        1        1        1        1        1        1        1        1        1        1        1        1       1
           0       1        1        1        1        1        1        2        2        3        4        6       10       18       37       73       79       43       22       12        8        6        4        3        3        2        2        2        1        1        1        1        1        1        1        1        1        2        2        2        2        3        3        4        5        6        7        7        7        6        5        4        3        3        2        2        1        1        1        1        1        1        0        0        0        0        0        0        0        0        0       0
           1       1        1        1        1        2        2        3        4        5        7       11       15       20       23       20       16       11        8        6        5        4        3        3        2        2        2        2        2        2        2        2        2        2        2        2        2        3        3        3        4        5        5        6        6        6        6        5        4        4        3        2        2        2        1        1        1        1        1        1        1        0        0        0        0        0        0        0        0        0        1       1
           1       1        1        1        1        1        2        2        2        3        4        5        6        8       11       14       19       25       29       29       26       22       17       14       11       10        8        7        7        6        6        5        5        5        5        5        5        5        5        5        5        5        5        5        5        4        4        3        3        3        2        2        2        2        1        1        1        1        1        1        1        1        1        1        1        1        1        1        1        1        1       1
           1       1        1        1        1        1        2        2        2        3        3        4        5        7       10       14       20       25       27       23       18       13        9        7        5        4        4        3        3        2        2        2        2        2        2        2        2        2        2        2        2        2        2        3        3        3        3        4        4        4        4        4        4        4        3        3        3        2        2        2        2        1        1        1        1        1        1        1        1        1        1       1
           0       0        0        0        0        1        1        1        1        2        2        4        5        8       14       21       24       20       13        9        6        4        3        2        2        2        1        1        1        1        1        1        1        1        1        1        1        2        2        2        3        4        5        6        7        7        7        6        5        4        3        2        1        1        1        1        1        0        0        0        0        0        0        0        0        0        0        0        0        0        0       0
           0       0        0        1        1        1        1        2        2        3        4        6        8       11       12       12       10        8        7        5        4        4        3        3        2        2        2        2        2        2        2        2        3        3        3        4        4        5        6        7        7        7        6        5        4        3        2        2        1        1        1        1        1        0        0        0        0        0        0        0        0        0        0        0        0        0        0        0        0        0        0       0
           1       1        1        1        1        1        2        2        2        3        4        5        7        9       11       12       13       11       10        8        7        5        5        4        3        3        3        3        3        2        2        2        3        3        3        3        3        3        4        4        4        4        4        4        4        3        3        2        2        2        1        1        1        1        1        1        1        0        0        0        0        0        0        0        0        0        0        0        0        0        0       0
           1       1        1        1        2        2        3        4        5        6        8       10       12       13       12       10        8        6        5        4        3        3        2        2        2        2        2        2        2        2        2        2        2        2        2        2        2        3        3        3        4        4        4        5        5        4        4        3        3        2        2        2        1        1        1        1        1        1        1        1        0        0        0        0        0        0        0        0        1        1        1       1
           0       1        1        1        2        2        3        4        6       10       15       19       19       15       10        7        5        4        3        2        2        2        2        1        1        1        1        1        1        1        2        2        2        2        3        3        4        4        5        5        5        4        4        3        2        2        1        1        1        1        1        0        0        0        0        0        0        0        0        0        0        0        0        0        0        0        0        0        0        0        0       0
