SWAN 1
LOCATIONS
     1
     -67.28  18.38
AFREQ
     56
     0.0300
     0.0400
     0.0500
     0.0600
     0.0700
     0.0800
     0.0900
     0.1000
     0.1100
     0.1200
     0.1300
     0.1400
     0.1500
     0.1600
     0.1700
     0.1800
     0.1900
     0.2000
     0.2100
     0.2200
     0.2300
     0.2400
     0.2500
     0.2600
     0.2700
     0.2800
     0.2900
     0.3000
     0.3100
     0.3200
     0.3300
     0.3400
     0.3500
     0.3600
     0.3700
     0.3800
     0.3900
     0.4000
     0.4100
     0.4200
     0.4300
     0.4400
     0.4500
     0.4600
     0.4700
     0.4800
     0.4900
     0.5000
     0.5100
     0.5200
     0.5300
     0.5400
     0.5500
     0.5600
     0.5700
     0.5800
NDIR
     72
     5.0000
     10.0000
     15.0000
     20.0000
     25.0000
     30.0000
     35.0000
     40.0000
     45.0000
     50.0000
     55.0000
     60.0000
     65.0000
     70.0000
     75.0000
     80.0000
     85.0000
     90.0000
     95.0000
     100.0000
     105.0000
     110.0000
     115.0000
     120.0000
     125.0000
     130.0000
     135.0000
     140.0000
     145.0000
     150.0000
     155.0000
     160.0000
     165.0000
     170.0000
     175.0000
     180.0000
     185.0000
     190.0000
     195.0000
     200.0000
     205.0000
     210.0000
     215.0000
     220.0000
     225.0000
     230.0000
     235.0000
     240.0000
     245.0000
     250.0000
     255.0000
     260.0000
     265.0000
     270.0000
     275.0000
     280.0000
     285.0000
     290.0000
     295.0000
     300.0000
     305.0000
     310.0000
     315.0000
     320.0000
     325.0000
     330.0000
     335.0000
     340.0000
     345.0000
     350.0000
     355.0000
     360.0000
QUANT
     1
VaDens
m2/Hz/degr
     -999.000000
FACTOR
     1.00000E-06
           8       9       10       11       13       15       17       19       21       22       22       21       19       16       14       11       10        8        7        6        5        4        4        3        3        3        3        2        2        2        2        2        2        2        2        2        2        2        2        2        2        2        2        2        2        2        2        2        2        2        2        2        2        3        3        3        3        3        3        3        3        3        4        4        4        4        5        5        5        6        6       7
          51      59       69       80       91      100      103       99       89       75       62       50       41       34       28       23       20       17       15       13       12       11       10        9        9        8        8        8        8        8        8        8        8        8        8        9        9       10       11       11       12       14       15       17       18       21       23       25       27       30       31       33       34       34       33       33       32       31       30       29       28       28       27       28       28       29       30       31       34       37       40      45
         781     738      599      449      330      246      187      146      118       97       81       69       60       53       47       43       39       36       34       32       30       29       28       27       27       26       26       26       26       26       27       27       27       28       29       29       30       31       32       32       33       34       35       36       37       38       39       39       40       42       43       44       46       47       50       52       55       59       64       69       77       86       97      112      131      158      194      245      318      420      555     698
        3491    1811     1072      696      483      352      267      209      168      138      116       99       85       75       67       60       54       50       46       43       41       39       37       36       35       34       34       34       34       34       35       35       36       38       39       41       44       46       50       54       58       63       69       76       84       93      104      116      130      145      163      182      204      227      253      282      315      352      396      448      514      599      715      880     1128     1531     2251     3717     7193    14805    16461    7922
        8980    4436     2607     1702     1193      882      679      539      440      368      314      272      240      214      194      178      165      155      147      141      136      133      131      130      130      132      134      138      144      151      160      171      184      201      221      247      278      316      364      424      499      594      712      857     1031     1229     1439     1637     1793     1884     1905     1870     1801     1722     1649     1593     1560     1556     1584     1653     1772     1961     2251     2705     3443     4737     7310    13681    38630   335223   215294   25884
       31437   14405     7978     4951     3318     2352     1740     1334     1052      850      701      589      504      437      384      342      308      281      259      240      226      214      204      197      191      187      185      184      185      187      191      196      203      213      224      238      256      277      302      333      372      419      477      549      640      756      904     1094     1342     1666     2089     2636     3330     4178     5154     6182     7155     7973     8606     9104     9579    10173    11058    12468    14806    18903    26825    45130   105417   514461   652026  100925
       12432    6494     3886     2538     1763     1283      969      754      602      491      408      345      296      258      227      202      182      166      153      142      133      126      120      115      111      109      107      106      106      106      107      110      113      117      122      128      136      145      156      169      185      204      226      254      287      328      377      437      512      603      715      853     1021     1224     1466     1751     2081     2460     2894     3395     3991     4736     5728     7158     9416    13423    21859    45767   181993   843630   136614   30445
        6449    3986     2656     1870     1374     1044      816      653      533      444      375      321      279      245      218      196      177      162      150      140      131      124      119      114      110      108      106      105      104      105      106      107      110      113      117      123      129      136      145      156      169      184      202      223      248      278      313      356      407      469      544      634      743      875     1036     1232     1472     1768     2140     2616     3243     4104     5353     7298    10631    17133    32268    72305   114157    62317    24588   11623
       18762   10318     5897     3577     2297     1550     1090      794      597      460      363      292      240      200      170      146      127      112       99       89       81       75       69       65       61       58       56       54       52       51       51       51       51       52       53       54       56       58       62       65       70       76       82       91      101      113      129      148      172      203      243      295      364      457      586      766     1026     1405     1971     2825     4113     6008     8637    11936    15615    19430    23596    28865    36018    43648    44081   32333
       18552   14234     7650     3905     2144     1280      819      555      394      290      220      172      138      112       93       79       68       59       52       46       42       38       35       32       30       29       27       26       26       25       25       24       25       25       25       26       27       28       30       31       34       37       40       44       49       56       64       74       87      104      126      156      197      256      340      468      668      996     1560     2571     4379     7195     9929    10494     9244     7869     7043     6832     7272     8565    11192   15519
       18409   13336     7326     3877     2181     1319      851      578      410      302      229      178      142      116       96       81       69       60       52       46       42       38       35       32       30       28       27       26       25       24       24       23       23       24       24       24       25       26       27       29       31       33       36       39       43       48       55       62       72       85      101      122      150      189      242      316      425      588      836     1224     1832     2757     4031     5461     6617     7250     7557     7928     8726    10330    13195   17123
       11481   14128    11329     6222     3179     1738     1033      659      445      315      231      176      137      109       89       74       62       53       46       41       36       33       30       27       25       24       22       21       20       20       19       19       19       19       19       20       20       21       22       23       24       26       28       31       34       38       42       48       56       65       78       94      116      145      186      245      331      462      668     1002     1549     2424     3653     4903     5552     5471     5109     4851     4870     5281     6275    8226
        3569    4290     5238     5950     5547     4077     2604     1619     1034      690      480      347      260      200      158      127      105       88       75       65       57       50       45       41       37       35       32       31       29       28       27       26       26       26       26       26       27       27       28       30       31       33       35       38       42       47       52       59       68       79       93      112      136      170      217      284      383      535      777     1175     1846     2934     4387     5511     5512     4740     3926     3346     3005     2864     2901    3123
        1379    1314     1291     1301     1337     1387     1436     1460     1428     1326     1161      967      777      613      482      380      303      245      201      167      141      120      104       91       81       73       66       60       56       52       49       47       45       44       43       42       42       42       42       43       44       46       48       51       54       58       63       69       77       87       99      115      135      161      197      245      313      411      558      787     1158     1774     2777     4159     5261     5153     4173     3181     2466     1995     1692    1498
        2430    2436     2484     2556     2618     2618     2496     2231     1866     1479     1134      859      652      500      389      307      247      202      167      141      120      104       91       81       72       65       60       55       51       48       46       44       42       41       40       40       39       39       40       41       42       43       45       48       51       54       59       64       71       79       89      101      117      137      162      195      239      297      375      483      631      836     1112     1468     1882     2291     2598     2743     2740     2654     2551    2469
        1048    1171     1377     1707     2216     2897     3431     3187     2282     1439      899      583      396      281      208      158      124       99       82       68       58       50       44       39       35       32       29       27       25       24       23       22       21       21       21       21       21       21       22       22       23       24       26       28       30       33       36       40       45       52       60       70       84      102      126      159      204      268      359      489      666      891     1128     1306     1367     1317     1215     1110     1027      977      961     982
         704     626      573      539      517      505      498      495      490      480      462      433      395      350      302      257      216      181      151      127      108       92       80       69       61       54       49       44       40       37       35       33       31       30       28       28       27       27       27       27       27       28       29       30       32       33       36       39       42       47       52       59       68       79       94      113      140      176      228      305      422      605      901     1367     1998     2531     2547     2117     1625     1249      992     820
        1136     989      878      794      728      674      626      580      532      483      431      378      326      278      236      199      167      141      120      102       88       76       67       59       53       47       43       39       36       33       31       30       28       27       26       25       25       25       25       25       25       26       26       27       29       30       32       35       38       41       45       51       57       66       76       90      107      130      161      203      262      346      467      644      898     1235     1610     1892     1952     1802     1562    1328
         548     590      648      719      796      857      871      814      696      554      425      321      243      187      146      116       94       78       65       55       48       42       37       33       30       27       25       24       22       21       20       20       19       19       19       19       19       19       20       21       21       23       24       26       28       31       34       38       42       49       56       66       78       93      113      140      173      217      271      336      406      474      527      557      564      554      537      519      506      500      504     520
        1566    1864     2056     1981     1642     1220      865      610      438      322      243      188      149      120       99       83       70       60       53       47       42       38       34       32       29       27       26       25       24       23       23       22       22       22       22       22       23       24       24       25       27       28       30       33       35       39       42       47       53       59       67       77       88      102      119      138      161      188      218      252      289      330      373      419      469      524      588      666      764      892     1061    1285
         739     916     1208     1708     2542     3550     3636     2501     1444      845      527      350      246      180      137      108       87       71       60       51       44       39       35       31       29       26       25       23       22       21       20       20       20       20       20       20       20       21       22       23       24       26       27       30       33       36       41       46       53       62       72       86      104      127      156      193      239      294      354      414      464      497      511      509      499      488      481      481      491      516      559     629
        1073    1488     2221     3441     4628     4097     2503     1402      828      526      357      254      189      145      115       93       77       65       56       49       43       39       35       32       29       28       26       25       24       23       22       22       22       22       22       22       23       24       25       26       27       29       32       34       37       41       46       52       58       66       76       88      102      119      139      161      186      212      240      266      291      313      332      351      370      391      418      453      501      571      672     827
        3217    4201     5088     5268     4466     3241     2192     1470     1005      706      510      379      288      224      178      144      118       99       83       71       62       54       48       43       39       35       33       30       28       27       25       24       23       23       22       22       22       22       22       22       23       23       24       25       26       28       30       32       34       38       41       46       51       58       66       76       88      103      121      145      175      213      261      324      404      509      646      826     1065     1384     1819    2415
        1006     967      942      935      946      971     1001     1019      999      925      798      646      501      380      286      217      167      131      104       84       69       58       49       42       36       32       28       26       23       21       20       18       17       16       16       15       15       15       15       15       15       15       15       16       16       17       18       19       21       23       25       28       31       35       40       47       55       66       80       99      124      159      207      273      364      485      636      802      950     1042     1069    1047
         738     707      646      576      509      452      403      362      328      297      270      244      220      197      176      155      136      119      103       90       78       68       59       52       46       41       36       33       30       27       25       23       21       20       19       18       17       17       16       16       16       16       16       16       16       17       17       18       19       20       21       23       25       27       30       33       37       43       49       58       68       82      100      124      156      200      258      334      431      541      647     719
         726     604      512      448      406      380      365      357      351      345      331      307      272      231      188      150      118       93       73       58       47       39       32       27       23       20       17       15       13       12       11       10        9        9        8        8        8        7        7        7        7        7        7        7        7        8        8        9        9       10       11       12       13       14       16       19       22       26       31       38       47       60       79      106      146      209      307      456      656      848      925     857
         677     531      435      372      332      307      292      283      277      271      261      245      222      192      161      132      106       84       67       54       44       36       30       25       22       19       16       14       13       12       11       10        9        8        8        8        7        7        7        7        7        7        7        7        7        7        8        8        9        9       10       11       13       14       16       19       22       26       31       39       49       63       84      116      165      246      383      606      909     1134     1093     882
         367     373      387      411      449      503      573      651      712      716      638      506      373      268      192      141      105       80       63       50       41       34       29       24       21       19       17       15       13       12       11       11       10       10        9        9        9        9        9        9        9        9        9       10       10       11       11       12       13       14       16       18       20       23       26       31       37       44       53       66       82      103      130      165      206      251      295      330      354      364      367     366
         241     219      207      204      211      228      257      303      365      431      460      410      306      207      138       93       65       47       35       27       21       17       14       12       10        8        7        6        6        5        5        4        4        4        4        3        3        3        3        3        3        3        3        3        4        4        4        4        5        5        6        7        7        9       10       12       14       17       21       27       36       47       65       93      134      196      277      354      388      368      322     276
         230     266      287      289      278      261      243      225      210      195      179      163      146      128      109       91       75       61       50       40       33       27       22       19       16       14       12       10        9        8        7        6        6        5        5        5        4        4        4        4        4        4        4        4        4        4        4        4        4        4        5        5        5        6        6        7        8        9       10       12       14       17       20       24       30       38       49       63       83      110      144     186
         440     369      303      254      221      200      188      183      184      190      198      205      207      199      178      148      117       89       68       52       40       31       25       20       16       14       11       10        8        7        7        6        5        5        5        4        4        4        4        4        3        3        3        3        3        4        4        4        4        4        5        5        5        6        7        8        9       10       12       15       18       22       28       37       49       68       97      144      216      319      425     474
         645     399      263      189      146      119      102       90       81       74       69       64       59       54       49       43       37       32       27       23       19       16       14       12       10        9        7        7        6        5        5        4        4        4        3        3        3        3        3        3        3        3        2        3        3        3        3        3        3        3        3        4        4        5        5        6        7        8        9       11       14       17       22       29       39       56       85      137      241      458      804     917
         509     384      289      227      188      163      147      138      132      129      126      123      116      106       93       78       63       50       40       32       25       20       16       14       11       10        8        7        6        5        5        4        4        4        3        3        3        3        3        3        3        3        3        3        3        3        3        3        3        3        4        4        4        5        5        6        7        8       10       12       14       18       23       30       41       58       85      131      212      347      514     589
         145      86       59       44       35       29       26       23       22       22       22       23       24       26       30       34       41       48       55       58       56       48       38       28       21       16       12        9        8        6        5        4        4        3        3        2        2        2        2        2        2        1        1        1        1        1        1        1        1        2        2        2        2        2        2        3        3        4        4        5        6        8       11       14       20       31       50       90      190      406      487     279
         296     222      173      142      123      112      107      106      108      114      120      126      127      119      103       82       63       47       35       26       20       16       12       10        8        7        6        5        4        4        3        3        3        2        2        2        2        2        2        2        2        2        2        2        2        2        2        2        2        2        2        3        3        3        4        4        5        6        7        9       11       14       18       24       34       49       75      119      195      307      395     378
          96      71       56       46       40       37       35       34       35       37       40       45       53       65       82      104      127      133      115       85       58       40       28       20       15       12        9        7        6        5        4        4        3        3        3        2        2        2        2        2        2        2        2        2        2        2        2        2        2        2        2        2        3        3        3        4        5        6        7        8       11       14       19       26       39       61      102      176      270      285      210     139
         314     282      233      189      158      138      124      116      113      112      113      114      114      111      103       90       75       60       47       36       28       22       17       14       11        9        8        7        6        5        4        4        3        3        3        3        2        2        2        2        2        2        2        2        2        2        2        2        2        2        3        3        3        3        4        4        5        6        7        8       10       12       15       19       25       34       47       68      101      153      224     292
          56      65       74       85       98      112      126      137      142      136      121      100       79       61       46       36       28       22       17       14       12       10        8        7        6        5        5        4        4        3        3        3        3        2        2        2        2        2        2        2        2        2        2        2        2        2        2        2        3        3        3        3        3        4        4        5        5        6        7        8        9       11       12       14       17       20       23       27       32       37       43      49
         130     140      132      113       92       75       61       51       44       39       35       32       29       27       26       25       24       23       22       21       20       19       17       16       15       14       12       11       10        9        8        7        7        6        5        5        5        4        4        4        4        3        3        3        3        3        3        3        3        3        3        3        4        4        4        5        5        5        6        7        8        9       11       13       16       20       26       33       44       60       81     107
         111     134      146      144      133      118      105       94       85       79       74       71       69       66       63       60       55       50       44       37       31       26       21       17       14       12       10        8        7        6        5        5        4        4        3        3        3        3        2        2        2        2        2        2        2        2        2        2        2        2        2        2        3        3        3        3        4        4        5        5        6        7        9       10       13       16       20       26       35       47       64      86
          92      88       83       78       75       75       76       80       86       95      105      114      116      107       89       68       50       36       27       20       15       12        9        7        6        5        4        4        3        3        2        2        2        2        2        1        1        1        1        1        1        1        1        1        1        1        1        1        2        2        2        2        2        2        3        3        4        4        5        6        8       10       12       16       21       27       36       48       63       77       89      94
         116      99       84       73       65       61       58       58       59       61       65       69       71       70       64       55       44       34       26       20       15       12        9        7        6        5        4        3        3        3        2        2        2        2        1        1        1        1        1        1        1        1        1        1        1        1        1        1        1        1        2        2        2        2        2        3        3        4        5        6        7        9       11       15       20       27       39       56       80      107      127     129
         193     183      148      116       94       79       70       64       62       62       63       66       68       70       67       61       51       40       31       23       17       13       10        8        6        5        4        3        3        2        2        2        2        1        1        1        1        1        1        1        1        1        1        1        1        1        1        1        1        1        1        1        1        1        2        2        2        2        3        3        4        5        6        8       11       15       20       29       44       69      109     160
          62      57       51       46       43       41       40       41       42       45       48       53       57       59       57       51       42       33       25       19       14       11        9        7        6        5        4        3        3        2        2        2        2        1        1        1        1        1        1        1        1        1        1        1        1        1        1        1        1        1        1        1        2        2        2        2        3        3        4        5        6        7        9       12       15       21       28       37       48       59       65      66
          14      14       14       15       15       16       18       20       23       27       34       43       56       70       79       74       59       42       29       20       15       11        8        7        5        4        4        3        3        2        2        2        2        2        1        1        1        1        1        1        1        1        1        1        1        1        1        2        2        2        2        2        3        3        4        4        5        6        7        9       11       12       14       16       18       18       18       18       17       16       16      15
          30      25       22       20       18       18       17       17       17       18       19       21       23       25       26       27       27       24       21       17       14       11        9        7        6        5        4        3        3        2        2        2        1        1        1        1        1        1        1        1        1        1        1        1        1        1        1        1        1        1        1        1        2        2        2        2        3        4        4        5        7        9       11       15       21       28       37       45       48       46       41      35
          76      64       54       48       44       42       43       45       49       56       67       79       89       87       72       52       35       24       16       12        8        6        5        4        3        2        2        2        1        1        1        1        1        1        1        1        0        0        0        0        0        0        0        0        0        0        0        0        1        1        1        1        1        1        1        1        2        2        3        3        4        5        7        9       13       18       27       40       58       79       91      88
          64      81       91       89       81       72       65       61       58       58       60       64       69       72       72       65       54       41       29       21       15       11        8        6        5        4        3        3        2        2        1        1        1        1        1        1        1        1        0        0        0        0        0        0        0        0        0        0        0        0        0        1        1        1        1        1        1        1        1        2        2        2        3        4        5        6        8       11       16       22       32      46
          89      71       53       41       34       29       26       24       24       24       25       28       31       35       38       40       38       32       25       18       13       10        7        5        4        3        3        2        2        1        1        1        1        1        1        0        0        0        0        0        0        0        0        0        0        0        0        0        0        0        0        0        1        1        1        1        1        1        1        2        2        3        4        5        6        9       13       20       31       49       75      94
          38      32       26       22       19       16       15       14       14       14       15       16       19       22       28       36       46       55       54       43       30       20       13        9        6        5        4        3        2        2        1        1        1        1        1        1        0        0        0        0        0        0        0        0        0        0        0        0        0        0        0        0        0        1        1        1        1        1        1        2        2        2        3        4        5        7       10       15       21       30       38      41
          42      45       45       43       41       38       36       35       34       34       34       35       35       35       34       31       28       24       20       16       13       10        8        7        5        4        4        3        3        2        2        2        1        1        1        1        1        1        1        1        1        1        1        1        1        1        1        1        1        1        1        1        1        1        1        1        2        2        2        3        3        4        5        6        7        9       12       15       19       25       31      37
          15      16       17       19       21       23       27       33       42       56       79      116      162      177      135       83       50       32       21       15       11        8        6        5        4        3        3        2        2        2        2        1        1        1        1        1        1        1        1        1        1        1        1        1        1        1        1        1        1        1        1        2        2        2        2        3        3        3        4        4        5        6        7        8        8        9       10       11       12       13       14      14
          23      21       20       18       18       17       18       19       20       23       28       34       42       51       54       47       35       24       16       11        8        5        4        3        2        2        1        1        1        1        1        1        0        0        0        0        0        0        0        0        0        0        0        0        0        0        0        0        0        0        0        0        0        1        1        1        1        1        2        2        2        3        4        5        7       10       13       17       21       24       26      25
          11      13       16       19       23       29       35       43       52       62       68       70       66       56       46       36       28       21       17       13       11        9        7        6        5        4        4        3        3        2        2        2        2        2        1        1        1        1        1        1        1        1        1        1        1        1        1        1        1        1        1        1        1        1        1        1        1        2        2        2        2        2        3        3        3        4        4        5        6        7        8      10
           8       9       10       11       13       16       20       26       36       52       77      105      109       81       51       32       21       15       11        8        6        5        4        3        3        2        2        2        2        1        1        1        1        1        1        1        1        1        1        1        1        1        1        1        1        1        1        1        1        1        2        2        2        2        2        3        3        3        3        4        4        4        5        5        5        5        5        6        6        6        7       7
          66      76       63       45       32       24       19       16       14       13       13       13       13       14       16       19       24       31       42       52       54       44       30       19       13        8        6        4        3        2        2        1        1        1        1        1        1        0        0        0        0        0        0        0        0        0        0        0        0        0        0        0        0        0        0        0        0        1        1        1        1        1        2        2        3        4        5        7       10       16       26      43
