SWAN 1
LOCATIONS
     1
     681726.07 2033118.57
AFREQ
     56
     0.0300
     0.0400
     0.0500
     0.0600
     0.0700
     0.0800
     0.0900
     0.1000
     0.1100
     0.1200
     0.1300
     0.1400
     0.1500
     0.1600
     0.1700
     0.1800
     0.1900
     0.2000
     0.2100
     0.2200
     0.2300
     0.2400
     0.2500
     0.2600
     0.2700
     0.2800
     0.2900
     0.3000
     0.3100
     0.3200
     0.3300
     0.3400
     0.3500
     0.3600
     0.3700
     0.3800
     0.3900
     0.4000
     0.4100
     0.4200
     0.4300
     0.4400
     0.4500
     0.4600
     0.4700
     0.4800
     0.4900
     0.5000
     0.5100
     0.5200
     0.5300
     0.5400
     0.5500
     0.5600
     0.5700
     0.5800
NDIR
     72
     5.0000
     10.0000
     15.0000
     20.0000
     25.0000
     30.0000
     35.0000
     40.0000
     45.0000
     50.0000
     55.0000
     60.0000
     65.0000
     70.0000
     75.0000
     80.0000
     85.0000
     90.0000
     95.0000
     100.0000
     105.0000
     110.0000
     115.0000
     120.0000
     125.0000
     130.0000
     135.0000
     140.0000
     145.0000
     150.0000
     155.0000
     160.0000
     165.0000
     170.0000
     175.0000
     180.0000
     185.0000
     190.0000
     195.0000
     200.0000
     205.0000
     210.0000
     215.0000
     220.0000
     225.0000
     230.0000
     235.0000
     240.0000
     245.0000
     250.0000
     255.0000
     260.0000
     265.0000
     270.0000
     275.0000
     280.0000
     285.0000
     290.0000
     295.0000
     300.0000
     305.0000
     310.0000
     315.0000
     320.0000
     325.0000
     330.0000
     335.0000
     340.0000
     345.0000
     350.0000
     355.0000
     360.0000
QUANT
     1
VaDens
m2/Hz/degr
     -999.000000
FACTOR
     1.00000E-06
          19      24       28       30       31       29       25       20       17       13       11        9        7        6        5        5        4        4        4        3        3        3        3        3        3        2        2        2        2        3        3        3        3        3        3        3        3        3        4        4        4        4        4        4        4        4        4        4        4        4        4        4        4        4        4        4        4        4        4        4        4        4        5        5        6        6        7        8        9       11       13      16
         229     312      344      290      205      140       98       71       54       43       35       29       25       22       20       18       17       16       15       14       14       14       14       15       15       16       17       18       19       21       24       27       30       35       40       45       51       55       58       59       57       52       47       42       37       32       29       25       23       21       19       18       17       17       16       16       16       16       17       17       18       20       22       24       28       32       38       47       60       79      110     157
         784     690      479      314      212      150      112       87       70       58       50       43       39       35       32       30       29       27       27       26       26       26       27       27       28       30       31       33       35       37       40       43       45       47       49       51       51       50       49       47       45       42       39       37       34       32       30       29       28       27       26       26       25       26       26       27       28       29       31       34       37       42       48       56       67       82      105      139      194      284      434     642
       11065    5848     2600     1373      838      564      407      310      245      201      169      145      127      113      102       93       86       81       77       73       71       68       67       66       65       65       65       65       66       67       68       69       70       71       72       73       74       75       76       77       77       77       77       78       78       78       78       78       79       80       81       83       85       89       92       97      104      111      121      134      150      171      199      237      290      368      487      685     1042     1778     3573    8119
       82625   36963    17891     9951     6143     4086     2874     2109     1602     1252     1001      818      680      574      492      427      376      334      300      272      249      230      214      201      190      181      174      169      164      161      159      159      159      160      163      166      171      177      185      194      205      218      233      251      273      298      328      363      405      455      514      585      669      770      892     1038     1214     1426     1684     1998     2385     2868     3486     4296     5403     6990     9418    13460    20966    36948    73682  117824
      128200   48912    22286    11969     7196     4686     3237     2340     1756     1358     1078      874      724      609      521      452      397      353      318      289      266      247      231      218      208      200      194      189      186      185      185      186      189      194      200      208      218      231      246      265      287      315      349      390      441      503      582      681      807      969     1179     1456     1822     2308     2956     3811     4915     6285     7884     9601    11287    12833    14255    15720    17525    20131    24320    31685    46138    79149   162269  240824
       47402   24266    13860     8595     5675     3935     2838     2116     1622     1274     1021      835      694      586      501      435      382      339      304      276      252      233      217      204      193      185      178      172      169      166      165      165      166      168      172      177      184      192      203      215      231      249      272      299      332      372      421      482      558      653      774      930     1132     1398     1751     2227     2874     3761     4986     6678     9007    12190    16504    22358    30492    42496    62113    98667   172919   273248   225516  104896
       17692    8804     5098     3251     2218     1592     1189      917      726      588      487      410      350      304      267      238      214      195      179      166      155      147      140      134      130      127      125      124      124      125      127      130      134      139      146      154      164      176      190      207      229      254      285      324      371      429      501      592      707      852     1034     1265     1552     1906     2329     2820     3367     3951     4557     5186     5864     6654     7669     9107    11340    15177    22726    41153   107797   375316   203496   46705
       83445   34488    15108     7638     4329     2672     1760     1219      880      657      505      398      320      263      219      186      160      140      123      110       99       91       83       78       73       69       66       63       61       60       59       59       59       59       60       62       64       67       70       74       79       86       93      103      114      128      146      168      196      231      278      340      424      540      705      945     1308     1878     2814     4426     7328    12650    21768    33582    41614    42455    40866    41552    47466    63301    97723  128990
       14097    6911     3855     2361     1549     1072      774      579      445      351      283      233      195      165      142      124      110       98       89       81       75       69       65       62       59       57       55       54       53       53       53       53       54       55       57       59       62       66       70       76       82       90      100      112      126      145      167      196      233      281      344      428      542      699      918     1227     1664     2281     3130     4242     5591     7080     8602    10171    12015    14653    19149    28008    47600    82002    75472   33538
       25227   12816     6968     4103     2587     1725     1203      872      652      501      395      317      260      217      183      157      137      120      107       96       87       80       74       69       65       62       59       57       56       55       54       54       54       55       56       57       59       62       65       69       74       80       87       95      106      118      134      154      178      209      249      301      370      461      586      758     1001     1349     1854     2590     3661     5183     7252     9885    13030    16718    21347    27970    38491    53861    62938   47211
       22158   10497     5650     3369     2167     1477     1053      779      593      464      371      303      252      212      182      158      138      123      110      100       91       85       79       74       70       67       65       63       61       61       60       60       61       62       63       65       67       70       74       79       85       91      100      109      121      136      154      175      202      236      278      331      398      485      598      744      934     1181     1501     1911     2431     3084     3903     4944     6321     8271    11306    16617    27182    48967    70853   49136
       20871   11850     6948     4360     2913     2048     1501     1138      887      708      577      479      404      346      300      263      234      209      190      173      160      149      140      132      126      121      117      113      111      110      109      109      110      111      113      116      120      125      131      138      146      156      167      181      197      215      237      263      294      329      372      422      482      552      636      736      855      998     1170     1379     1637     1960     2376     2927     3690     4795     6492     9277    14118    22402    32224   31877
       37033   18217     8275     4326     2552     1642     1126      811      606      468      370      300      247      208      177      153      134      119      106       96       88       81       75       71       67       64       61       59       58       57       56       56       56       56       57       59       60       63       66       69       73       78       84       91       99      109      120      134      150      169      192      220      253      293      340      397      465      547      643      759      898     1067     1275     1541     1890     2375     3089     4225     6218    10189    19171   36230
       13340    7584     4274     2556     1626     1091      765      555      415      319      250      201      164      135      114       97       84       73       64       57       52       47       43       40       37       35       33       31       30       29       29       28       28       28       28       28       29       29       30       32       33       35       37       40       43       47       52       57       64       72       82       94      109      128      152      182      221      270      335      420      533      684      890     1174     1575     2157     3037     4439     6803    10856    16479   18551
        5845    7294     6359     4070     2386     1446      931      633      452      336      257      203      164      135      113       97       84       73       65       58       53       49       45       42       40       38       36       35       34       34       33       33       34       34       35       36       37       39       41       43       46       50       54       59       65       72       81       91      104      118      136      158      183      213      247      287      331      379      431      486      543      602      667      739      826      935     1079     1282     1579     2038     2783    4015
        1997    1804     1463     1117      837      631      484      379      304      248      207      175      151      132      117      105       95       87       80       75       71       68       65       63       61       60       60       59       60       60       61       63       65       67       70       74       78       83       88       95      102      110      118      128      138      149      161      173      185      198      210      222      234      245      257      270      283      298      315      336      362      394      434      485      552      640      758      917     1127     1394     1695    1941
        1769    1121      673      422      280      197      144      110       87       70       58       49       42       37       32       29       27       24       23       21       20       20       19       19       18       18       18       19       19       20       21       22       24       25       28       31       34       39       44       51       61       72       88      109      137      174      222      281      348      409      449      456      434      396      356      320      291      270      256      249      248      255      269      293      330      388      478      622      861     1256     1812    2149
         984     513      293      184      125       90       68       53       43       36       30       26       23       20       18       17       16       15       14       14       13       13       13       13       13       13       14       15       16       17       18       20       22       25       29       33       39       48       59       74       95      124      164      214      267      305      311      285      244      203      169      143      124      110      100       93       89       87       87       89       94      102      114      131      158      199      266      384      612     1072     1743    1708
         549     361      243      170      124       94       73       58       48       40       34       30       26       23       21       19       18       16       16       15       14       14       14       14       14       14       14       15       15       16       17       18       20       22       24       27       31       36       42       51       62       78      100      132      180      252      358      504      663      757      729      620      501      406      337      289      257      236      224      220      223      233      252      283      331      403      514      680      899     1085     1060     816
         354     264      194      145      111       86       69       56       47       40       34       30       26       24       22       20       18       17       16       16       15       15       15       15       15       15       15       16       16       17       18       20       21       23       26       29       33       37       43       51       60       71       85      101      120      141      161      177      188      191      188      180      171      161      153      147      143      141      141      145      152      162      178      200      231      273      330      401      477      530      524     453
         525     473      370      269      194      142      106       82       65       53       44       37       32       28       25       23       21       19       18       17       16       16       15       15       15       15       15       16       16       17       18       19       20       22       24       26       29       33       37       42       48       55       63       71       79       87       94       98      100       99       97       94       90       86       83       80       79       78       78       80       83       87       94      103      116      134      159      195      245      315      403     490
         956     751      517      351      245      179      136      107       86       72       61       53       47       42       39       36       33       32       30       29       29       29       29       29       29       30       31       33       34       36       39       42       45       49       53       57       61       65       69       72       74       75       75       74       72       70       67       64       62       59       58       56       55       55       55       56       58       60       63       68       74       82       93      108      128      157      199      263      362      517      736     944
         540     330      222      159      121       95       77       65       55       48       43       39       36       33       31       30       29       28       28       27       27       28       28       29       30       32       33       35       38       40       43       46       50       53       56       60       62       64       66       66       66       64       63       61       59       57       56       54       53       53       53       53       54       55       58       61       65       71       79       90      105      126      156      202      275      405      657     1208     2371     3181     2026     996
        1823    1248      858      604      439      329      253      199      160      131      109       92       79       69       60       54       48       44       40       37       34       32       31       29       28       27       27       26       26       26       26       26       26       27       28       29       30       31       33       35       38       40       44       48       53       58       64       72       81       91      103      118      135      155      178      205      237      274      318      371      435      515      615      746      923     1167     1511     1984     2566     3056     3074    2534
         461     564      684      790      831      771      638      491      367      275      209      162      128      104       86       72       61       53       47       41       37       34       31       29       27       26       24       23       23       22       22       22       22       22       22       23       23       24       25       26       28       30       32       34       37       40       43       47       52       57       62       68       74       81       88       94      101      108      115      121      128      135      143      152      163      176      192      212      239      273      319     380
        7885    5401     2045      936      519      326      223      162      123       97       79       66       56       48       42       38       34       31       29       27       26       24       23       23       22       22       22       22       22       22       23       23       24       25       26       27       29       30       32       34       37       39       42       44       47       50       53       55       58       61       63       66       68       71       74       77       80       85       90       97      106      117      132      152      180      219      278      372      535      854     1596    3735
        1770    4355    11919     9701     3272     1403      761      475      325      238      182      145      119      100       86       75       66       60       54       50       47       44       42       40       38       37       36       36       35       35       35       35       35       36       36       37       38       38       39       40       41       42       43       44       44       45       46       47       48       49       50       52       53       55       57       59       62       65       70       75       81       89       99      112      129      151      182      226      292      397      579     935
        4796    9057     7010     2961     1369      748      460      307      218      162      125       99       81       67       57       49       42       38       34       30       28       26       24       22       21       20       20       19       19       18       18       18       19       19       19       20       21       21       22       24       25       27       29       31       34       37       41       45       49       55       61       67       75       83       92      101      112      123      136      149      165      183      204      231      265      311      374      467      611      853     1307    2297
        1351    3488    10814     7880     2294      947      504      311      211      153      116       92       75       63       53       47       41       37       34       31       29       27       26       25       24       24       24       24       24       24       25       25       26       27       29       30       32       34       36       39       42       45       48       51       54       57       59       61       63       64       65       66       66       67       67       68       69       70       72       75       78       84       90       99      111      127      150      182      230      308      443     710
        2849    4196     4325     2907     1646      950      584      381      262      187      138      105       82       65       53       44       36       31       26       23       20       18       16       14       13       12       11       11       10        9        9        9        8        8        8        8        8        8        8        8        9        9        9       10       10       11       12       13       14       15       17       19       22       25       28       33       38       45       53       64       77       95      117      146      185      237      308      408      554      779     1143    1772
        1836    2966     3894     3325     2081     1233      767      508      354      258      195      151      120       97       80       67       57       49       42       37       33       29       27       24       22       20       19       18       17       16       15       15       14       14       13       13       13       13       13       13       13       14       14       15       15       16       17       18       19       20       22       24       26       29       32       36       40       46       52       60       70       82       97      116      142      175      220      284      376      517      745    1136
         482     743     1336     2895     5044     3155     1252      583      321      199      133       95       70       54       43       35       29       24       21       18       16       14       13       12       11       10       10        9        9        9        8        8        8        8        8        8        9        9        9       10       10       11       12       13       14       15       17       18       21       23       26       30       34       39       45       51       58       66       73       81       89       97      105      113      122      133      146      163      186      219      268     347
         887    1041     1141     1135     1014      827      639      481      361      274      210      164      130      105       85       71       59       51       43       38       33       29       26       24       22       20       18       17       16       15       15       14       14       13       13       13       13       13       13       13       13       14       14       15       16       16       18       19       20       22       24       26       29       33       37       42       48       55       63       74       87      102      122      145      175      211      257      314      386      477      590     729
         820    1293     1659     1508     1079      732      513      378      291      233      192      162      140      122      107       95       84       75       67       60       54       48       43       39       35       31       28       25       23       21       19       18       16       15       14       13       13       12       11       11       11       10       10       10       10       10       10       10       11       11       11       12       13       14       15       16       17       19       21       24       28       32       38       45       55       68       87      114      154      218      323     504
         646     943     1440     1974     1825     1129      621      357      221      146      102       74       56       43       35       28       23       20       17       15       13       11       10        9        9        8        7        7        7        6        6        6        6        6        6        6        6        6        6        7        7        7        8        9        9       10       11       13       14       16       18       21       24       29       34       40       47       56       67       80       94      109      126      143      161      180      201      227      260      306      372     476
         556     694      899     1183     1459     1469     1127      726      449      284      188      130       94       70       53       42       34       28       23       19       17       14       13       11       10        9        8        8        7        7        7        6        6        6        6        6        6        6        6        6        6        7        7        7        8        8        9       10       11       12       14       15       18       21       24       28       34       41       49       60       74       91      112      136      164      195      228      263      301      343      394     462
         714     826      875      861      804      728      645      562      481      403      331      267      212      168      132      104       83       67       54       44       37       31       26       22       19       17       15       13       12       11       10        9        8        8        7        7        7        7        6        6        6        6        6        6        7        7        7        7        8        8        9       10       11       12       13       15       17       19       22       26       32       38       47       59       74       96      127      170      231      316      430     570
        1089     963      661      449      327      256      213      187      171      161      156      153      151      147      140      128      113       95       78       62       50       39       32       25       21       17       14       12       10        9        8        7        6        6        5        5        4        4        4        4        4        4        4        3        4        4        4        4        4        4        4        5        5        5        6        7        8        9       10       12       14       17       21       27       35       47       66       97      151      252      449     793
         824     783      676      567      477      410      361      323      292      264      238      211      184      157      132      109       89       72       59       48       40       33       28       23       20       17       15       13       12       11       10        9        8        8        7        7        6        6        6        6        6        6        6        6        6        6        6        7        7        7        8        9        9       10       11       13       15       17       20       24       28       35       44       56       73       97      134      190      276      404      575     743
         362     268      207      170      148      136      130      131      139      153      179      218      279      359      427      413      313      205      131       86       59       42       31       23       18       15       12       10        8        7        6        6        5        5        4        4        4        3        3        3        3        3        3        3        3        3        3        3        3        4        4        4        5        5        6        7        8        9       11       13       17       21       27       37       51       74      113      182      300      459      549     484
         251     285      309      322      328      330      332      335      341      346      347      339      316      279      232      185      144      110       85       66       51       41       33       27       22       19       16       14       12       11        9        8        8        7        7        6        6        5        5        5        5        5        5        5        5        5        5        5        5        6        6        7        7        8        8        9       10       12       14       16       18       22       26       32       40       50       63       80      104      133      170     210
         270     274      272      269      268      272      284      303      329      357      377      373      334      270      203      147      106       77       57       43       34       27       21       18       15       12       11        9        8        7        6        6        5        5        5        4        4        4        4        4        4        4        4        4        4        4        4        4        5        5        5        6        6        7        8        9       10       12       14       17       20       25       30       39       50       65       85      112      146      185      223     253
         489     464      391      323      274      244      230      228      238      263      306      370      448      501      465      348      229      147       96       65       46       34       25       20       16       13       10        9        7        6        6        5        4        4        4        3        3        3        3        3        3        3        3        3        3        3        3        3        3        3        3        4        4        4        5        5        6        7        8       10       12       14       18       23       30       41       57       83      125      194      298     419
         403     413      360      295      243      206      183      169      162      159      160      161      161      154      140      120       97       76       58       44       34       26       21       17       13       11        9        8        7        6        5        5        4        4        3        3        3        3        3        2        2        2        2        2        2        2        2        2        3        3        3        3        3        4        4        5        5        6        7        8       10       12       15       19       25       33       45       64       94      143      219     319
         353     255      184      142      117      104       97       97      102      112      131      159      195      226      220      172      116       75       49       33       23       17       13       10        8        6        5        4        4        3        3        2        2        2        2        2        1        1        1        1        1        1        1        1        1        1        1        1        1        1        2        2        2        2        2        3        3        4        4        5        7        8       11       14       20       28       41       64      108      189      316     403
         174     221      264      297      316      324      327      326      319      304      276      236      189      144      107       79       58       43       33       25       20       16       13       10        9        7        6        5        5        4        4        3        3        3        3        2        2        2        2        2        2        2        2        2        2        2        2        2        2        2        2        3        3        3        4        4        4        5        6        7        8       10       12       15       18       23       30       40       53       71       97     131
         186     285      387      403      322      229      161      118       90       72       59       50       43       37       33       30       27       25       23       21       19       18       16       15       14       13       11       11       10        9        8        7        7        6        6        5        5        5        5        4        4        4        4        4        4        4        4        4        4        4        4        4        4        5        5        5        6        6        7        8        9       10       11       14       16       20       25       32       42       57       81     121
         190     187      167      142      121      106       95       87       83       81       81       83       85       87       88       86       80       71       60       48       38       30       24       19       15       12       10        9        7        6        5        5        4        4        3        3        3        3        2        2        2        2        2        2        2        2        2        2        2        2        3        3        3        3        4        4        5        5        6        7        8       10       12       15       20       26       34       47       66       94      130     167
          99      87       77       70       66       64       64       66       71       79       90      104      120      132      133      117       92       67       48       35       26       19       15       12        9        8        6        5        5        4        3        3        3        3        2        2        2        2        2        2        2        2        2        2        2        2        2        2        2        2        2        3        3        3        4        4        5        6        7        9       11       14       18       24       32       44       61       82      103      118      120     112
          51      48       46       45       46       49       54       63       78      103      144      207      261      232      149       86       51       32       22       15       11        8        7        5        4        3        3        2        2        2        2        1        1        1        1        1        1        1        1        1        1        1        1        1        1        1        1        1        1        1        2        2        2        2        3        3        4        5        6        7        9       11       15       19       26       34       43       53       59       61       59      55
          72      94      123      162      210      257      282      264      215      159      114       82       59       44       33       26       20       16       13       11        9        7        6        5        5        4        4        3        3        3        2        2        2        2        2        2        2        2        2        2        2        2        2        2        2        2        2        2        2        2        2        2        3        3        3        4        4        4        5        6        7        8        9       11       13       16       19       23       28       35       44      56
          76      87       95       99      101      102      103      104      106      109      111      112      108      100       87       72       57       45       34       26       21       16       13       10        9        7        6        5        4        4        3        3        3        2        2        2        2        2        2        2        2        1        1        1        1        1        2        2        2        2        2        2        2        2        3        3        3        4        4        5        6        7        8       10       13       16       20       25       32       41       52      64
          32      27       23       20       18       18       17       18       19       20       23       28       34       45       59       76       84       72       51       33       22       15       10        7        6        4        3        3        2        2        2        1        1        1        1        1        1        1        1        1        1        1        1        1        1        1        1        1        1        1        1        1        1        1        1        2        2        3        3        4        5        6        9       12       17       24       34       47       56       56       49      40
          27      26       25       25       26       27       29       33       38       45       53       62       66       61       49       36       25       18       13       10        7        6        4        3        3        2        2        2        1        1        1        1        1        1        1        1        1        1        1        1        1        1        1        1        1        1        1        1        1        1        1        1        1        2        2        2        3        3        4        5        6        8       10       13       17       21       25       29       31       31       30      29
          26      21       18       16       14       14       13       14       14       16       18       22       27       35       47       59       64       54       38       25       16       11        8        6        4        3        3        2        2        1        1        1        1        1        1        1        0        0        0        0        0        0        0        0        0        0        0        0        0        1        1        1        1        1        1        1        2        2        3        3        4        6        8       12       17       27       41       57       65       58       45      34
