SWAN 1
LOCATIONS
     1
     681726.07 2033118.57
AFREQ
     56
     0.0300
     0.0400
     0.0500
     0.0600
     0.0700
     0.0800
     0.0900
     0.1000
     0.1100
     0.1200
     0.1300
     0.1400
     0.1500
     0.1600
     0.1700
     0.1800
     0.1900
     0.2000
     0.2100
     0.2200
     0.2300
     0.2400
     0.2500
     0.2600
     0.2700
     0.2800
     0.2900
     0.3000
     0.3100
     0.3200
     0.3300
     0.3400
     0.3500
     0.3600
     0.3700
     0.3800
     0.3900
     0.4000
     0.4100
     0.4200
     0.4300
     0.4400
     0.4500
     0.4600
     0.4700
     0.4800
     0.4900
     0.5000
     0.5100
     0.5200
     0.5300
     0.5400
     0.5500
     0.5600
     0.5700
     0.5800
NDIR
     72
     5.0000
     10.0000
     15.0000
     20.0000
     25.0000
     30.0000
     35.0000
     40.0000
     45.0000
     50.0000
     55.0000
     60.0000
     65.0000
     70.0000
     75.0000
     80.0000
     85.0000
     90.0000
     95.0000
     100.0000
     105.0000
     110.0000
     115.0000
     120.0000
     125.0000
     130.0000
     135.0000
     140.0000
     145.0000
     150.0000
     155.0000
     160.0000
     165.0000
     170.0000
     175.0000
     180.0000
     185.0000
     190.0000
     195.0000
     200.0000
     205.0000
     210.0000
     215.0000
     220.0000
     225.0000
     230.0000
     235.0000
     240.0000
     245.0000
     250.0000
     255.0000
     260.0000
     265.0000
     270.0000
     275.0000
     280.0000
     285.0000
     290.0000
     295.0000
     300.0000
     305.0000
     310.0000
     315.0000
     320.0000
     325.0000
     330.0000
     335.0000
     340.0000
     345.0000
     350.0000
     355.0000
     360.0000
QUANT
     1
VaDens
m2/Hz/degr
     -999.000000
FACTOR
     1.00000E-06
          24      36       50       56       44       29       18       12        8        6        4        3        3        2        2        1        1        1        1        1        1        1        1        0        0        0        0        0        0        0        0        1        1        1        1        1        1        1        1        1        1        2        2        2        2        3        3        3        3        4        4        4        4        4        3        3        3        3        3        3        3        3        3        4        4        5        5        6        7        9       12      16
         161     131      101       77       59       47       37       31       26       22       19       17       15       14       13       12       11       11       10       10       10        9        9        9        9        9        9        9       10       10       10       10       10       11       11       11       11       11       11       11       11       11       11       11       11       11       11       11       11       11       12       12       12       13       13       14       15       17       18       20       23       26       30       36       43       53       68       87      113      144      171     178
         170     173      165      147      125      103       84       68       56       46       38       32       27       24       21       18       16       15       13       12       11       10       10        9        9        8        8        8        8        8        8        8        8        8        8        8        8        8        9        9        9       10       10       11       12       12       13       14       15       16       18       19       20       22       24       26       28       30       33       36       39       43       48       54       60       68       78       90      105      121      140     157
         546     684      737      650      494      353      252      184      139      109       87       71       60       51       45       40       36       33       30       28       27       26       25       24       24       23       24       24       24       25       26       27       28       30       32       34       37       40       44       47       51       55       59       63       66       69       71       72       72       71       70       69       68       67       66       65       65       65       66       68       71       75       80       88       97      110      128      152      186      234      306     409
        1616    1602     1232      833      554      381      273      203      157      125      102       85       73       63       56       50       45       42       39       36       34       33       32       31       31       31       31       31       32       33       34       35       37       40       42       46       49       54       59       65       71       78       86       94      102      110      117      122      127      129      131      131      131      130      130      130      131      133      136      141      148      158      172      191      217      253      303      377      488      659      922    1286
        2653    1676     1128      797      586      446      348      278      227      189      159      137      119      104       93       83       76       70       65       60       57       54       52       50       49       48       47       47       47       48       48       50       51       54       56       59       63       68       74       80       89       98      110      125      143      165      192      226      268      320      387      470      574      703      861     1052     1280     1546     1856     2221     2666     3237     4024     5206     7152    10688    17573    28508    30385    17803     8678    4560
        9137    5619     3716     2593     1886     1419     1098      870      704      580      485      413      356      310      274      244      220      201      184      171      160      151      143      137      133      129      126      125      124      124      125      127      130      134      139      146      153      163      174      188      205      224      248      277      312      354      407      471      551      652      779      939     1145     1408     1747     2184     2750     3482     4433     5680     7343     9643    13012    18399    28203    49977   117976   447712   485374   106364    35569   16529
       10268    7404     5501     4180     3231     2535     2015     1621     1319     1086      903      759      645      553      479      419      370      329      296      268      244      225      209      195      183      174      166      160      155      151      148      147      146      147      148      151      154      159      165      173      182      194      207      224      244      268      297      332      375      429      496      581      690      830     1016     1266     1611     2097     2807     3886     5609     8549    14055    25858    57158   170084   423685   235557    83554    39862    23050   14877
       32720   21707    13467     8320     5284     3485     2389     1696     1244      938      725      574      463      380      318      269      232      202      178      158      143      130      119      111      104       98       93       90       87       85       83       82       82       83       84       86       88       92       96      102      108      116      126      138      153      171      193      221      256      301      359      435      538      678      874     1158     1580     2236     3302     5130     8476    15026    28410    53435    82105    87640    74251    61788    54859    51674    49012   43055
       99278  180814   117015    38887    15415     7517     4209     2592     1711     1190      864      649      502      398      322      266      224      191      165      145      129      115      105       96       89       83       78       75       72       69       68       66       66       66       66       67       69       71       74       78       82       88       95      103      113      126      141      161      185      217      257      310      380      477      613      809     1103     1562     2318     3650     6197    11584    24113    51302    77711    66601    46361    35201    30846    31275    37120   53547
       27188   48868   123014   196750    69876    21968     9498     4995     2969     1919     1318      949      710      548      434      351      291      244      209      181      159      142      128      116      107       99       93       88       84       81       79       77       76       76       76       77       78       81       84       88       92       98      106      115      126      140      157      178      204      238      282      340      417      522      670      884     1204     1704     2523     3944     6550    11477    19964    29160    30536    25026    19576    16198    14582    14378    15641   19099
       20419   34495    66068    79200    38453    15488     7371     4064     2486     1639     1143      833      630      490      391      319      266      225      193      169      149      133      121      110      102       95       90       85       82       79       77       76       75       75       76       77       79       81       85       89       95      101      109      120      132      147      166      190      221      260      311      378      470      598      779     1048     1457     2108     3190     5045     8213    12975    17648    18769    16443    13541    11437    10247     9845    10203    11507   14360
       46981   58695    48691    28604    15514     8836     5396     3506     2398     1711     1264      962      751      599      488      404      340      290      251      220      195      175      158      144      133      124      116      110      105      101       98       96       94       93       93       94       95       97      100      103      108      113      120      129      139      151      165      183      204      230      262      301      351      412      490      590      717      883     1099     1381     1749     2229     2850     3642     4640     5885     7443     9438    12118    15984    22012   31934
       11320   21143    50877    77903    33160    11693     5342     2919     1790     1188      836      615      469      369      297      245      205      175      152      133      119      107       97       90       83       78       74       71       69       67       66       65       65       65       66       68       70       72       76       80       86       93      101      111      123      138      157      181      211      249      299      363      449      565      720      931     1212     1578     2025     2514     2964     3289     3448     3476     3445     3423     3465     3617     3933     4507     5523    7409
       12636   22192    37254    34288    16951     7889     4164     2461     1583     1084      779      583      450      357      289      239      202      173      150      132      118      106       96       89       82       77       73       70       67       65       64       63       63       63       63       65       66       68       71       75       79       85       91       99      109      121      135      152      174      200      233      274      326      392      475      580      711      872     1066     1288     1531     1782     2027     2259     2482     2715     2986     3341     3848     4626     5900    8166
       14992   17660    19181    17820    13795     9407     6120     4001     2687     1864     1336      986      748      581      461      373      307      257      218      188      164      144      129      116      105       97       90       84       79       75       72       70       68       66       66       65       65       66       67       69       71       74       78       83       88       95      103      113      124      139      156      178      205      238      280      334      404      494      612      770      979     1260     1635     2133     2779     3594     4584     5740     7056     8552    10305   12432
       12365   17781    20993    16856    10191     5809     3459     2190     1466     1028      749      564      436      346      280      230      193      164      141      123      109       97       88       80       74       68       64       60       57       55       53       52       51       50       50       50       51       52       53       55       57       60       63       67       72       77       84       93      103      115      129      147      169      196      229      270      321      385      465      566      691      847     1039     1274     1561     1910     2340     2885     3605     4612     6115    8498
        6637   12958    28460    33712    15264     6304     3148     1816     1155      788      566      423      327      259      211      174      147      126      109       96       86       77       70       64       60       56       53       50       48       46       45       44       44       43       44       44       45       46       47       49       51       54       57       61       65       71       77       85       94      104      117      132      149      170      195      224      258      297      343      396      456      525      604      695      802      933     1097     1313     1613     2059     2775    4045
        8523   17462    24579    14196     6147     3049     1742     1101      747      536      400      309      246      200      166      140      120      105       92       82       74       68       62       58       54       51       49       47       45       44       44       43       43       43       44       45       46       47       49       51       54       57       61       66       71       78       85       94      104      116      130      146      165      187      212      240      273      309      350      396      447      505      571      649      745      866     1025     1247     1573     2087     2971    4684
        4576    4950     5047     4766     4136     3329     2543     1890     1395     1034      777      592      459      362      291      237      196      164      139      120      104       92       81       73       66       61       56       52       49       46       44       42       41       40       39       39       38       39       39       40       41       42       44       46       49       52       55       60       65       72       80       90      101      116      134      156      184      219      264      321      395      491      616      777      985     1248     1574     1968     2427     2943     3497    4060
        2600    4119     7407    13664    15290     8285     3835     1998     1172      751      514      369      276      213      169      137      113       95       81       71       62       55       49       45       41       38       35       33       32       30       29       28       28       27       27       27       27       28       29       29       30       32       33       35       38       41       44       48       52       58       65       72       82       93      106      121      140      162      187      218      253      293      340      394      456      529      618      728      872     1070     1359    1815
        4295    4501     4801     5306     6065     6920     7221     6204     4333     2705     1661     1049      691      474      338      249      189      147      117       95       78       66       56       48       42       37       33       30       28       25       24       22       21       20       19       19       19       18       18       18       18       19       19       20       21       22       23       25       27       29       32       36       41       46       53       62       73       88      107      133      169      218      287      388      537      760     1092     1573     2214     2943     3596    4039
        2186    2632     3380     4676     6761     8628     7352     4293     2282     1279      774      501      342      244      181      138      109       87       71       59       50       43       38       33       30       27       24       22       21       19       18       18       17       16       16       16       16       16       16       16       17       17       18       19       20       21       23       25       28       31       34       39       45       52       61       72       87      107      132      167      213      275      360      472      615      789      984     1181     1364     1532     1700    1901
        2492    4966    13410    26624    11907     3971     1797      989      614      414      295      220      170      135      109       91       76       66       57       50       45       40       37       34       31       29       28       26       25       24       24       23       23       23       23       23       24       24       25       26       27       28       30       31       34       36       39       42       46       51       56       63       70       78       87       98      110      124      140      158      179      202      229      261      300      347      408      490      603      773     1043    1520
        2013    3097     5502    10768    13459     7084     2999     1465      822      509      338      237      174      131      102       82       67       55       47       40       35       30       27       24       22       20       19       18       17       16       15       15       14       14       14       14       14       14       14       15       15       16       17       18       19       20       22       24       26       29       33       38       43       50       58       68       81       96      116      141      171      209      254      307      370      442      525      623      743      898     1116    1449
        1589    1836     2248     2983     4352     6681     8304     6003     3057     1548      859      521      339      233      167      124       95       75       61       50       42       35       30       26       23       21       19       17       16       15       14       13       13       12       12       12       11       11       11       12       12       12       13       13       14       15       16       17       19       21       23       26       29       34       40       47       56       68       84      105      134      174      228      302      402      532      689      860     1026     1171     1298    1426
        1194    1397     1717     2222     2958     3703     3688     2704     1661      994      619      406      280      201      149      114       90       72       59       50       42       36       32       28       25       23       21       19       18       17       16       15       15       14       14       14       14       14       14       14       15       15       16       17       18       19       21       23       25       28       32       36       42       49       58       69       84      103      128      160      204      260      330      416      513      613      706      785      850      909      975    1063
        1318    1904     2879     4463     6280     6291     4234     2413     1391      850      551      375      266      196      148      115       91       73       60       50       42       36       31       28       24       22       20       18       17       15       14       14       13       12       12       12       11       11       11       11       11       12       12       12       13       13       14       15       16       17       19       20       22       25       28       32       37       42       49       58       69       83      101      124      154      193      245      313      404      528      700     947
         717     802      955     1232     1768     2848     4542     4548     2469     1160      601      347      218      147      104       76       58       45       36       30       25       21       18       16       14       12       11       10        9        9        8        8        7        7        7        7        7        7        7        7        7        7        8        8        8        9       10       11       12       13       15       17       19       22       26       31       38       47       58       74       96      127      169      225      298      384      471      544      594      623      644     670
         974    1212     1427     1617     1801     1981     2110     2066     1759     1291      861      556      363      243      168      120       88       66       51       41       33       27       22       19       16       14       12       11       10        9        8        7        7        6        6        6        6        5        5        5        5        5        5        5        6        6        6        6        7        7        8        9        9       11       12       13       15       18       21       25       31       38       47       60       78      103      140      193      270      381      537     739
         610     602      605      628      680      772      922     1143     1401     1526     1317      912      572      358      232      157      111       81       61       48       38       31       25       21       18       16       14       12       11       10        9        8        8        7        7        7        7        6        6        6        6        6        7        7        7        7        8        8        9       10       10       12       13       15       17       19       23       27       33       40       51       65       84      111      149      203      277      368      467      552      602     616
        1158    1190     1086      968      895      880      928     1051     1264     1529     1636     1341      861      506      301      188      124       85       61       45       35       27       22       18       15       12       11        9        8        7        6        6        5        5        5        4        4        4        4        4        4        4        4        4        4        4        4        4        5        5        5        6        6        7        8        9       10       12       14       17       21       26       33       43       57       78      111      163      250      397      629     927
        1094    1339     1497     1506     1376     1172      955      759      597      468      366      288      228      181      145      118       96       79       66       56       47       41       35       31       27       24       22       20       18       17       15       14       14       13       12       12       12       11       11       11       11       11       11       11       12       12       13       13       14       15       16       17       19       21       23       26       30       34       39       46       54       65       79       97      122      154      199      261      346      465      629     842
        1019     942      859      802      780      796      854      957     1098     1230     1240     1049      755      499      326      217      150      107       79       60       46       37       30       25       21       18       15       13       12       11       10        9        8        8        7        7        7        6        6        6        6        6        6        6        6        7        7        7        8        8        9       10       11       12       14       16       18       22       26       31       39       49       63       83      112      156      224      329      486      694      904    1024
         390     474      598      787     1069     1424     1641     1437      987      618      390      256      176      126       94       72       56       45       37       31       26       23       20       17       16       14       13       12       11       10       10        9        9        9        8        8        8        8        8        8        9        9        9       10       10       11       12       13       14       15       17       19       21       24       28       32       37       43       51       60       70       83       97      114      132      152      173      197      222      251      286     330
         271     336      435      592      843     1193     1442     1256      828      501      310      202      139      100       74       57       45       36       30       25       21       19       16       14       13       12       11       10        9        9        8        8        8        7        7        7        7        7        7        7        8        8        8        9        9       10       11       11       12       14       15       17       19       21       24       28       32       37       42       49       56       65       74       84       95      107      119      134      150      169      194     226
         329     279      253      244      250      274      321      406      556      792      999      869      531      294      170      105       69       48       35       26       20       16       13       11        9        8        7        6        5        5        4        4        4        3        3        3        3        3        3        3        3        3        3        3        3        3        3        4        4        4        5        6        6        7        8       10       12       15       18       23       30       41       57       84      129      208      349      557      721      687      541     412
         491     439      408      398      411      452      528      649      805      900      791      542      332      203      129       86       60       43       32       25       20       16       13       11        9        8        7        6        5        5        4        4        4        4        3        3        3        3        3        3        3        3        3        3        3        3        4        4        4        4        5        5        6        7        8        9       11       13       16       20       26       34       45       62       88      128      192      290      418      535      581     550
         392     547      705      792      762      654      533      430      349      288      240      202      171      145      123      104       88       74       63       53       45       38       33       28       24       21       19       16       15       13       12       11       10        9        9        8        8        7        7        7        6        6        6        6        6        6        6        7        7        7        7        8        8        9       10       11       12       13       15       17       19       22       26       32       39       48       61       78      103      140      194     274
         313     306      312      334      377      453      585      815     1173     1471     1256      761      423      246      154      102       71       52       39       30       24       20       16       14       12       10        9        8        7        7        6        6        5        5        5        5        5        5        4        5        5        5        5        5        5        6        6        6        7        8        9       10       11       13       15       18       21       26       33       41       54       72       97      134      185      250      320      374      394      382      357     331
         277     273      279      298      334      397      498      651      832      899      728      471      286      177      115       79       56       42       32       25       20       16       14       11       10        9        8        7        6        6        5        5        4        4        4        4        4        4        4        4        4        4        4        4        4        5        5        5        6        6        7        8        9       10       12       15       17       21       26       33       43       57       76      103      140      188      242      288      314      316      304     288
         449     512      552      568      568      557      538      509      469      415      351      285      224      173      132      101       78       61       48       38       31       26       22       18       16       13       12       10        9        8        8        7        6        6        6        5        5        5        5        5        5        5        5        5        5        5        5        6        6        6        7        7        8        9       10       11       13       15       17       20       24       29       36       45       56       73       95      126      167      223      292     372
         245     225      205      191      182      180      184      196      217      247      284      320      332      300      235      168      117       81       58       42       32       24       19       15       13       11        9        8        7        6        5        5        4        4        4        3        3        3        3        3        3        3        3        3        3        3        3        3        4        4        4        4        5        6        6        7        8       10       11       14       17       21       27       35       47       63       87      121      163      209      243     255
         206     163      134      115      103       95       91       90       92       96      102      109      116      120      117      107       92       74       58       45       35       27       21       17       14       12       10        8        7        6        6        5        4        4        4        4        3        3        3        3        3        3        3        3        3        3        3        3        3        4        4        4        5        5        6        7        8       10       12       14       18       23       30       41       57       82      123      186      264      321      314     262
         588     398      274      203      161      136      120      111      107      106      109      115      123      133      141      144      139      123      102       80       62       47       36       28       22       18       15       12       10        9        8        7        6        5        5        4        4        4        4        3        3        3        3        3        3        3        3        3        4        4        4        4        5        5        6        6        7        8       10       12       14       17       22       29       39       55       81      126      212      374      616     736
         152     137      129      126      130      142      165      207      282      421      630      710      485      257      138       81       51       34       24       18       14       11        8        7        6        5        4        4        3        3        2        2        2        2        2        2        2        2        2        2        2        2        2        2        2        2        2        2        2        2        3        3        3        4        4        5        6        8        9       12       15       20       26       36       51       74      106      146      182      198      191     171
         376     291      230      191      169      159      158      167      186      220      270      332      371      336      243      156       99       64       44       31       22       17       13       10        8        7        6        5        4        4        3        3        3        2        2        2        2        2        2        2        2        2        2        2        2        2        2        2        2        2        2        3        3        3        4        4        5        6        7        9       11       13       18       23       32       46       70      110      180      292      414     446
         115     124      137      155      184      232      311      450      663      812      647      374      206      120       75       50       35       26       19       15       12       10        8        7        6        5        4        4        3        3        3        3        2        2        2        2        2        2        2        2        2        2        2        2        2        2        2        3        3        3        3        4        4        5        6        7        8        9       11       13       16       20       25       31       39       48       58       70       81       91       99     107
          59      66       77       94      121      167      250      399      580      557      343      187      108       67       45       32       23       18       14       11        9        8        7        6        5        4        4        4        3        3        3        3        3        3        3        3        3        3        3        3        3        3        3        3        4        4        4        5        5        6        7        8        9       11       13       15       18       22       26       31       36       40       44       47       48       49       49       49       49       50       52      55
         130     150      171      194      218      244      272      299      317      317      290      243      190      142      104       77       57       43       34       26       21       17       14       12       10        9        8        7        6        5        5        4        4        4        3        3        3        3        3        3        3        3        3        3        3        3        3        3        3        4        4        4        5        5        6        6        7        8       10       11       13       15       18       22       27       33       41       50       62       76       92     110
         113     111      107      102       99       98       99      102      109      121      138      162      194      230      256      250      210      156      110       77       55       40       30       23       18       15       12       10        9        7        6        6        5        5        4        4        4        3        3        3        3        3        3        3        3        3        3        3        3        4        4        4        4        5        5        6        7        8        9       11       13       16       19       24       30       38       48       61       76       91      103     111
         410     263      179      133      108       94       86       84       85       91      102      119      143      168      183      170      132       92       62       42       29       21       16       12        9        8        6        5        4        4        3        3        2        2        2        2        2        2        1        1        1        1        1        1        1        1        1        1        2        2        2        2        2        2        3        3        4        4        5        6        7        9       12       16       22       32       48       77      136      259      463     554
         211     185      160      142      130      124      123      126      135      149      168      189      204      199      171      132       95       67       48       35       26       20       15       12       10        8        7        6        5        4        4        3        3        3        3        2        2        2        2        2        2        2        2        2        2        2        2        2        2        3        3        3        3        4        4        5        6        7        8       10       12       15       19       25       34       46       66       95      135      182      220     229
          94     110      132      162      205      266      349      444      498      451      335      226      150      102       72       52       39       30       24       19       16       13       11       10        8        7        6        6        5        5        4        4        4        4        4        3        3        3        3        3        3        3        3        3        4        4        4        4        5        5        5        6        6        7        8        9       10       11       13       15       17       20       23       26       31       35       41       47       54       61       70      81
          78      91      100      105      106      102       95       89       82       75       69       63       58       53       48       43       38       34       29       25       22       19       16       14       12       10        9        8        7        6        6        5        4        4        4        4        3        3        3        3        3        3        3        3        3        3        3        3        3        3        3        3        3        4        4        4        5        5        6        7        8        9       10       12       14       17       21       26       33       41       52      64
         122     100       84       73       66       61       60       60       62       67       73       80       86       89       85       74       59       45       34       25       19       15       11        9        7        6        5        4        4        3        3        2        2        2        2        2        2        1        1        1        1        1        1        1        1        1        1        2        2        2        2        2        2        3        3        4        4        5        6        7        9       12       15       20       28       40       58       86      122      155      164     148
