SWAN 1
LOCATIONS
     1
     681724.29 2033118.57
AFREQ
     56
     0.0300
     0.0400
     0.0500
     0.0600
     0.0700
     0.0800
     0.0900
     0.1000
     0.1100
     0.1200
     0.1300
     0.1400
     0.1500
     0.1600
     0.1700
     0.1800
     0.1900
     0.2000
     0.2100
     0.2200
     0.2300
     0.2400
     0.2500
     0.2600
     0.2700
     0.2800
     0.2900
     0.3000
     0.3100
     0.3200
     0.3300
     0.3400
     0.3500
     0.3600
     0.3700
     0.3800
     0.3900
     0.4000
     0.4100
     0.4200
     0.4300
     0.4400
     0.4500
     0.4600
     0.4700
     0.4800
     0.4900
     0.5000
     0.5100
     0.5200
     0.5300
     0.5400
     0.5500
     0.5600
     0.5700
     0.5800
NDIR
     72
     5.0000
     10.0000
     15.0000
     20.0000
     25.0000
     30.0000
     35.0000
     40.0000
     45.0000
     50.0000
     55.0000
     60.0000
     65.0000
     70.0000
     75.0000
     80.0000
     85.0000
     90.0000
     95.0000
     100.0000
     105.0000
     110.0000
     115.0000
     120.0000
     125.0000
     130.0000
     135.0000
     140.0000
     145.0000
     150.0000
     155.0000
     160.0000
     165.0000
     170.0000
     175.0000
     180.0000
     185.0000
     190.0000
     195.0000
     200.0000
     205.0000
     210.0000
     215.0000
     220.0000
     225.0000
     230.0000
     235.0000
     240.0000
     245.0000
     250.0000
     255.0000
     260.0000
     265.0000
     270.0000
     275.0000
     280.0000
     285.0000
     290.0000
     295.0000
     300.0000
     305.0000
     310.0000
     315.0000
     320.0000
     325.0000
     330.0000
     335.0000
     340.0000
     345.0000
     350.0000
     355.0000
     360.0000
QUANT
     1
VaDens
m2/Hz/degr
     -999.000000
FACTOR
     1.00000E-06
          60      73       81       81       73       60       48       37       30       24       20       16       14       12       11       10        9        8        8        7        7        7        7        7        7        7        8        8        9        9       10       11       13       14       16       19       22       25       29       32       34       35       34       32       29       26       23       20       18       16       15       13       12       12       11       11       10       10       10       10       11       11       12       13       14       16       18       22       26       31       39      48
        1084     931      740      569      437      341      271      220      182      154      132      115      102       92       83       77       71       67       64       61       59       57       56       55       54       54       55       55       56       57       58       60       62       64       66       68       70       73       75       77       80       82       83       85       87       88       89       91       92       94       96       98      100      104      108      113      119      127      137      149      164      184      209      242      286      344      423      530      671      844     1017    1118
        4745    2435     1442      945      666      496      385      309      255      216      186      164      147      133      122      114      108      103       99       96       95       95       95       96       99      102      107      113      121      130      142      156      174      195      221      253      292      338      391      451      512      569      615      642      646      630      600      563      525      488      457      432      412      399      392      391      396      409      431      464      511      577      673      815     1032     1384     2006     3242     6090    12938    18476   10691
        7511    4719     3192     2282     1704     1317     1047      853      709      601      517      452      400      359      325      298      276      258      243      232      222      215      210      206      205      204      205      208      212      219      226      236      248      263      281      302      327      356      392      433      482      540      608      688      782      890     1014     1154     1308     1476     1654     1840     2030     2224     2424     2635     2867     3137     3467     3891     4462     5264     6449     8305    11442    17301    29634    56389    83283    57122    26503   13219
        6688    4632     3384     2577     2027     1638     1354     1141      978      852      752      672      608      555      512      477      449      426      407      392      381      372      367      364      363      366      370      377      387      399      414      432      454      480      510      544      584      630      682      742      809      884      969     1063     1167     1281     1406     1541     1688     1848     2021     2212     2426     2670     2955     3298     3723     4267     4989     5984     7426     9641    13325    20181    35323    79812   265319   368228   106747    37348    18029   10398
       21794   13938     9404     6632     4853     3664     2842     2256     1829     1510     1267     1080      933      817      723      648      587      536      495      461      434      411      393      379      368      360      355      353      354      358      364      373      386      402      422      447      477      514      559      614      680      762      863      988     1145     1345     1602     1935     2376     2966     3769     4880     6439     8652    11811    16289    22467    30524    40123    50319    60144    69553    79879    93751   115244   150123   200717   237477   198770   119345    64652   36301
       30236   19362    12828     8808     6255     4581     3447     2659     2096     1686     1380     1148      970      831      721      633      562      505      458      419      387      361      339      322      308      297      288      282      278      276      277      279      284      291      300      312      327      346      369      397      430      471      521      582      658      751      868     1017     1207     1454     1781     2219     2819     3655     4849     6592     9198    13175    19332    28853    43129    62895    86660   110391   130485   146330   157851   160573   145842   113139    76515   48307
       38965   36969    35104    32394    28263    23009    17618    12972     9404     6832     5026     3764     2874     2238     1777     1436     1180      985      834      716      623      548      488      439      399      366      339      317      299      284      273      264      257      252      250      249      250      254      259      267      277      290      306      326      350      379      415      459      514      581      665      772      909     1086     1321     1637     2073     2690     3588     4941     7060    10523    16422    26717    43966    67092    83323    80745    67837    55710    47313   42084
       81556   70658    57657    43831    31500    21993    15288    10751     7709     5655     4245     3259     2555     2042     1661     1374     1154      983      849      742      656      586      530      483      445      414      388      367      350      336      326      318      313      311      311      313      318      325      335      348      365      386      411      443      481      527      583      653      739      847      983     1157     1384     1683     2085     2638     3419     4555     6265     8949    13373    21103    35504    63848   118563   197067   235186   201942   155515   123524   104090   91609
       21955   31702    52881    95244   113082    62127    27400    13630     7722     4820     3232     2288     1690     1293     1018      822      678      570      487      423      372      332      300      273      252      235      221      210      201      195      190      187      186      186      187      191      196      203      212      224      238      256      278      305      339      380      433      500      586      698      848     1052     1337     1747     2360     3317     4889     7633    12715    22325    37843    49911    44976    32843    23792    18395    15330    13710    13096    13341    14535   17073
       32400   62992   170380   237094    77015    25733    11685     6373     3900     2582     1812     1330     1012      793      638      524      439      374      324      284      252      227      207      190      177      166      157      150      145      141      138      137      136      137      139      143      147      153      161      171      183      197      215      238      266      300      344      400      473      568      696      871     1119     1481     2029     2899     4362     6984    11994    21696    36807    45695    38379    27424    20115    15958    13734    12757    12756    13767    16196   21229
       11639   16914    30507    78979   174264    72122    20752     8638     4486     2661     1724     1191      863      650      505      403      329      274      233      200      175      155      139      126      116      107      100       95       90       87       84       82       81       81       81       82       84       87       90       94      100      107      115      125      138      154      173      198      229      270      323      395      492      630      830     1133     1614     2428     3911     6883    13398    26957    40361    33799    21523    14344    10674     8787     7890     7667     8051    9199
       17559   25435    43137    83512   110997    59999    24659    11747     6485     3977     2632     1843     1349     1024      800      642      526      439      373      322      282      250      224      203      187      173      162      153      146      140      136      133      131      130      130      132      134      138      143      149      157      167      179      194      213      235      263      297      340      394      464      554      672      830     1045     1340     1755     2342     3175     4332     5848     7609     9257    10339    10677    10486    10130     9888     9936    10413    11515   13618
       23620   27167    32952    40067    43098    35734    23312    13856     8327     5241     3469     2404     1732     1291      991      780      627      515      430      365      314      274      242      216      196      179      165      153      144      137      131      126      123      120      119      118      119      120      122      126      131      136      144      153      164      178      195      215      240      271      310      360      423      505      612      756      953     1229     1625     2207     3089     4456     6601     9903    14548    19787    23608    24615    23638    22287    21556   21893
        4789    5689     7451    11141    20157    44058    58972    26626    10109     4753     2630     1624     1082      764      563      430      339      273      225      190      162      141      124      111      100       91       84       78       74       70       67       65       64       63       62       62       63       64       66       68       72       76       81       87       95      104      116      131      149      173      204      244      298      372      477      629      862     1234     1866     3025     5334    10149    18319    22537    17213    11269     7815     5957     4951     4436     4255    4361
        9018   11355    15767    24476    39208    44488    27212    13037     6661     3789     2354     1566     1098      803      608      474      379      309      257      218      187      163      144      129      116      106       98       91       86       81       78       75       73       72       71       71       71       72       74       76       79       82       87       93      100      108      119      131      147      166      190      221      259      309      374      460      576      734      952     1256     1678     2257     3013     3917     4851     5631     6133     6378     6505     6674     7030    7732
        9100   12117    19128    36805    58721    34930    13017     5671     2942     1723     1099      747      532      395      302      238      191      157      132      112       97       85       75       67       61       56       52       48       46       43       42       40       39       39       38       38       39       39       40       42       43       46       48       52       56       61       67       75       85       97      112      131      156      189      234      295      381      506      693      983     1451     2235     3563     5701     8462    10485    10526     9349     8169     7455     7291    7750
        9078   10075    12975    20149    37342    49336    24935     9395     4201     2209     1301      831      564      402      297      227      178      143      117       98       83       71       62       55       49       44       40       37       35       33       31       30       29       28       27       27       27       27       27       28       29       30       31       33       35       38       41       46       51       57       64       74       86      102      123      151      189      243      320      436      617      915     1440     2445     4567     9409    19009    25934    20855    14382    10848    9314
        3548    3769     4418     5836     9008    16559    26687    18222     7306     3226     1679      985      629      428      306      228      175      138      111       92       77       66       57       50       44       40       36       33       31       29       27       26       25       24       24       23       23       23       24       24       25       26       27       29       31       33       36       39       44       49       56       65       76       90      109      134      169      219      292      403      581      882     1428     2489     4617     8212    10819     9406     6809     5064     4108    3653
        4035    3882     4080     4709     6039     8690    13346    16439    11465     5673     2842     1575      956      624      430      311      232      179      142      115       95       80       68       59       52       46       42       38       35       32       30       29       27       26       26       25       25       25       25       25       26       26       27       29       30       32       35       38       42       46       52       59       68       80       95      115      142      179      231      309      426      616      937     1525     2692     5136     9633    13280    11414     7966     5763    4594
        5047    4389     4175     4344     4952     6186     8259    10429     9712     6166     3338     1847     1096      696      468      330      242      183      142      113       92       77       65       55       48       42       38       34       31       28       26       25       23       22       21       21       20       20       20       20       20       21       21       22       23       24       26       28       30       33       37       41       47       54       63       74       89      109      136      173      228      309      434      637      988     1631     2875     5223     8462     9836     8281    6318
        4660    5520     6812     8672    10650    10842     8182     5004     2911     1747     1105      735      512      370      276      212      167      134      110       91       77       66       58       51       45       41       37       34       32       30       28       27       25       25       24       24       23       23       24       24       24       25       26       27       29       31       33       36       39       43       48       54       62       71       83       98      117      143      176      221      282      365      482      644      868     1171     1562     2031     2541     3049     3538    4045
        3102    2960     3038     3394     4178     5726     8470    10933     8623     4522     2257     1227      730      468      318      226      167      128      100       80       66       55       46       40       35       31       27       25       23       21       19       18       17       17       16       16       15       15       15       15       15       16       16       17       18       19       20       22       24       26       29       32       37       42       49       59       71       87      108      139      182      246      343      497      749     1170     1860     2843     3803     4164     3891    3439
        1576    1321     1198     1168     1223     1377     1673     2187     2957     3589     3161     2014     1144      667      413      272      188      136      102       79       62       50       42       35       30       26       23       20       18       16       15       14       13       12       12       11       11       11       11       11       11       11       11       12       12       13       14       14       16       17       19       21       24       27       32       37       45       55       68       87      115      156      220      325      510      859     1546     2783     4037     3873     2847    2045
         884     921     1001     1144     1390     1815     2577     3898     5426     5113     3130     1681      948      579      379      263      190      143      111       88       72       60       51       44       38       34       30       27       25       23       21       20       19       18       18       17       17       17       17       17       18       18       19       20       21       22       24       26       28       31       35       40       45       53       62       74       90      111      139      177      229      299      394      514      653      789      892      943      945      921      893     877
        1136     965      878      848      868      942     1085     1331     1726     2281     2741     2538     1768     1079      658      419      282      198      145      110       86       68       56       46       39       34       30       26       23       21       19       18       17       16       15       15       14       14       14       14       14       14       14       15       15       16       17       18       20       22       24       27       30       35       41       48       58       72       90      117      157      218      319      494      824     1494     2821     4454     4374     3021     2007    1444
         478     427      406      410      440      503      623      849     1317     2390     4309     3989     1835      819      426      251      161      111       80       60       47       37       30       25       21       18       16       14       13       12       11       10        9        9        8        8        8        8        8        8        8        8        8        9        9       10       10       11       12       13       15       17       19       23       27       33       40       51       66       90      126      188      302      538     1111     2709     5274     4034     1999     1135      761     577
        1033     886      828      838      918     1096     1443     2107     3196     3768     2595     1327      688      392      242      161      112       82       62       48       38       31       26       22       19       16       14       13       12       11       10        9        9        8        8        8        7        7        7        7        7        7        8        8        8        9        9       10       11       12       13       15       17       20       23       28       34       42       53       69       92      129      188      293      493      918     1898     3735     4470     3078     1918    1328
         680     647      655      709      826     1053     1504     2483     4509     5679     3243     1416      694      388      240      160      112       83       63       49       40       32       27       23       20       17       15       14       13       12       11       10       10        9        9        9        8        8        8        8        8        9        9        9       10       11       11       12       13       15       17       19       22       26       30       37       45       57       74       98      134      192      287      450      732     1170     1620     1719     1453     1135      904     760
         416     373      351      343      350      371      409      469      555      671      802      890      856      698      508      354      247      176      130       98       76       61       49       41       35       30       26       23       21       19       17       16       15       14       13       13       12       12       12       12       12       12       13       13       14       15       16       17       19       21       23       26       30       35       42       50       62       79      104      142      202      305      493      868     1619     2656     2764     1902     1208      823      611     489
         931     824      779      785      843      967     1191     1570     2130     2599     2333     1525      884      522      327      217      151      110       83       64       51       41       34       29       25       22       19       17       15       14       13       12       11       11       10       10       10        9        9        9       10       10       10       10       11       11       12       13       14       16       17       20       22       26       30       36       44       54       69       90      120      167      244      376      615     1066     1844     2655     2656     2031     1476    1130
         907     715      605      546      523      529      563      632      745      908     1098     1209     1098      815      541      352      234      161      115       86       65       51       41       34       28       24       20       18       16       14       13       12       11       10       10        9        9        8        8        8        8        8        8        8        9        9       10       10       11       12       13       14       16       18       21       24       28       34       42       53       68       90      123      177      268      431      741     1312     2057     2258     1760    1238
         414     367      342      335      345      375      433      534      713     1043     1614     2168     1835     1046      557      318      198      131       92       68       51       40       32       26       22       19       16       14       13       11       10       10        9        8        8        8        7        7        7        7        7        7        7        7        8        8        9        9       10       11       12       13       15       18       20       24       29       36       45       57       76      104      147      217      331      513      753      934      920      768      608     491
        1025     908      843      826      857      942     1092     1313     1559     1649     1407      982      625      395      258      176      125       91       69       54       43       35       29       24       21       18       16       14       13       11       10       10        9        9        8        8        8        7        7        7        7        7        8        8        8        9        9       10       10       11       12       14       16       18       21       24       28       34       42       53       68       89      121      169      245      368      563      852     1181     1383     1352    1190
         447     330      268      234      218      214      223      246      290      368      515      805     1345     1768     1253      625      320      182      114       76       54       40       30       24       19       16       13       11       10        9        8        7        6        6        5        5        5        5        4        4        4        4        4        4        5        5        5        5        6        6        7        7        8        9       11       12       15       18       22       27       35       47       65       95      148      252      486     1075     2167     2148     1201     681
         296     270      257      255      263      285      324      390      500      683      964     1247     1200      823      487      291      184      123       87       63       48       38       30       25       21       18       15       13       12       11       10        9        8        8        7        7        7        7        6        6        6        7        7        7        7        8        8        9        9       10       11       12       14       16       19       22       27       33       41       52       68       91      126      178      254      355      460      523      514      457      390     335
         737     701      670      657      667      706      777      879      992     1054      982      780      550      370      248      171      121       89       67       51       41       33       27       22       19       16       14       13       11       10        9        9        8        7        7        7        6        6        6        6        6        6        6        6        7        7        7        8        8        9       10       11       12       13       15       17       20       24       29       35       44       55       72       95      128      178      249      350      479      615      716     753
         870     905      932      961     1001     1051     1100     1122     1080      957      777      589      431      312      227      168      127       98       77       62       50       42       35       30       26       22       20       18       16       15       13       12       12       11       11       10       10       10        9        9        9       10       10       10       10       11       11       12       13       14       15       17       18       21       23       27       31       36       43       52       64       80      101      129      168      221      292      383      494      614      725     813
         426     373      336      311      296      291      294      304      323      348      379      408      427      421      385      327      263      204      157      121       94       75       60       49       41       35       30       26       23       20       18       17       15       14       13       13       12       12       11       11       11       11       11       11       12       12       13       13       14       15       16       18       20       23       26       30       35       41       50       62       78      100      131      177      242      332      445      557      626      623      566     492
         363     289      241      211      194      185      185      192      209      237      281      349      447      563      633      574      421      279      183      123       86       62       47       36       29       23       19       16       14       12       11       10        9        8        7        7        6        6        6        6        6        6        6        6        6        6        6        6        7        7        8        9       10       11       12       14       16       19       23       29       36       47       62       86      123      183      283      435      606      679      601     471
         242     218      205      199      201      212      231      263      312      384      478      571      599      516      377      256      172      119       85       63       48       37       30       24       20       17       15       13       11       10        9        9        8        7        7        7        6        6        6        6        6        6        6        6        7        7        7        8        9        9       10       12       13       15       18       21       25       30       38       48       63       85      117      165      235      326      416      461      442      386      326     277
         214     203      201      207      226      260      322      431      635      998     1371     1159      645      337      190      117       77       54       39       30       23       19       15       13       11        9        8        7        6        6        5        5        4        4        4        4        4        4        4        4        4        4        4        4        4        4        5        5        6        6        7        8        9       10       12       14       17       21       27       34       45       60       83      116      164      226      289      327      326      298      264     235
          71      66       63       64       68       75       89      114      159      258      523     1352     1678      608      225      108       61       39       26       19       14       11        9        7        6        5        4        4        3        3        3        2        2        2        2        2        2        2        2        2        2        2        2        2        2        2        2        3        3        3        4        4        5        6        7        8       10       13       17       23       32       47       73      118      190      268      283      230      168      125       98      82
         189     142      116      101       94       92       94      102      117      144      193      287      484      827      897      504      240      126       74       47       32       23       17       13       11        9        7        6        5        4        4        4        3        3        3        2        2        2        2        2        2        2        2        2        2        2        2        2        3        3        3        4        4        4        5        6        7        9       11       13       17       23       32       47       74      125      234      476      806      745      455     277
         150     137      129      125      126      132      143      163      195      247      335      481      688      813      659      406      238      146       95       65       47       35       27       22       18       15       12       11        9        8        7        7        6        6        5        5        5        5        5        5        4        5        5        5        5        5        5        6        6        7        7        8        9       10       12       14       17       20       25       31       40       53       71       96      130      173      214      240      239      220      193     169
          77      68       61       56       54       53       53       56       61       69       83      104      138      196      287      376      356      240      142       86       55       37       27       20       15       12       10        8        7        6        5        4        4        4        3        3        3        3        3        2        2        2        2        2        2        2        3        3        3        3        3        4        4        5        5        6        7        8       10       12       15       19       25       33       45       60       78       97      108      109      100      88
         178     151      131      117      109      106      108      115      130      154      196      268      389      540      567      398      229      132       81       53       36       26       20       15       12       10        8        7        6        5        4        4        3        3        3        3        3        2        2        2        2        2        2        2        2        2        2        2        3        3        3        3        4        4        5        5        6        7        9       11       14       17       22       30       41       57       82      118      164      205      220     205
         157     150      144      139      137      137      140      147      156      168      179      187      186      172      149      121       94       73       56       43       34       27       22       18       15       13       11        9        8        7        7        6        5        5        5        4        4        4        4        4        4        4        4        4        4        4        4        5        5        5        6        6        7        8        8       10       11       13       15       18       22       28       34       44       56       71       90      112      133      150      159     161
         315     236      183      149      128      114      106      103      103      108      116      129      148      172      200      223      224      198      156      115       83       60       44       34       26       21       17       14       12       10        9        7        7        6        5        5        5        4        4        4        4        4        4        4        4        4        4        4        4        4        5        5        6        6        7        8        9       10       12       15       18       23       29       38       53       75      113      175      274      396      459     409
         164     138      119      105       97       92       91       94      100      111      129      157      200      264      343      390      345      244      157      102       68       48       35       26       20       16       13       11        9        8        7        6        5        5        4        4        4        4        3        3        3        3        3        3        3        3        3        4        4        4        4        5        5        6        6        7        9       10       12       15       18       23       30       40       54       75      107      149      194      222      220     195
         101      91       84       81       79       80       83       89       99      112      131      152      172      179      167      137      104       76       55       41       31       24       19       15       12       10        9        7        7        6        5        5        4        4        4        3        3        3        3        3        3        3        3        3        3        3        3        4        4        4        5        5        6        7        8        9       11       13       15       19       24       31       41       55       73       96      121      140      147      141      128     113
         110      82       65       55       49       45       44       45       47       52       60       73       94      128      182      243      251      186      114       69       44       29       21       15       12        9        7        6        5        4        4        3        3        2        2        2        2        2        2        2        2        2        1        2        2        2        2        2        2        2        2        2        3        3        3        4        5        6        7        9       11       14       19       28       41       66      114      205      327      346      248     161
         149     135      125      118      114      113      115      121      129      140      153      166      173      170      153      128      101       78       59       46       35       28       22       18       15       13       11        9        8        7        7        6        5        5        5        4        4        4        4        4        4        4        4        4        4        4        4        5        5        5        6        6        7        8        9       10       12       14       17       21       26       33       43       56       74       98      126      155      176      184      178     164
         106      87       73       64       58       54       52       53       55       59       66       78       97      125      169      225      261      232      163      104       67       44       31       23       17       13       10        8        7        6        5        4        4        3        3        3        3        2        2        2        2        2        2        2        2        2        2        2        2        3        3        3        3        4        4        5        6        7        8       10       12       15       19       26       35       50       71      101      133      153      150     129
          82      78       76       76       77       81       88       98      115      141      180      234      295      320      274      193      126       83       56       40       29       22       17       14       11        9        8        7        6        5        4        4        4        3        3        3        3        3        3        3        3        3        3        3        3        3        3        3        3        4        4        4        5        5        6        7        8       10       12       15       18       22       28       35       45       56       68       78       86       89       88      85
          62      54       49       46       45       45       47       51       57       68       83      107      142      181      201      175      124       81       53       36       26       19       14       11        9        7        6        5        4        4        3        3        3        2        2        2        2        2        2        2        2        2        2        2        2        2        2        2        3        3        3        3        4        4        5        6        8        9       12       15       20       27       38       55       82      118      154      166      147      118       93      75
