SWAN 1
LOCATIONS
     1
     -67.28  18.38
AFREQ
     56
     0.0300
     0.0400
     0.0500
     0.0600
     0.0700
     0.0800
     0.0900
     0.1000
     0.1100
     0.1200
     0.1300
     0.1400
     0.1500
     0.1600
     0.1700
     0.1800
     0.1900
     0.2000
     0.2100
     0.2200
     0.2300
     0.2400
     0.2500
     0.2600
     0.2700
     0.2800
     0.2900
     0.3000
     0.3100
     0.3200
     0.3300
     0.3400
     0.3500
     0.3600
     0.3700
     0.3800
     0.3900
     0.4000
     0.4100
     0.4200
     0.4300
     0.4400
     0.4500
     0.4600
     0.4700
     0.4800
     0.4900
     0.5000
     0.5100
     0.5200
     0.5300
     0.5400
     0.5500
     0.5600
     0.5700
     0.5800
NDIR
     72
     5.0000
     10.0000
     15.0000
     20.0000
     25.0000
     30.0000
     35.0000
     40.0000
     45.0000
     50.0000
     55.0000
     60.0000
     65.0000
     70.0000
     75.0000
     80.0000
     85.0000
     90.0000
     95.0000
     100.0000
     105.0000
     110.0000
     115.0000
     120.0000
     125.0000
     130.0000
     135.0000
     140.0000
     145.0000
     150.0000
     155.0000
     160.0000
     165.0000
     170.0000
     175.0000
     180.0000
     185.0000
     190.0000
     195.0000
     200.0000
     205.0000
     210.0000
     215.0000
     220.0000
     225.0000
     230.0000
     235.0000
     240.0000
     245.0000
     250.0000
     255.0000
     260.0000
     265.0000
     270.0000
     275.0000
     280.0000
     285.0000
     290.0000
     295.0000
     300.0000
     305.0000
     310.0000
     315.0000
     320.0000
     325.0000
     330.0000
     335.0000
     340.0000
     345.0000
     350.0000
     355.0000
     360.0000
QUANT
     1
VaDens
m2/Hz/degr
     -999.000000
FACTOR
     1.00000E-06
         226     245      260      266      260      244      219      192      165      140      120      102       88       77       67       60       54       49       45       42       39       37       35       34       33       33       33       33       33       34       35       36       38       40       43       46       50       55       61       68       76       86       97      109      123      137      150      161      169      173      172      168      161      153      145      137      130      124      119      116      114      113      114      116      120      125      132      142      154      168      186     205
         647     737      842      945     1016     1021      944      808      656      518      407      321      257      209      172      145      124      107       94       84       75       69       63       59       56       53       51       49       48       48       48       48       49       50       52       54       58       61       66       72       80       89      101      115      134      158      190      231      286      358      451      567      700      828      920      947      909      830      739      654      582      526      483      453      434      424      423      431      449      477      518     574
       21119   15808     9364     5439     3345     2194     1521     1105      833      649      519      425      355      302      261      229      203      183      167      153      143      134      127      122      118      115      113      112      112      113      115      119      123      128      135      144      155      168      184      204      228      259      297      346      408      489      594      732      917     1162     1485     1897     2392     2923     3396     3707     3804     3725     3553     3365     3211     3118     3102     3177     3365     3702     4257     5153     6627     9122    13306   18941
       40913   19255    10770     6704     4492     3178     2346     1792     1409     1135      933      782      666      576      505      449      403      367      337      312      293      277      264      254      246      241      237      236      237      239      244      250      259      271      285      303      325      352      386      426      476      538      616      714      840     1003     1218     1506     1899     2445     3221     4343     5987     8395    11820    16297    21202    25133    26928    26790    25841    25092    25166    26540    29904    36752    51011    85863   210330   999420   723637  121313
      158175   68009    36157    21788    14275     9936     7244     5480     4273     3419     2797     2333     1980     1706     1492     1322     1185     1075      985      912      853      805      767      737      714      698      688      683      685      691      704      723      749      782      824      876      939     1018     1114     1232     1378     1560     1788     2077     2449     2935     3579     4450     5651     7347     9800    13435    18927    27275    39615    56130    73641    85245    86763    81342    74440    69290    67138    68648    74933    88660   116677   179604   362950  1276310  2567460  565727
       80263   36466    20020    12324     8200     5775     4250     3240     2543     2046     1682     1409     1201     1039      911      810      728      662      608      565      529      501      478      460      447      437      432      430      431      436      445      458      475      497      525      559      600      652      714      792      887     1006     1155     1344     1587     1904     2324     2890     3668     4758     6316     8582    11906    16728    23370    31444    39132    43847    44623    42873    40597    39110    39109    41163    46214    56352    76957   125154   281541  1234250  1517460  257791
      372226  106073    38171    18027    10013     6175     4099     2874     2104     1594     1244      995      813      677      573      493      430      380      339      307      280      259      241      227      215      206      199      194      190      188      188      189      191      196      201      209      219      232      247      266      289      317      351      394      446      513      597      705      845     1031     1281     1626     2109     2805     3828     5365     7696    11183    16072    21928    27123    29841    30011    29071    28420    28936    31366    36980    48877    76480   157448  416339
      210766  434249   174840    53367    23088    12324     7472     4932     3462     2547     1944     1530     1235     1020      858      735      639      564      504      456      417      385      360      340      323      311      301      295      291      289      290      294      300      309      321      336      356      380      410      446      491      547      617      705      816      959     1146     1394     1729     2192     2844     3784     5165     7208    10181    14191    18679    22050    22813    21266    18851    16628    14986    13980    13588    13822    14790    16775    20422    27274    41603   78580
      145509  149435    89683    46324    25681    15648    10303     7205     5283     4023     3161     2550     2104     1771     1517     1320     1165     1042      943      864      799      747      706      672      647      627      614      606      603      605      612      625      642      666      697      735      783      840      911      996     1100     1226     1381     1571     1806     2095     2454     2899     3446     4114     4912     5835     6852     7898     8883     9711    10323    10714    10934    11065    11196    11411    11791    12423    13415    14935    17257    20873    26737    36849    55650   91983
      121580  128389    72456    34849    18402    10829     6936     4738     3401     2540     1960     1554     1261     1045      881      755      657      579      516      466      425      392      365      343      325      311      300      291      286      282      281      282      285      291      299      310      323      340      361      387      418      455      500      555      621      703      803      927     1081     1274     1515     1817     2195     2663     3235     3915     4695     5545     6420     7268     8053     8773     9470    10220    11135    12370    14158    16889    21299    28946    43428   72869
       47175   60393    63689    50586    33037    20477    12988     8609     5965     4300     3207     2463     1940     1562     1282     1072      910      783      683      604      539      487      444      409      380      357      337      322      309      299      292      287      285      284      286      290      296      304      315      328      345      366      391      420      456      499      550      612      687      777      888     1022     1187     1390     1640     1947     2324     2784     3337     3995     4764     5643     6633     7735     8965    10368    12033    14115    16875    20743    26424   34961
       30413   37771    38519    31423    22358    15324    10658     7649     5677     4345     3417     2752     2262     1894     1611     1390     1216     1076      962      869      793      730      677      633      597      567      542      521      505      492      482      476      472      471      472      476      482      491      503      518      535      556      580      608      640      676      717      764      816      876      942     1017     1102     1198     1306     1430     1570     1732     1919     2137     2395     2704     3081     3547     4136     4898     5908     7287     9228    12043    16214   22333
       46965   37720    21858    12551     7812     5255     3760     2823     2201     1770     1459     1228     1053      917      810      723      653      596      548      509      476      448      424      405      388      374      362      352      344      338      333      330      327      326      326      327      329      331      335      340      346      353      361      371      382      394      408      424      443      464      488      516      548      586      630      682      744      818      909     1020     1160     1338     1569     1876     2297     2894     3778     5160     7469    11642    19718   34322
       10918   10155     9153     7961     6667     5388     4234     3268     2503     1919     1480     1154      911      728      591      486      404      341      291      252      220      194      173      156      142      130      121      113      106      100       96       93       90       88       87       86       86       87       88       90       93       96      101      106      113      121      131      142      157      174      195      222      254      295      347      413      498      610      759      960     1234     1613     2140     2872     3871     5182     6774     8478     9993    11029    11471   11389
        4804    4433     4186     4030     3933     3854     3747     3563     3273     2884     2439     1995     1597     1266     1002      798      641      521      429      357      302      258      223      196      173      155      140      128      118      110      103       97       93       89       87       85       83       83       83       84       85       87       90       94       99      105      112      121      132      146      163      183      209      241      282      335      405      498      624      798     1044     1398     1913     2658     3699     5006     6316     7146     7208     6692     5980    5322
        5006    7245    11110    15225    13641     8084     4337     2468     1522     1006      702      512      388      303      242      198      165      140      121      106       94       84       77       70       65       61       58       55       53       51       50       50       49       50       50       51       53       55       57       60       64       69       75       82       91      102      115      132      153      180      215      260      319      396      500      637      816     1042     1311     1598     1859     2049     2147     2169     2153     2137     2149     2214     2356     2612     3041    3761
       14360   16599    14398     9753     6020     3747     2430     1648     1164      852      643      498      394      319      262      219      186      160      140      123      110       99       90       82       76       71       67       63       61       58       57       55       55       54       54       54       55       56       58       60       62       66       69       74       79       86       94      103      115      128      144      164      189      218      255      300      356      426      513      622      758      927     1136     1397     1720     2127     2648     3334     4277     5630     7645   10625
        3528    4859     6743     8575     8583     6447     4131     2583     1669     1128      796      583      441      342      273      221      183      154      132      114      100       88       79       72       66       61       56       53       50       48       46       45       43       43       42       42       42       43       44       45       46       48       50       53       56       60       65       71       77       85       94      105      119      134      153      176      203      235      274      320      375      439      515      603      706      828      973     1150     1375     1669     2073    2655
        2992    3154     3236     3200     3007     2660     2214     1753     1344     1015      766      582      447      349      276      222      182      150      126      108       93       81       71       63       57       52       47       44       41       38       36       35       33       32       32       31       31       31       31       32       32       33       34       36       38       40       43       47       51       56       62       69       78       89      103      120      142      169      205      251      310      389      491      625      798     1015     1277     1577     1899     2219     2516    2776
        4183    5575     6281     5655     4311     3080     2199     1609     1212      938      745      603      497      417      354      304      264      231      204      182      163      147      134      122      112      104       97       91       85       81       77       73       71       68       66       65       63       63       62       62       62       62       63       64       66       68       70       73       76       80       85       91       97      105      114      125      138      153      172      195      223      258      301      357      430      527      657      839     1099     1483     2061    2937
        5660   12210    16043     9082     4297     2345     1460      998      729      560      447      367      310      267      234      208      187      171      157      146      136      128      122      116      111      107      103      100       97       94       92       90       88       86       84       83       81       80       79       78       77       76       76       76       76       76       77       78       79       80       83       85       89       93       97      103      110      119      130      143      159      179      205      239      284      345      431      557      752     1073     1655    2843
        4808    6180     6330     5022     3450     2302     1572     1115      819      622      486      388      317      263      222      190      165      145      128      115      104       95       87       80       75       71       67       64       61       59       57       56       55       54       54       54       54       54       55       56       58       60       62       65       68       71       75       80       86       92       99      108      117      128      141      156      174      195      219      248      283      326      379      445      530      640      788      993     1286     1719     2380    3392
        1921    2879     3155     2451     1654     1129      815      622      498      416      358      317      287      265      248      235      223      214      205      195      185      174      162      150      137      124      111       99       89       79       71       63       57       51       47       43       39       36       34       32       30       29       28       27       26       26       26       26       26       26       27       28       29       30       32       35       37       41       45       51       58       67       78       93      113      141      181      239      328      473      720    1160
        1228    1928     2995     4145     4515     3853     2903     2144     1617     1256     1000      812      667      552      459      381      317      264      220      184      155      130      110       94       81       70       61       54       48       43       38       35       32       29       27       25       24       23       22       21       20       20       20       19       19       20       20       20       21       21       22       24       25       27       29       31       34       38       43       48       55       64       76       90      109      135      169      218      288      391      551     806
         841    1204     1791     2716     3930     4727     4261     3092     2087     1423     1005      735      556      431      342      277      227      189      159      136      117      102       89       79       70       63       57       51       47       43       40       38       35       33       32       30       29       28       27       27       27       26       26       26       26       27       27       28       29       30       32       33       35       38       40       44       48       52       58       65       73       82       94      109      128      152      183      223      277      352      457     610
         839     858      853      841      832      834      853      891      951     1030     1117     1187     1198     1114      946      746      562      417      310      234      179      140      112       91       75       63       54       46       40       36       32       29       26       24       23       21       20       19       19       18       18       18       18       18       18       18       19       20       21       22       23       25       27       30       33       37       42       48       55       65       77       93      114      141      178      226      290      373      473      586      697     785
        1468    2312     3147     3367     2963     2425     2006     1725     1546     1428     1337     1243     1120      960      779      603      454      338      251      189      145      112       89       71       58       48       41       35       30       26       23       21       19       17       16       14       14       13       12       12       11       11       11       11       11       11       11       11       12       12       13       14       15       16       17       19       21       24       27       32       37       44       53       65       81      104      137      185      259      376      571     903
        2967    5062     5586     4175     2898     2167     1781     1592     1530     1563     1670     1810     1888     1768     1426     1017      684      457      311      218      158      117       90       70       56       46       38       32       28       24       21       19       17       15       14       13       12       11       11       10       10       10       10       10       10       10       10       10       11       11       12       13       14       15       16       18       20       23       26       30       36       43       53       66       85      111      151      213      315      494      834    1531
        1547    1546     1306     1047      856      734      662      630      630      663      734      850     1020     1221     1355     1269      977      665      437      291      200      143      105       80       62       50       41       34       29       24       21       19       17       15       14       13       12       11       11       10       10       10        9        9        9        9       10       10       10       11       11       12       13       14       16       17       19       22       25       30       36       43       53       67       87      115      159      227      338      522      820    1223
         748    1015     1323     1603     1766     1771     1653     1476     1285     1101      933      780      644      525      424      340      271      217      174      141      115       95       79       66       56       48       41       36       32       28       26       23       21       20       18       17       16       15       15       14       14       14       13       13       13       14       14       14       15       15       16       17       18       20       21       23       26       29       32       37       43       50       59       70       86      106      133      170      221      294      397     543
         621     981     1559     2308     2849     2799     2365     1909     1559     1306     1118      967      834      709      588      477      378      295      229      178      139      110       88       71       58       48       40       34       30       26       23       20       18       16       15       14       13       12       11       11       10       10       10       10       10       10       10       10       10       10       11       11       12       13       14       15       17       18       21       23       27       31       37       44       54       66       84      108      144      196      277     407
         996    1101     1110     1071     1035     1032     1080     1202     1435     1835     2431     2931     2617     1688      957      552      338      220      150      107       79       61       47       38       31       26       22       19       16       14       13       12       11       10        9        8        8        8        7        7        7        7        7        7        7        7        7        8        8        9        9       10       11       12       13       15       17       19       23       27       32       39       49       62       80      106      144      200      286      413      590     803
         432     538      659      793      942     1113     1323     1598     1969     2452     2947     3113     2652     1861     1193      759      496      337      237      173      130      100       79       64       52       43       37       32       27       24       21       19       18       16       15       14       13       12       12       11       11       11       11       11       11       11       11       11       12       12       13       14       15       16       17       19       21       24       27       31       35       41       48       58       70       85      106      132      166      211      269     342
        1088    1353     1309     1091      888      753      678      652      671      740      879     1121     1489     1834     1709     1145      661      384      236      154      105       75       56       43       34       27       22       19       16       14       12       10        9        8        8        7        7        6        6        6        5        5        5        5        5        5        5        6        6        6        6        7        7        8        9       10       11       13       14       17       20       24       30       37       48       63       86      121      178      274      440     716
         744    1875     3277     2205     1117      669      472      375      327      308      311      336      391      490      658      897     1048      861      529      301      178      112       75       53       38       29       23       18       15       12       10        9        8        7        6        5        5        4        4        4        4        4        3        3        3        3        3        3        3        3        4        4        4        4        5        5        6        6        7        8       10       12       14       17       22       28       37       51       74      112      186     343
         506     606      633      600      546      501      474      470      491      546      648      825     1112     1459     1536     1131      668      384      231      148      100       71       52       40       31       25       20       17       14       12       11        9        8        7        7        6        6        5        5        5        5        5        5        5        5        5        5        5        5        5        5        6        6        7        8        8        9       11       12       14       17       20       24       30       38       50       66       90      126      181      263     377
         471     400      332      282      249      231      225      231      251      290      361      496      778     1428     2544     2237     1006      450      235      139       90       62       44       33       26       21       17       14       12       10        9        8        7        6        6        5        5        5        4        4        4        4        4        4        4        4        4        4        5        5        5        6        6        7        8        9       10       11       13       16       19       24       30       39       53       73      103      152      227      334      446     501
         249     444      724      844      681      480      349      274      231      209      200      205      222      255      315      411      550      665      607      412      246      148       93       62       44       32       24       18       15       12       10        8        7        6        5        5        4        4        4        3        3        3        3        3        3        3        3        3        3        3        3        3        3        3        4        4        4        5        5        6        7        8       10       12       14       18       23       31       42       60       91     145
         506     978     1352     1070      672      444      325      261      226      209      206      215      238      282      360      493      701      890      797      505      286      167      104       69       48       35       27       21       16       13       11        9        8        7        6        5        5        5        4        4        4        3        3        3        3        3        3        3        3        3        3        4        4        4        4        5        5        6        7        8        9       11       13       15       19       25       32       44       62       94      150     263
         351     309      273      246      229      221      222      232      254      292      354      455      613      823      958      829      554      338      210      137       94       67       50       38       30       24       20       17       14       12       11       10        9        8        7        7        6        6        6        6        6        5        5        5        6        6        6        6        6        7        7        8        9       10       11       12       14       16       19       23       28       35       45       58       77      105      146      203      274      345      387     384
         433     445      364      276      215      176      153      141      137      141      154      179      226      316      506      938     1527     1150      507      235      126       76       50       34       25       19       15       12        9        8        7        6        5        4        4        4        3        3        3        3        2        2        2        2        2        2        2        2        2        3        3        3        3        3        4        4        5        5        6        7        8       10       12       16       20       27       37       53       79      123      200     318
         156     226      305      358      364      337      305      281      271      276      300      352      451      637      955     1222      966      522      269      150       91       59       41       29       22       17       13       11        9        7        6        5        5        4        4        3        3        3        2        2        2        2        2        2        2        2        2        2        2        2        2        2        2        3        3        3        4        4        4        5        6        7        8       10       13       16       20       27       36       50       71     105
         171     134      108       90       78       71       66       65       66       70       77       89      110      146      216      369      758     1391     1015      414      188      102       62       41       29       21       16       13       10        9        7        6        5        5        4        4        4        3        3        3        3        3        3        3        3        3        3        3        3        3        3        4        4        4        5        5        6        7        8       10       12       15       20       26       35       49       71      105      153      205      229     210
         193     204      207      204      201      200      203      212      230      258      300      357      422      464      440      351      248      168      114       79       57       42       32       25       20       16       13       11       10        8        7        7        6        5        5        4        4        4        4        4        4        3        3        3        3        3        4        4        4        4        4        5        5        5        6        7        8        9       10       12       14       17       20       25       32       41       52       68       89      114      143     171
         169     348      694      872      619      387      266      206      176      165      167      184      222      298      456      756      960      623      290      143       79       48       31       22       16       12        9        7        6        5        4        3        3        2        2        2        2        2        1        1        1        1        1        1        1        1        1        1        1        1        1        1        1        1        2        2        2        2        3        3        3        4        5        6        8       10       13       17       24       35       55      92
         465     636      454      265      169      122       97       83       76       74       77       85      100      129      187      318      671     1205      752      280      124       66       40       26       18       13       10        8        6        5        4        3        3        2        2        2        2        2        1        1        1        1        1        1        1        1        1        1        1        1        1        1        1        2        2        2        2        2        3        3        4        5        6        8       10       13       18       25       38       63      112     226
         192     145      108       83       67       58       52       49       49       51       55       63       78      103      155      273      607     1143      692      252      112       60       37       24       17       12        9        7        6        5        4        3        3        3        2        2        2        2        2        1        1        1        1        1        1        1        1        1        1        1        2        2        2        2        2        3        3        3        4        5        6        7        9       12       16       22       31       47       74      119      179     214
         101      94       86       80       75       73       72       74       79       88      102      125      165      240      391      704     1044      779      377      188      106       66       44       31       23       18       14       11        9        8        7        6        5        5        4        4        4        3        3        3        3        3        3        3        3        3        3        3        3        3        3        4        4        5        5        6        6        7        9       10       13       15       19       24       31       40       52       66       82       96      105     106
         113     204      377      585      588      425      292      216      174      151      141      141      151      172      213      285      408      556      555      365      201      113       68       44       30       21       16       12        9        8        6        5        4        4        3        3        2        2        2        2        2        2        2        1        1        1        1        1        1        1        1        2        2        2        2        2        2        2        3        3        4        4        5        6        8        9       12       16       21       30       44      68
         279     499      657      553      382      272      211      178      162      159      168      190      235      318      467      667      676      426      223      121       72       46       31       22       16       12       10        8        6        5        4        4        3        3        2        2        2        2        2        2        1        1        1        1        1        1        1        1        1        1        1        2        2        2        2        2        3        3        3        4        5        5        7        8       10       14       18       25       36       54       87     150
         184     257      283      245      191      149      121      104       94       90       90       96      107      129      167      238      373      582      633      398      203      109       64       41       28       20       15       11        9        7        6        5        4        4        3        3        2        2        2        2        2        2        2        2        2        1        1        1        2        2        2        2        2        2        2        2        3        3        3        4        5        6        7        8       10       13       17       23       33       48       74     117
         238     279      243      181      133      102       83       72       65       62       61       64       70       81       99      133      200      350      698      983      564      239      116       65       41       27       19       14       11        9        7        6        5        4        4        3        3        3        2        2        2        2        2        2        2        2        2        2        2        2        2        2        2        2        2        3        3        3        4        4        5        6        7        9       11       15       20       28       40       61       97     158
          71     127      233      368      378      274      185      134      105       89       81       78       80       88      103      132      187      300      515      642      402      188       95       54       33       22       16       11        9        7        5        4        4        3        3        2        2        2        1        1        1        1        1        1        1        1        1        1        1        1        1        1        1        1        1        1        1        2        2        2        2        3        3        4        5        6        8       10       14       19       28      43
         470     486      274      153       98       71       57       49       44       42       43       46       52       62       81      119      202      409      693      459      185       85       46       28       18       13        9        7        5        4        4        3        2        2        2        2        1        1        1        1        1        1        1        1        1        1        1        1        1        1        1        1        1        1        1        1        2        2        2        3        3        4        5        6        8       10       14       21       33       55      106     231
         125     106       87       72       62       56       52       51       52       55       62       75       96      136      219      402      650      512      238      113       61       37       25       17       12        9        7        6        5        4        3        3        2        2        2        2        2        1        1        1        1        1        1        1        1        1        1        1        1        1        1        2        2        2        2        2        3        3        4        4        5        7        8       11       15       20       28       40       59       85      114     130
          85     115      141      151      142      124      107       94       86       81       79       81       87       99      120      156      223      347      536      586      377      196      107       63       41       28       20       15       11        9        7        6        5        4        4        3        3        3        2        2        2        2        2        2        2        2        2        2        2        2        2        2        2        2        2        2        2        3        3        3        4        5        6        7        8       10       13       17       22       30       42      60
