SWAN 1
LOCATIONS
     1
     -67.28  18.38
AFREQ
     56
     0.0300
     0.0400
     0.0500
     0.0600
     0.0700
     0.0800
     0.0900
     0.1000
     0.1100
     0.1200
     0.1300
     0.1400
     0.1500
     0.1600
     0.1700
     0.1800
     0.1900
     0.2000
     0.2100
     0.2200
     0.2300
     0.2400
     0.2500
     0.2600
     0.2700
     0.2800
     0.2900
     0.3000
     0.3100
     0.3200
     0.3300
     0.3400
     0.3500
     0.3600
     0.3700
     0.3800
     0.3900
     0.4000
     0.4100
     0.4200
     0.4300
     0.4400
     0.4500
     0.4600
     0.4700
     0.4800
     0.4900
     0.5000
     0.5100
     0.5200
     0.5300
     0.5400
     0.5500
     0.5600
     0.5700
     0.5800
NDIR
     72
     5.0000
     10.0000
     15.0000
     20.0000
     25.0000
     30.0000
     35.0000
     40.0000
     45.0000
     50.0000
     55.0000
     60.0000
     65.0000
     70.0000
     75.0000
     80.0000
     85.0000
     90.0000
     95.0000
     100.0000
     105.0000
     110.0000
     115.0000
     120.0000
     125.0000
     130.0000
     135.0000
     140.0000
     145.0000
     150.0000
     155.0000
     160.0000
     165.0000
     170.0000
     175.0000
     180.0000
     185.0000
     190.0000
     195.0000
     200.0000
     205.0000
     210.0000
     215.0000
     220.0000
     225.0000
     230.0000
     235.0000
     240.0000
     245.0000
     250.0000
     255.0000
     260.0000
     265.0000
     270.0000
     275.0000
     280.0000
     285.0000
     290.0000
     295.0000
     300.0000
     305.0000
     310.0000
     315.0000
     320.0000
     325.0000
     330.0000
     335.0000
     340.0000
     345.0000
     350.0000
     355.0000
     360.0000
QUANT
     1
VaDens
m2/Hz/degr
     -999.000000
FACTOR
     1.00000E-06
          72      70       68       66       65       65       65       65       66       67       68       69       70       70       70       68       66       63       59       55       50       45       41       37       33       30       27       24       22       20       19       17       16       15       15       14       13       13       13       13       13       13       13       13       13       14       14       15       16       17       18       20       22       24       26       29       33       37       42       47       53       60       66       71       76       80       82       82       81       79       77      74
         702     623      544      472      412      363      323      291      265      245      230      217      208      202      198      195      195      196      198      201      206      211      216      221      226      229      231      230      227      221      213      203      192      180      169      158      147      137      129      121      115      109      105      101       98       96       95       94       94       95       97      100      104      109      116      124      134      147      163      182      207      238      277      326      387      460      546      638      723      780      796     765
       11843    7739     5032     3392     2386     1747     1323     1032      826      675      562      476      410      357      315      281      254      231      213      197      185      174      166      159      153      149      146      143      142      142      142      144      146      149      154      159      165      173      182      192      204      218      234      252      273      297      324      355      390      429      474      524      581      644      717      799      894     1004     1134     1289     1480     1719     2028     2439     3008     3823     5038     6911     9796    13735    16986   16136
       43484   19503    10751     6686     4505     3217     2401     1857     1478     1206     1005      854      737      646      574      517      471      434      404      379      360      345      334      326      321      318      319      322      328      337      350      366      386      412      443      482      530      589      663      756      873     1023     1219     1476     1822     2292     2945     3863     5162     6983     9423    12357    15186    16955    17125    16070    14561    13151    12078    11404    11141    11311    11989    13352    15778    20105    28437    47312   106665   505494  1005620  150878
       89092   42509    24155    15283    10406     7476     5599     4335     3451     2812     2338     1979     1702     1485     1313     1175     1063      973      899      838      789      749      718      693      675      662      655      652      655      663      676      694      718      749      787      834      890      958     1039     1136     1253     1393     1562     1766     2013     2311     2673     3111     3638     4268     5013     5879     6865     7957     9134    10370    11647    12966    14359    15904    17730    20042    23173    27690    34665    46374    68482   118692   276600  1025670  1125790  259166
       24896   19216    14754    11114     8196     5955     4305     3125     2293     1708     1295      999      784      626      508      419      350      296      254      221      194      172      155      140      128      118      110      103       98       94       90       87       85       84       83       83       84       85       87       90       93       97      103      109      117      127      139      154      171      193      220      255      298      354      427      524      655      838     1097     1479     2060     2986     4537     7306    12610    23437    45034    74623    82262    63664    44997   32817
       34572   19212    11768     7746     5384     3905     2932     2266     1794     1451     1195     1001      852      734      641      566      506      457      416      383      355      332      314      298      286      276      269      264      260      259      259      262      266      272      281      291      304      321      340      364      392      426      466      515      573      643      728      831      957     1113     1305     1543     1838     2208     2669     3244     3962     4856     5968     7355     9100    11338    14303    18430    24578    34578    52745    90076   167694   235056   154461   70500
      420288  433013   202738    85680    42222    23749    14692     9745     6816     4972     3754     2917     2323     1889     1566     1320     1130      981      863      768      691      628      577      535      501      473      450      432      418      408      402      398      398      400      406      415      428      444      465      491      522      561      607      664      733      817      920     1047     1206     1406     1659     1984     2406     2958     3689     4665     5975     7730    10060    13078    16827    21209    25956    30753    35463    40331    46081    54023    66527    88521   132091  229739
      554478  672881   263743    96059    44321    24118    14640     9596     6661     4834     3637     2820     2242     1823     1511     1274     1091      948      835      744      671      611      562      522      490      464      443      426      414      405      400      398      399      403      410      421      436      455      480      509      546      590      645      711      793      894     1020     1178     1380     1640     1979     2430     3039     3878     5054     6735     9177    12748    17918    25077    34014    43254    50410    54131    55283    55856    57718    62561    72746    93239   137378  249216
       28714   37411    54167    83150   103764    75214    38391    19527    10908     6660     4364     3022     2188     1643     1271     1010      820      679      573      490      426      375      334      302      275      253      236      221      210      201      193      188      184      182      182      183      185      189      195      202      212      224      239      257      280      308      342      384      436      503      587      697      840     1033     1296     1664     2194     2977     4174     6058     9083    13876    20779    28349    32744    32002    28527    25089    22779    21791    22187   24239
       16929   23749    35240    49033    49025    32373    18070    10329     6333     4151     2877     2085     1568     1217      969      789      656      555      477      416      368      329      298      272      252      235      221      210      202      195      190      187      186      186      187      190      195      201      209      219      232      248      267      291      319      354      397      450      515      597      700      830      997     1211     1487     1841     2290     2847     3508     4243     4990     5665     6200     6576     6831     7038     7281     7646     8227     9150    10616   12982
       38631   42383    40291    33128    24622    17471    12294     8749     6348     4706     3565     2757     2172     1742     1420     1175      986      838      721      628      552      491      441      399      365      336      312      293      276      263      252      243      237      232      228      227      227      228      231      236      243      251      262      275      291      310      332      359      392      431      478      534      602      685      787      913     1069     1264     1510     1823     2222     2735     3399     4263     5392     6873     8822    11396    14799    19275    25022   31883
       10310   22397    73445   141940    45459    14692     6838     3877     2473     1706     1245      949      747      605      501      424      364      318      281      252      229      210      194      181      171      162      155      150      146      143      141      140      140      141      142      145      148      153      158      165      172      181      191      203      216      231      247      266      286      308      333      359      388      419      453      489      528      570      617      670      730      800      883      984     1112     1276     1495     1797     2233     2899     3996    6001
        3815    4838     6521     9371    13829    17903    16069    10219     5861     3485     2210     1489     1054      778      594      467      376      309      259      221      191      168      149      134      122      112      104       98       92       88       85       82       80       79       79       79       80       81       83       86       90       94      100      106      115      124      136      151      168      189      215      246      285      332      390      461      548      651      773      912     1064     1223     1380     1529     1667     1794     1919     2055     2218     2433     2732    3164
        4295    6505    11176    22448    42125    35875    16074     7470     4061     2485     1652     1168      864      664      525      426      352      297      255      222      196      175      158      144      133      123      116      109      104      100       97       95       93       92       92       93       93       95       97      100      104      109      114      121      128      137      148      160      174      190      208      229      253      281      312      347      386      429      477      530      589      654      727      810      907     1021     1162     1341     1577     1902     2372    3095
       16012   18130    18084    16393    13722    10632     7685     5292     3565     2403     1643     1148      822      603      453      348      273      218      177      146      123      104       90       78       69       61       55       50       46       43       40       37       36       34       33       32       31       31       31       31       31       32       32       33       35       37       39       41       44       48       53       58       65       74       84       98      114      136      164      200      250      317      412      547      746     1046     1513     2258     3468     5419     8389   12265
       19626   15551     9729     6020     3941     2736     1991     1503     1169      929      753      619      516      435      370      318      275      240      211      187      167      150      136      124      113      105       97       91       85       81       77       74       71       69       67       66       65       64       64       64       65       66       68       70       72       75       79       84       89       95      103      112      123      136      152      171      195      224      261      308      367      446      550      694      895     1188     1632     2340     3539     5700     9697   15914
        2201    2875     3952     5631     7677     8361     6473     4042     2432     1523     1007      699      507      380      294      234      190      157      132      113       98       86       77       69       63       58       53       50       47       45       43       42       41       40       39       39       39       40       41       42       43       45       47       50       54       58       62       68       75       83       93      104      118      135      155      180      209      243      284      332      386      448      516      590      671      757      852      961     1089     1251     1465    1763
        2327    2922     3971     6049    10723    20037    21252    10187     4368     2179     1240      775      519      366      270      205      160      129      105       88       74       64       56       49       44       40       36       33       31       29       28       26       25       25       24       24       24       24       24       25       25       26       27       29       30       33       35       38       42       46       52       59       67       78       91      107      128      155      190      235      293      367      460      574      708      858     1017     1177     1337     1505     1700    1955
        2489    2646     2976     3601     4749     6762     9301     9227     5807     3033     1636      956      602      403      283      207      156      121       97       79       65       55       47       41       36       32       29       26       24       22       21       20       19       18       17       17       17       17       17       17       17       18       18       19       20       21       23       25       27       30       33       37       43       49       57       68       82      101      125      159      207      274      372      514      721     1011     1384     1791     2134     2336     2409    2433
        2272    2424     2592     2793     3026     3255     3385     3287     2898     2318     1731     1249      897      651      481      363      280      220      177      144      120      101       86       75       65       58       52       47       43       40       37       35       33       31       30       29       29       28       28       28       29       29       30       31       32       34       36       38       41       44       49       54       60       68       78       90      105      124      149      181      222      277      350      447      574      738      943     1184     1444     1699     1925    2113
        3947    5405     5949     5312     4242     3285     2549     1992     1561     1219      948      733      565      436      338      264      208      166      134      109       90       76       64       55       47       41       37       33       29       27       25       23       21       20       19       18       17       17       16       16       16       16       16       16       17       17       18       19       20       21       22       24       26       29       32       36       41       48       55       65       78       95      117      148      190      251      340      475      687     1031     1604    2550
        3534    4132     4091     3722     3351     3095     2946     2849     2715     2450     2029     1539     1098      763      530      374      270      199      151      117       92       74       61       50       43       37       32       28       25       22       20       18       17       16       15       14       14       13       13       12       12       12       12       13       13       13       14       14       15       16       17       19       20       23       25       29       33       38       44       53       64       78       98      126      166      224      312      450      673     1042     1645    2538
        2433    2727     2738     2613     2468     2332     2167     1920     1575     1189      845      583      402      281      200      146      109       84       65       52       42       35       29       25       21       18       16       14       13       12       11       10        9        9        8        8        8        8        7        7        7        7        7        8        8        8        9        9       10       10       11       12       14       15       17       20       23       27       32       38       47       59       75       97      130      179      252      368      554      850     1299    1883
        2746    3350     3484     3300     3059     2879     2763     2646     2431     2059     1580     1123      768      522      360      254      184      137      104       81       64       52       43       36       30       26       23       20       18       16       14       13       12       11       11       10       10       10        9        9        9        9        9        9        9       10       10       11       11       12       13       14       15       17       19       22       25       29       34       40       49       60       75       97      127      172      239      344      513      791     1245    1929
        3270    2603     1883     1404     1114      939      836      777      749      740      740      736      713      659      574      473      373      287      220      169      131      103       82       67       55       46       39       34       29       26       23       21       19       17       16       15       14       13       13       13       12       12       12       12       12       12       13       13       14       15       16       17       18       20       22       25       28       33       38       45       55       68       85      110      146      201      289      437      700     1185     2031    3040
        1316    2462     3709     3559     2553     1797     1367     1132     1011      961      961      997     1046     1069     1014      861      659      472      330      232      166      122       91       70       55       44       36       30       25       22       19       17       15       13       12       11       10       10        9        9        8        8        8        8        8        8        8        8        8        9        9        9       10       11       12       13       14       16       18       21       25       29       35       43       54       69       91      125      177      264      419     715
        2510    1775     1243      934      757      657      603      580      580      595      617      629      611      551      458      356      266      196      145      109       83       65       52       42       34       29       24       21       18       16       14       13       12       11       10        9        9        9        8        8        8        8        8        8        8        8        8        9        9       10       10       11       12       14       15       17       20       23       27       32       39       49       63       82      112      158      233      367      618     1114     1986    2767
         633     884     1244     1730     2307     2834     3114     3060     2761     2362     1960     1596     1282     1018      802      628      491      385      303      240      192      156      127      105       88       74       64       55       48       42       38       34       30       28       26       24       22       21       20       19       19       18       18       17       17       17       18       18       18       19       20       21       22       23       25       27       29       32       36       40       46       52       61       72       85      103      126      158      200      259      342     460
         254     356      519      794     1278     2148     3584     5166     5494     4455     3263     2402     1827     1431     1143      921      742      595      475      377      299      237      189      151      123      100       83       69       58       50       43       37       33       29       26       23       21       20       18       17       16       15       15       14       14       13       13       13       13       13       14       14       14       15       16       17       18       19       21       23       25       28       32       37       42       50       59       72       88      111      142     187
         285     466      850     1817     4626     8720     6013     2904     1661     1121      850      700      614      565      539      526      520      509      487      446      387      320      255      199      154      120       94       75       60       49       41       34       29       25       22       19       17       16       14       13       12       11       11       10       10       10        9        9        9        9        9       10       10       10       11       12       12       13       15       16       18       20       23       27       32       38       46       58       74       97      132     189
         488     769     1175     1612     1860     1842     1699     1568     1496     1487     1516     1529     1443     1210      896      612      407      272      187      132       96       71       55       43       34       28       23       19       17       14       12       11       10        9        8        7        7        7        6        6        6        6        5        5        5        5        5        6        6        6        6        7        7        8        8        9       10       11       13       15       17       20       24       29       36       45       58       76      104      145      210     315
         249     328      433      566      725      902     1081     1240     1358     1412     1381     1260     1070      852      648      481      353      261      195      147      114       89       71       57       47       39       33       28       24       21       19       17       15       14       12       12       11       10       10        9        9        9        8        8        8        8        8        8        9        9        9       10       10       11       12       13       14       15       17       19       22       25       29       34       40       48       58       72       90      114      146     190
         367     517      728     1003     1314     1597     1789     1874     1880     1839     1761     1634     1444     1200      938      700      510      368      268      198      148      114       88       70       57       46       39       33       28       24       21       19       17       15       14       13       12       11       10       10        9        9        9        9        9        9        9        9        9        9       10       10       11       12       12       13       15       16       18       21       23       27       32       37       45       55       68       86      110      144      193     264
         394     622      961     1323     1481     1365     1150      967      845      777      753      766      811      878      942      950      854      675      486      335      231      162      117       87       66       51       41       33       27       23       19       17       15       13       12       10       10        9        8        8        7        7        7        7        6        6        6        6        7        7        7        7        8        8        9        9       10       11       13       14       17       19       23       27       33       41       51       67       89      122      173     256
         138     187      261      371      534      758     1024     1258     1370     1346     1243     1120     1004      900      803      706      606      504      407      321      249      192      149      116       91       72       58       48       39       33       28       24       21       18       16       15       13       12       11       10       10        9        9        8        8        8        8        8        8        8        8        8        8        9        9       10       10       11       12       13       15       16       18       21       24       29       34       41       50       63       80     104
         357     591      819      807      617      444      333      266      226      204      194      193      203      225      265      333      449      643      892      962      700      409      236      145       94       65       47       35       27       22       17       14       12       10        9        8        7        6        6        5        5        5        5        4        4        4        4        4        4        4        4        5        5        5        5        6        6        7        8        9       10       12       14       17       21       26       34       45       62       88      133     213
         384     678     1086     1238      981      683      491      379      314      277      259      255      264      287      328      393      487      598      666      607      450      299      195      130       90       65       48       37       29       23       19       16       13       12       10        9        8        7        7        6        6        5        5        5        5        5        5        5        5        5        5        5        5        6        6        7        7        8        9       10       12       13       16       19       23       29       37       49       67       95      142     226
         223     347      475      502      421      322      247      198      168      149      139      135      137      146      161      186      222      270      321      345      312      238      165      112       77       55       40       30       23       19       15       12       10        9        8        7        6        5        5        5        4        4        4        4        3        3        3        3        3        3        3        4        4        4        4        5        5        6        6        7        8        9       11       13       16       20       25       33       45       63       92     141
         106     133      166      204      247      292      337      381      422      462      499      534      560      567      545      489      410      325      248      187      141      107       82       64       51       41       33       28       23       20       17       15       13       12       11       10        9        8        8        7        7        6        6        6        6        6        6        6        6        6        6        6        7        7        8        8        9        9       10       11       13       14       17       19       22       26       31       37       45       55       68      85
         107     103      101      102      106      114      127      150      186      250      374      653     1397     2679     1859      717      322      173      106       70       49       37       28       22       18       15       13       11        9        8        7        7        6        6        5        5        5        5        5        5        5        5        5        5        5        5        5        6        6        7        8        8        9       11       12       14       17       20       25       31       39       49       62       79       98      117      132      139      138      131      122     114
         160     157      149      140      132      126      124      125      129      138      153      176      210      257      313      359      358      299      218      150      103       73       53       39       30       24       19       16       13       11       10        8        7        7        6        6        5        5        5        4        4        4        4        4        4        4        4        4        4        5        5        5        6        6        7        7        8       10       11       13       15       18       22       28       35       44       57       73       94      117      139     154
         102     139      192      267      364      465      533      540      497      434      374      326      288      260      239      221      206      191      176      160      142      124      106       90       75       62       52       43       36       30       26       22       19       17       15       13       12       11       10        9        8        8        7        7        7        6        6        6        6        6        6        6        7        7        7        7        8        8        9       10       11       12       14       16       18       21       25       30       37       46       59      77
         124     183      267      364      433      438      395      340      295      263      244      236      237      246      262      281      295      292      264      217      165      120       87       64       47       36       28       22       18       14       12       10        9        8        7        6        5        5        4        4        4        4        3        3        3        3        3        3        3        3        3        3        4        4        4        4        5        5        6        6        7        8       10       11       13       16       20       26       33       44       61      86
          54      73      100      138      185      235      267      271      250      221      193      170      153      141      133      129      126      125      124      122      118      110       99       86       72       59       48       39       32       26       21       18       15       13       11        9        8        7        7        6        5        5        5        4        4        4        4        4        4        4        4        4        4        4        4        4        4        5        5        6        6        7        8        9       10       12       14       16       20       25       32      41
          66      84      108      137      169      199      222      233      233      226      216      207      199      194      191      189      189      187      183      175      161      142      121      100       81       65       53       43       35       29       24       20       17       15       13       11       10        9        8        7        7        6        6        6        5        5        5        5        5        5        5        5        5        5        6        6        6        7        7        8        9        9       11       12       14       16       19       22       27       33       41      52
          87     137      214      297      320      271      206      158      126      105       93       86       83       84       88       97      111      133      164      202      232      226      181      127       85       58       40       29       21       16       13       10        8        7        6        5        4        4        3        3        3        3        2        2        2        2        2        2        2        2        2        2        2        2        2        3        3        3        3        4        4        5        6        7        8       10       12       16       21       28       39      57
          92     131      176      209      214      192      162      136      116      102       94       89       87       89       94      104      119      141      171      207      236      235      196      143       99       68       48       35       26       20       16       13       10        9        7        6        6        5        4        4        4        3        3        3        3        3        3        3        3        3        3        3        3        3        3        3        4        4        4        5        6        6        7        9       10       13       16       20       25       34       46      65
          44      57       74       96      122      150      178      201      216      225      231      236      244      256      273      295      318      333      326      290      235      177      129       93       68       51       39       30       24       19       16       13       11        9        8        7        6        6        5        5        4        4        4        4        3        3        3        3        3        3        3        3        3        3        4        4        4        4        5        5        6        6        7        8        9       11       13       15       18       22       28      35
         103     122      129      123      110       97       85       76       70       66       64       64       67       71       79       91      107      127      151      167      164      139      105       75       53       39       29       22       17       13       11        9        7        6        6        5        4        4        4        3        3        3        3        3        2        2        2        2        2        2        3        3        3        3        3        3        4        4        5        5        6        7        8       10       12       15       19       25       33       44       60      80
          53      69       87      106      121      131      133      130      125      120      116      114      115      119      126      135      146      157      163      159      143      119       93       70       53       40       31       24       19       15       12       10        9        7        6        6        5        5        4        4        3        3        3        3        3        3        3        3        3        3        3        3        3        3        3        3        4        4        4        5        5        6        7        8        9       11       13       16       20       25       32      41
          27      38       55       86      142      244      388      459      380      267      190      143      115       98       88       83       82       83       88       97      109      125      142      153      150      129      100       73       53       38       28       21       17       13       11        9        7        6        5        5        4        4        3        3        3        3        2        2        2        2        2        2        2        2        2        2        2        2        3        3        3        3        4        4        5        6        7        8       10       12       15      20
          89     141      211      261      248      197      149      116       95       82       74       70       69       71       76       86      101      126      164      215      257      246      184      119       76       50       34       24       18       14       11        9        7        6        5        4        4        3        3        3        2        2        2        2        2        2        2        2        2        2        2        2        2        2        2        2        2        3        3        3        4        4        5        6        8        9       12       15       20       27       39      58
          63      76       90      104      114      122      128      133      138      145      155      171      194      229      280      349      425      461      411      303      203      133       90       63       45       34       26       20       16       13       11        9        8        7        6        6        5        5        4        4        4        3        3        3        3        3        3        3        3        3        3        3        3        4        4        4        4        5        5        6        7        8        9       11       12       15       18       22       27       33       41      51
          70     100      133      157      156      138      116       97       84       75       70       68       69       73       80       93      114      147      196      256      283      235      157       97       61       41       28       20       15       12        9        7        6        5        4        4        3        3        3        2        2        2        2        2        2        2        2        2        2        2        2        2        2        2        2        2        2        3        3        3        4        4        5        6        7        9       11       14       18       25       34      48
          32      42       57       74       93      107      112      107       97       87       78       71       66       63       62       62       64       67       72       77       83       85       84       77       66       53       42       32       25       20       16       12       10        8        7        6        5        4        4        4        3        3        3        2        2        2        2        2        2        2        2        2        2        2        2        2        2        3        3        3        3        4        4        5        6        7        8       10       12       15       19      24
