SWAN 1
LOCATIONS
     1
     -67.28  18.38
AFREQ
     56
     0.0300
     0.0400
     0.0500
     0.0600
     0.0700
     0.0800
     0.0900
     0.1000
     0.1100
     0.1200
     0.1300
     0.1400
     0.1500
     0.1600
     0.1700
     0.1800
     0.1900
     0.2000
     0.2100
     0.2200
     0.2300
     0.2400
     0.2500
     0.2600
     0.2700
     0.2800
     0.2900
     0.3000
     0.3100
     0.3200
     0.3300
     0.3400
     0.3500
     0.3600
     0.3700
     0.3800
     0.3900
     0.4000
     0.4100
     0.4200
     0.4300
     0.4400
     0.4500
     0.4600
     0.4700
     0.4800
     0.4900
     0.5000
     0.5100
     0.5200
     0.5300
     0.5400
     0.5500
     0.5600
     0.5700
     0.5800
NDIR
     72
     5.0000
     10.0000
     15.0000
     20.0000
     25.0000
     30.0000
     35.0000
     40.0000
     45.0000
     50.0000
     55.0000
     60.0000
     65.0000
     70.0000
     75.0000
     80.0000
     85.0000
     90.0000
     95.0000
     100.0000
     105.0000
     110.0000
     115.0000
     120.0000
     125.0000
     130.0000
     135.0000
     140.0000
     145.0000
     150.0000
     155.0000
     160.0000
     165.0000
     170.0000
     175.0000
     180.0000
     185.0000
     190.0000
     195.0000
     200.0000
     205.0000
     210.0000
     215.0000
     220.0000
     225.0000
     230.0000
     235.0000
     240.0000
     245.0000
     250.0000
     255.0000
     260.0000
     265.0000
     270.0000
     275.0000
     280.0000
     285.0000
     290.0000
     295.0000
     300.0000
     305.0000
     310.0000
     315.0000
     320.0000
     325.0000
     330.0000
     335.0000
     340.0000
     345.0000
     350.0000
     355.0000
     360.0000
QUANT
     1
VaDens
m2/Hz/degr
     -999.000000
FACTOR
     1.00000E-06
           9      10       12       13       14       13       12       10        9        7        6        5        4        4        3        3        3        2        2        2        2        2        2        2        2        2        2        2        2        2        3        3        3        4        4        5        5        6        6        7        7        7        7        7        6        6        5        4        4        4        3        3        3        2        2        2        2        2        2        2        2        2        2        3        3        3        3        4        5        5        6       7
          33      40       49       61       75       92      108      116      112       99       82       66       53       43       35       29       25       22       19       17       15       14       13       12       12       11       11       11       11       11       11       11       11       12       12       13       13       14       14       15       15       16       16       17       17       17       16       16       16       15       15       14       14       13       13       12       12       12       12       12       12       12       13       13       14       15       16       17       19       21       24      28
          64      47       36       29       25       21       19       17       16       15       14       14       14       14       15       16       17       19       22       25       30       36       45       57       73       91      103      102       88       68       51       39       29       23       19       15       13       11       10        9        8        7        7        6        6        6        6        6        6        6        6        6        7        7        8        9       10       11       13       16       19       25       33       45       66      102      163      242      272      214      141      93
          98      79       65       56       50       45       42       39       38       37       37       37       39       41       43       47       52       58       66       76       89      102      116      128      132      127      115       99       83       68       56       47       39       34       29       26       23       21       19       18       17       16       15       15       15       15       15       15       16       17       18       19       21       23       26       30       36       43       54       69       93      133      204      343      638     1143     1296      827      456      273      180     129
         800     690      596      518      454      400      356      320      288      262      239      219      202      186      173      160      149      139      130      121      114      107      100       95       89       85       81       77       74       71       68       66       64       63       62       61       60       60       60       61       61       63       64       66       68       71       75       80       85       91       99      108      118      132      148      167      191      222      260      307      368      445      542      661      800      950     1086     1178     1199     1147     1046     922
        4082    2686     1863     1347     1008      776      612      494      406      339      287      247      215      190      169      152      139      127      118      110      104       99       94       91       89       87       86       85       85       86       87       89       92       95      100      105      112      119      129      140      153      169      189      212      240      275      318      370      436      517      619      748      909     1112     1367     1685     2082     2574     3187     3961     4964     6319     8268    11290    16408    25763    41926    55037    42114    22415    11690    6628
        9578    6070     4089     2889     2120     1606     1250      995      808      669      562      480      415      363      322      288      260      238      219      204      191      181      173      166      161      157      154      153      153      154      156      159      163      169      176      185      196      209      225      245      268      296      330      371      421      483      560      656      776      929     1124     1374     1696     2114     2653     3348     4239     5372     6802     8605    10906    13940    18181    24628    35534    56388    99474   160294   138151    67029    31208   16384
       30958   20386    13383     8965     6182     4395     3217     2419     1863     1467     1178      964      801      676      579      502      440      391      351      318      291      269      250      236      223      213      206      200      195      193      191      192      193      197      201      208      216      227      240      256      275      298      327      361      404      456      520      601      704      835     1005     1230     1529     1936     2500     3296     4437     6100     8540    12104    17157    23866    31825    39945    47091    52961    58078    62855    66431    65920    58251   44791
       25026   17940    12478     8567     5898     4117     2931     2133     1588     1208      938      743      599      491      409      345      295      256      224      199      178      161      147      136      126      118      112      107      103       99       97       95       95       95       95       96       99      101      105      110      116      123      132      143      157      173      192      216      246      284      332      393      472      576      717      911     1183     1577     2164     3073     4536     7005    11369    19373    33854    56075    76485    79424    68342    54961    43389   33542
       15577   13830    11800     9573     7412     5560     4109     3036     2264     1713     1317     1031      822      666      548      458      388      333      290      255      226      204      185      169      157      146      138      131      125      121      118      115      114      114      114      115      118      121      125      131      138      146      157      169      185      204      227      256      293      338      396      472      571      704      886     1143     1514     2071     2943     4375     6866    11470    20314    36125    54351    57387    45835    34267    26694    22086    19211   17234
       54671   55782    39954    22400    12101     6899     4209     2730     1864     1327      980      745      582      465      379      315      266      228      198      174      155      139      127      116      108      101       95       91       87       84       82       81       81       81       81       83       85       87       91       95      101      108      116      127      139      155      174      198      228      266      316      381      467      585      750      987     1339     1885     2773     4301     7121    12711    24252    45045    63883    60568    47426    38168    33913    33624    37090   44721
       35213   46634    50453    34304    17410     8777     4811     2870     1836     1241      879      645      489      381      304      247      205      173      148      128      113      100       90       82       75       70       65       62       59       56       54       53       52       52       52       52       53       54       56       59       62       65       70       75       82       90      100      113      128      148      173      205      248      305      383      493      652      892     1268     1895     3014     5213    10118    22960    58820   102033    75827    44749    31196    25992    25191   27999
       35702   68776    67884    28316    11400     5533     3097     1913     1270      890      651      493      384      307      250      208      176      152      132      117      104       94       86       79       74       70       66       63       61       60       58       58       58       58       59       60       62       65       68       72       77       83       90       99      110      124      141      163      190      226      273      336      422      542      715      972     1366     1993     3016     4698     7296    10526    12893    13077    11808    10417     9503     9203     9594    10912    13823   20203
       33788   61998    37964    13456     5771     2998     1769     1139      782      563      422      326      259      211      175      148      127      110       97       87       78       72       66       62       58       55       53       51       50       49       49       49       49       50       51       53       55       58       62       66       72       78       87       97      110      126      146      173      208      254      317      405      531      717     1003     1455     2194     3406     5258     7463     8834     8545     7352     6197     5395     4954     4838     5054     5697     7039     9811   16241
       20623   35304    35691    17882     7951     4024     2302     1444      969      685      505      385      302      243      199      166      142      122      107       95       85       77       71       66       61       58       55       53       51       50       49       49       49       50       51       52       54       56       59       63       67       73       80       88       99      112      128      148      175      209      254      314      397      513      680      923     1286     1828     2620     3682     4856     5752     6053     5854     5477     5168     5042     5167     5627     6599     8492   12321
       17685   16423    11703     7321     4532     2911     1958     1375     1003      755      585      464      376      311      261      223      192      169      150      134      122      111      103       96       90       86       82       79       77       75       74       74       74       75       76       78       81       84       88       93       99      107      116      127      140      155      174      198      226      261      305      360      428      513      619      752      917     1117     1355     1631     1940     2277     2637     3023     3450     3952     4586     5444     6675     8511    11247   14862
       12068   15301    15732    11523     6795     3877     2317     1470      985      691      505      380      295      234      190      157      133      113       98       86       77       69       63       57       53       50       47       45       43       42       41       40       40       40       40       41       42       43       45       47       50       54       58       63       70       78       88      100      115      135      160      192      236      295      377      492      658      904     1273     1830     2652     3763     5008     5997     6418     6357     6132     6001     6109     6571     7543    9284
       13772    9882     5884     3475     2163     1428      991      718      539      417      331      268      222      187      160      138      121      108       97       88       81       75       70       66       63       60       58       56       55       55       54       55       55       56       58       60       62       65       69       73       79       85       93      102      113      126      142      161      184      212      247      288      338      398      469      553      650      760      883     1019     1168     1332     1519     1740     2015     2379     2888     3643     4823     6747     9790   13322
        3685    3280     2905     2541     2183     1835     1512     1226      984      786      629      506      409      335      276      231      195      167      144      125      111       98       89       80       73       68       63       59       56       54       52       50       49       48       48       47       48       48       49       51       53       55       58       62       66       72       78       86       96      108      123      142      165      195      234      286      355      448      579      763     1030     1419     1987     2792     3840     4973     5831     6099     5819     5268     4676    4144
        3461    3072     2560     2025     1548     1166      877      664      510      398      315      254      207      172      145      123      107       93       82       73       66       60       55       51       48       45       43       41       40       39       38       37       37       37       38       38       39       41       42       45       47       50       54       59       64       71       79       90      102      118      137      161      193      233      285      354      444      564      722      928     1188     1504     1864     2238     2592     2899     3149     3351     3517     3646     3714    3671
        2082    2633     3547     4816     5572     4552     2804     1606      956      605      405      285      208      158      123       98       80       67       56       48       42       37       33       30       27       25       24       22       21       20       20       19       19       19       19       19       19       20       20       21       22       24       25       27       30       33       37       41       47       55       65       77       94      116      146      188      247      334      462      649      916     1259     1617     1865     1923     1835     1699     1583     1518     1516     1590    1763
        3073    4249     6085     7736     6865     4294     2413     1406      876      581      406      296      223      174      138      113       94       79       68       60       53       47       43       39       36       34       32       30       29       28       27       27       27       27       27       27       28       29       30       32       34       36       39       43       47       53       59       68       78       92      109      132      162      202      256      331      434      574      759      987     1236     1457     1599     1648     1631     1590     1560     1564     1620     1749     1983    2386
        2302    2643     2986     3133     2864     2243     1577     1064      720      498      355      260      196      152      120       97       80       67       56       49       42       37       33       30       27       25       23       22       21       20       19       18       18       18       18       18       18       18       19       19       20       21       22       24       25       28       30       34       38       43       49       56       66       78       94      115      142      178      226      290      377      490      633      804      990     1172     1330     1461     1574     1690     1835    2032
         982     995     1090     1301     1718     2548     4062     5179     3620     1770      883      490      299      196      136       98       74       57       45       37       30       26       22       19       17       15       13       12       11       10       10        9        9        9        8        8        8        8        8        8        9        9        9       10       10       11       12       13       15       16       18       21       25       29       35       42       53       68       89      120      167      245      375      603     1002     1606     2149     2172     1804     1433     1182    1040
        4326    4221     3995     3774     3553     3252     2797     2213     1620     1131      776      536      377      271      200      151      116       92       74       60       50       42       36       31       27       24       22       19       18       16       15       14       14       13       12       12       12       12       11       12       12       12       12       13       13       14       15       16       17       18       20       22       25       28       32       38       44       53       64       79      100      128      168      227      316      452      669     1018     1572     2377     3322    4062
        4289    3153     2386     1950     1711     1584     1507     1425     1287     1076      829      602      424      299      213      154      115       87       68       54       43       36       30       25       22       19       16       15       13       12       11       10        9        9        8        8        8        8        8        7        7        7        8        8        8        8        9        9       10       11       12       13       14       16       19       21       25       30       36       44       55       70       92      125      176      258      399      658     1168     2194     3875    4975
         617     551      523      524      554      617      719      866     1037     1141     1053      801      543      357      239      165      118       88       67       52       42       34       29       24       21       18       16       14       13       12       11       10       10        9        9        9        8        8        8        8        8        9        9        9       10       10       11       12       13       15       16       18       21       25       29       35       44       55       71       95      132      192      297      497      916     1828     3216     3354     2226     1400      969     741
        1051     957      919      927      973     1048     1124     1148     1059      862      635      445      309      218      157      116       88       68       54       44       36       30       26       22       19       17       15       14       13       12       11       10       10        9        9        9        9        9        9        9        9        9        9       10       10       11       12       12       14       15       17       19       22       25       30       35       43       53       67       87      116      159      227      338      524      836     1305     1799     1982     1782     1469    1216
         629     510      443      410      400      410      444      506      609      771      997     1221     1235      963      632      398      257      173      121       89       67       52       42       34       28       24       21       18       16       14       13       12       11       10       10        9        9        9        8        8        8        8        8        9        9        9       10       11       11       12       14       15       17       20       23       27       32       39       49       63       83      114      164      250      412      747     1487     2740     3072     2061     1260     845
         887     716      612      553      527      531      564      636      766      991     1382     1994     2515     2178     1339      751      440      276      184      129       95       72       56       45       37       31       26       23       20       18       16       14       13       12       11       11       10       10       10       10        9        9       10       10       10       10       11       11       12       13       14       16       17       20       22       26       30       36       44       55       69       90      122      170      248      380      605      970     1420     1645     1467    1146
        2288    1968     1719     1589     1574     1673     1892     2205     2443     2265     1659     1043      632      394      256      174      123       90       68       53       42       34       28       23       20       17       15       13       12       11       10        9        8        8        8        7        7        7        7        7        7        7        7        7        7        7        8        8        9       10       11       12       13       15       17       19       22       27       32       40       50       64       84      113      158      230      350      556      914     1482     2133    2448
        1735    2562     3163     3190     2850     2477     2196     2005     1862     1715     1517     1257      971      711      507      360      258      188      140      106       82       65       52       43       36       30       26       22       20       17       16       14       13       12       11       10       10        9        9        9        9        8        8        8        9        9        9        9       10       10       11       12       13       14       15       17       19       22       25       30       35       43       52       65       83      109      147      203      292      435      677    1085
        1476     912      653      532      482      483      533      658      939     1622     3263     3824     1679      648      305      167      102       67       46       34       25       20       16       13       10        9        7        6        6        5        4        4        4        3        3        3        3        3        3        3        3        3        3        3        3        3        3        3        3        4        4        4        5        6        6        7        9       10       12       15       19       24       32       44       63       95      153      271      539     1220     2439    2449
         829     776      740      733      764      845     1004     1294     1808     2581     3017     2276     1271      687      396      246      163      114       83       62       48       38       31       26       22       19       16       14       13       11       10        9        9        8        8        7        7        7        7        7        7        7        7        7        7        8        8        8        9       10       11       12       13       15       17       19       22       27       32       39       49       63       82      110      150      211      301      430      593      754      855     870
         635     564      526      519      546      619      767     1064     1710     3127     4364     2673     1134      534      291      176      115       80       58       43       34       27       22       18       15       13       11       10        9        8        7        7        6        6        6        5        5        5        5        5        5        5        5        5        5        6        6        6        7        7        8        9       10       11       13       15       18       22       27       34       43       57       76      106      153      227      346      518      715      840      828     734
         706     696      668      648      652      688      773      934     1221     1707     2294     2302     1529      837      464      276      175      118       84       61       47       36       29       24       20       17       14       12       11       10        9        8        7        7        6        6        6        5        5        5        5        5        5        5        5        6        6        6        6        7        7        8        9       10       11       13       15       17       21       25       30       38       48       63       83      114      158      224      318      440      570     668
        1110    1060      971      892      841      823      839      887      965     1054     1109     1065      900      677      477      330      230      164      120       90       70       55       44       36       30       26       22       19       17       15       13       12       11       10       10        9        9        8        8        8        8        8        8        8        8        8        9        9       10       10       11       12       13       15       17       19       22       25       30       36       43       54       68       89      118      160      224      321      464      661      884    1057
         588     510      429      370      334      317      319      341      388      477      638      929     1357     1521     1062      574      311      182      115       77       55       40       31       24       19       16       13       11       10        8        7        7        6        5        5        5        4        4        4        4        4        4        4        4        4        4        4        4        4        5        5        6        6        7        8        9       10       11       13       16       20       25       31       41       55       76      109      162      247      371      515     605
         258     197      162      142      131      127      130      139      156      186      239      337      532      928     1397     1121      561      279      155       96       64       45       33       25       20       16       13       11       10        8        7        6        6        5        5        5        4        4        4        4        4        4        4        4        4        4        4        5        5        5        6        6        7        8        9       11       13       15       19       24       31       42       58       86      138      241      475      989     1456     1077      610     374
        1132     867      541      358      263      212      183      170      167      174      193      228      290      397      570      746      694      446      251      146       90       60       41       30       23       18       14       11        9        8        7        6        5        5        4        4        3        3        3        3        3        3        3        3        3        3        3        3        3        3        3        3        4        4        4        5        6        6        7        9       11       13       16       21       27       37       53       80      129      227      439     846
         486     605      586      485      388      320      278      256      250      258      281      322      386      468      532      509      392      262      168      109       74       52       38       28       22       17       14       11       10        8        7        6        5        5        4        4        4        3        3        3        3        3        3        3        3        3        3        3        3        3        3        3        4        4        4        5        6        6        7        8       10       12       15       18       24       31       42       58       84      128      202     323
         501     722      732      566      413      316      260      228      214      213      224      248      289      346      404      422      363      261      172      112       75       52       37       28       21       16       13       11        9        7        6        6        5        4        4        3        3        3        3        3        2        2        2        2        2        2        2        2        2        3        3        3        3        3        4        4        5        5        6        7        8       10       12       15       19       25       33       46       67      104      169     291
         391     407      376      332      297      275      268      276      302      350      429      539      634      606      444      278      170      107       71       49       35       26       20       16       12       10        8        7        6        5        5        4        4        3        3        3        3        3        2        2        2        2        2        2        2        2        2        2        3        3        3        3        3        4        4        5        5        6        7        9       10       13       16       20       27       36       49       70      103      153      228     319
         304     362      374      350      314      285      267      262      270      294      340      416      527      646      667      525      339      207      129       84       58       41       30       23       18       14       12       10        8        7        6        5        5        4        4        3        3        3        3        3        3        3        2        2        2        2        3        3        3        3        3        3        3        4        4        5        5        6        7        8       10       12       14       18       22       29       39       53       74      107      157     226
         391     527      590      553      471      395      340      307      290      287      298      323      361      409      450      451      393      299      210      144      100       71       52       39       30       24       19       15       13       11        9        8        7        6        6        5        5        4        4        4        4        4        4        3        3        3        3        4        4        4        4        4        5        5        5        6        7        7        8       10       11       13       16       20       25       32       42       57       79      115      172     262
         186     291      446      612      687      640      547      466      413      386      383      402      448      524      628      717      700      546      363      229      147       97       67       48       36       27       21       17       14       11       10        8        7        6        6        5        5        4        4        4        3        3        3        3        3        3        3        3        3        3        3        3        4        4        4        4        5        5        6        7        8        9       11       13       16       19       24       32       42       58       82     121
         339     466      411      285      198      148      121      105       99       98      103      116      141      185      264      391      486      389      222      120       70       43       29       20       15       11        9        7        5        5        4        3        3        2        2        2        2        2        1        1        1        1        1        1        1        1        1        1        1        1        1        1        2        2        2        2        2        3        3        4        4        5        6        8       10       14       19       26       39       62      104     189
         193     258      291      276      238      200      172      155      146      144      151      166      195      246      330      457      572      523      344      199      118       74       49       34       25       19       14       11        9        8        6        5        5        4        4        3        3        3        2        2        2        2        2        2        2        2        2        2        2        2        2        2        2        3        3        3        4        4        5        5        6        7        9       11       13       17       22       30       42       59       88     131
         166     294      499      648      575      420      307      240      202      183      176      180      194      221      262      311      341      315      238      159      103       68       46       33       24       18       14       11        9        7        6        5        4        4        3        3        3        2        2        2        2        2        2        2        2        2        2        2        2        2        2        2        2        2        2        3        3        3        4        4        5        6        7        8       10       13       16       21       29       42       62      98
         114     128      134      132      126      119      114      112      113      118      129      149      182      238      337      504      690      656      415      229      131       81       53       37       27       20       16       12       10        8        7        6        5        5        4        4        3        3        3        3        3        2        2        2        2        2        2        2        2        2        3        3        3        3        3        4        4        5        5        6        7        9       10       13       16       20       25       33       43       56       74      94
         257     369      400      334      252      193      156      135      123      119      122      133      154      192      263      398      634      802      582      302      157       90       56       37       26       19       15       11        9        7        6        5        4        4        3        3        3        2        2        2        2        2        2        2        2        2        2        2        2        2        2        2        2        2        3        3        3        4        4        5        6        7        8       10       12       16       21       29       41       61       96     157
         232     357      424      373      285      219      178      155      144      143      152      173      214      293      447      715      859      568      280      143       82       51       34       24       17       13       10        8        6        5        4        4        3        3        3        2        2        2        2        2        2        1        1        1        1        1        1        1        1        1        2        2        2        2        2        2        3        3        3        4        5        6        7        8       11       14       18       25       36       53       83     138
         417     424      345      262      203      167      144      132      127      129      139      157      189      244      335      468      567      488      310      180      108       69       46       33       24       18       14       11        9        8        7        6        5        4        4        3        3        3        3        3        2        2        2        2        2        2        2        2        2        2        3        3        3        3        4        4        5        5        6        7        8       10       12       16       20       27       36       52       77      121      196     310
         473     425      294      200      146      114       96       86       80       79       82       88      101      121      153      201      260      292      253      174      110       70       46       32       23       17       13       10        8        7        6        5        4        4        3        3        3        2        2        2        2        2        2        2        2        2        2        2        2        2        2        2        2        3        3        3        3        4        5        5        6        8       10       12       16       21       30       43       67      111      196     343
         203     391      674      739      524      339      237      182      151      135      128      128      136      152      180      222      277      321      309      236      156       99       65       44       31       23       17       13       10        8        7        6        5        4        4        3        3        3        2        2        2        2        2        2        2        2        2        2        2        2        2        2        2        2        2        3        3        3        4        4        5        6        7        8       10       13       17       22       31       45       68     113
         188     360      588      599      419      279      202      160      137      127      125      132      150      183      246      363      555      666      475      249      132       76       47       31       22       16       12        9        7        6        5        4        4        3        3        2        2        2        2        2        2        1        1        1        1        1        1        1        1        1        1        1        2        2        2        2        2        3        3        3        4        5        6        7        9       11       14       19       27       40       62     103
