SWAN 1
LOCATIONS
     1
     -67.28  18.38
AFREQ
     56
     0.0300
     0.0400
     0.0500
     0.0600
     0.0700
     0.0800
     0.0900
     0.1000
     0.1100
     0.1200
     0.1300
     0.1400
     0.1500
     0.1600
     0.1700
     0.1800
     0.1900
     0.2000
     0.2100
     0.2200
     0.2300
     0.2400
     0.2500
     0.2600
     0.2700
     0.2800
     0.2900
     0.3000
     0.3100
     0.3200
     0.3300
     0.3400
     0.3500
     0.3600
     0.3700
     0.3800
     0.3900
     0.4000
     0.4100
     0.4200
     0.4300
     0.4400
     0.4500
     0.4600
     0.4700
     0.4800
     0.4900
     0.5000
     0.5100
     0.5200
     0.5300
     0.5400
     0.5500
     0.5600
     0.5700
     0.5800
NDIR
     72
     5.0000
     10.0000
     15.0000
     20.0000
     25.0000
     30.0000
     35.0000
     40.0000
     45.0000
     50.0000
     55.0000
     60.0000
     65.0000
     70.0000
     75.0000
     80.0000
     85.0000
     90.0000
     95.0000
     100.0000
     105.0000
     110.0000
     115.0000
     120.0000
     125.0000
     130.0000
     135.0000
     140.0000
     145.0000
     150.0000
     155.0000
     160.0000
     165.0000
     170.0000
     175.0000
     180.0000
     185.0000
     190.0000
     195.0000
     200.0000
     205.0000
     210.0000
     215.0000
     220.0000
     225.0000
     230.0000
     235.0000
     240.0000
     245.0000
     250.0000
     255.0000
     260.0000
     265.0000
     270.0000
     275.0000
     280.0000
     285.0000
     290.0000
     295.0000
     300.0000
     305.0000
     310.0000
     315.0000
     320.0000
     325.0000
     330.0000
     335.0000
     340.0000
     345.0000
     350.0000
     355.0000
     360.0000
QUANT
     1
VaDens
m2/Hz/degr
     -999.000000
FACTOR
     1.00000E-06
          30      23       19       16       14       12       11       10       10        9        9        9        9        9        9        9       10       11       12       13       14       16       19       22       26       30       34       38       40       39       36       32       27       23       19       17       14       12       11       10        9        8        8        7        7        7        7        7        7        7        7        8        8        9       10       11       13       15       19       24       31       43       62       96      157      243      278      212      132       83       56      40
         238     175      136      110       93       81       72       65       61       58       56       55       55       56       58       61       65       71       79       90      105      126      154      194      250      323      405      464      462      397      310      234      177      136      108       87       73       62       53       47       42       39       36       34       32       31       31       30       31       31       32       34       36       39       43       47       54       63       75       92      118      157      222      341      589     1222     3150     5334     2766     1128      577     351
        4367    2229     1363      930      682      529      427      357      306      269      241      221      205      193      185      180      176      175      176      179      184      191      201      212      227      243      262      284      307      330      351      369      381      385      380      368      349      326      302      278      256      237      219      204      192      182      174      168      164      162      162      163      167      172      180      192      207      227      253      288      335      402      496      639      865     1256     2021     3836    10006    48837    61061   12245
       50639   14995     7032     4046     2620     1833     1357     1048      837      688      579      497      434      385      347      316      292      273      258      246      237      230      226      224      224      225      229      234      242      252      264      279      298      319      345      376      411      452      499      553      613      677      746      816      883      945      998     1039     1068     1086     1094     1098     1099     1101     1109     1124     1151     1193     1254     1340     1460     1626     1861     2198     2702     3494     4841     7417    13383    33444   226853  540917
      392537 1390030    93637    26222    12058     6860     4407     3067     2260     1740     1386     1137      955      819      715      635      572      523      484      453      429      411      397      389      384      382      385      392      402      417      437      462      494      534      584      646      724      821      943     1099     1298     1554     1881     2298     2814     3424     4080     4683     5096     5222     5063     4712     4285     3866     3501     3204     2976     2814     2713     2669     2683     2759     2909     3149     3515     4062     4896     6221     8479    12786    22693   55600
      508986 2473590   113056    31159    14281     8113     5208     3622     2668     2053     1635     1340     1125      965      842      747      673      615      569      532      504      482      466      455      449      447      450      457      469      485      508      536      572      618      674      743      829      937     1072     1242     1457     1730     2075     2507     3034     3645     4298     4901     5336     5512     5417     5125     4735     4333     3968     3665     3429     3260     3156     3115     3139     3235     3415     3702     4136     4783     5769     7334    10002    15091    26816   65997
     1028240  324684    78387    32233    16941    10208     6714     4698     3442     2616     2047     1643     1346     1124      954      822      717      634      566      512      467      430      400      375      354      338      324      314      306      301      297      296      297      300      305      313      322      335      350      368      390      417      448      485      529      581      642      714      801      903     1025     1170     1342     1546     1788     2074     2410     2805     3266     3807     4442     5199     6119     7270     8769    10822    13817    18547    26855    43920    89445  292674
      125987  201962    49301    15025     6675     3613     2203     1456     1020      748      568      445      357      293      245      208      180      158      140      126      114      105       97       91       86       82       79       76       75       74       73       74       74       76       78       81       84       89       95      102      110      121      133      149      169      193      224      263      314      381      470      591      757      989     1315     1774     2408     3232     4189     5099     5733     5988     5963     5842     5782     5893     6275     7077     8605    11596    18247   37599
       64743   94952    67145    29602    13666     7234     4271     2734     1860     1327      984      753      592      476      391      326      277      239      209      185      165      150      137      126      118      111      105      101       97       95       93       92       91       92       93       95       98      101      106      112      119      127      138      151      166      186      209      239      276      323      383      461      563      700      886     1142     1499     1999     2701     3666     4930     6446     8032     9428    10479    11260    12025    13107    14937    18225    24474   37380
       24682   10679     5607     3343     2173     1504     1092      823      640      510      416      346      293      252      219      194      173      156      143      132      123      115      109      105      101       98       96       95       94       94       95       97      100      103      107      112      119      127      136      148      162      179      199      224      253      290      335      391      459      544      650      779      937     1126     1348     1602     1881     2180     2491     2815     3162     3554     4034     4673     5589     7012     9428    14044    24499    53432   105583   68795
       40511   15688     7725     4470     2871     1982     1442     1092      855      687      564      473      403      348      305      271      243      221      202      187      175      164      156      149      143      139      136      133      132      132      132      133      135      138      142      147      153      160      168      178      189      202      217      234      254      276      302      331      364      402      445      493      547      608      677      756      847      952     1076     1225     1409     1641     1946     2361     2953     3849     5312     7957    13512    28003    71665   97601
       17601    8495     4784     3001     2031     1454     1087      841      669      546      454      385      331      289      256      229      208      190      176      164      154      147      140      136      132      129      128      127      127      128      131      134      138      143      149      157      166      177      190      206      224      245      269      298      332      370      415      466      525      591      665      747      837      934     1038     1152     1275     1412     1568     1752     1977     2266     2651     3191     3989     5249     7421    11631    21172    45023    70669   42290
        9029    5839     3800     2569     1812     1329     1008      786      629      514      427      362      311      271      239      213      192      175      161      150      140      132      126      121      116      113      111      109      109      109      109      111      113      116      120      125      130      137      145      155      166      178      193      210      230      253      279      310      344      384      429      480      538      603      676      759      853      961     1086     1234     1413     1636     1922     2302     2826     3578     4697     6413     8994    12267    14351   12781
        3475    2065     1295      866      613      454      350      278      227      190      162      140      124      111      100       92       86       81       77       74       71       70       69       69       69       70       72       75       78       83       88       95      103      114      126      142      161      186      216      253      300      357      426      505      590      671      737      776      785      766      730      686      643      605      575      554      542      540      549      570      606      662      744      864     1045     1324     1774     2537     3853     5797     7003    5638
       14360    8745     3934     2015     1188      776      545      405      314      251      207      175      151      133      118      107       99       92       87       83       80       78       77       76       77       78       80       83       88       93      100      108      118      131      148      168      194      227      268      320      384      460      546      633      706      748      750      716      660      597      536      483      439      404      377      358      346      341      342      349      365      389      426      478      554      666      838     1116     1604     2561     4725    9832
        4243    2578     1526      960      646      461      345      268      215      177      149      129      113      100       91       83       77       73       69       67       65       64       63       64       65       66       69       72       76       82       89       97      108      123      140      164      194      235      289      363      464      600      773      969     1140     1218     1173     1040      883      740      624      536      469      421      386      362      347      340      340      348      365      392      433      492      579      709      911     1240     1808     2814     4351    5330
        2721    1569      944      614      429      317      244      196      162      137      119      105       95       87       80       76       73       70       69       68       69       70       72       75       79       85       93      102      115      131      153      182      223      279      360      479      651      889     1162     1352     1322     1107      854      647      498      394      322      270      233      206      186      172      162      156      152      151      153      158      166      178      195      219      252      299      368      473      640      926     1448     2417     3774    4032
        2194    1886     1457     1083      809      617      485      391      324      274      237      209      188      171      159      149      142      136      133      131      131      132      135      139      145      153      163      176      192      211      234      261      294      331      371      413      451      480      496      495      478      449      414      377      342      310      283      260      241      226      214      205      199      195      194      196      200      208      218      233      253      280      315      363      427      516      641      818     1071     1418     1831    2165
        1609    1436     1087      768      542      393      294      228      182      149      125      107       94       83       75       69       64       60       57       55       54       53       53       53       54       55       58       61       65       70       76       85       95      108      126      148      178      217      269      338      426      528      628      695      703      652      569      482      406      344      296      260      232      212      197      187      181      178      178      182      190      202      219      244      278      326      394      492      638      852     1145    1462
         380     357      337      322      309      299      290      284      279      276      273      271      269      267      265      263      260      256      251      246      239      232      225      217      209      201      193      186      179      173      167      163      159      156      153      152      151      151      153      155      158      163      169      177      186      198      212      229      249      274      304      340      384      435      496      566      644      726      804      869      910      919      898      850      787      718      650      587      532      484      443     409
         352     332      307      278      249      221      195      173      153      136      122      110       99       91       84       78       73       69       65       62       60       58       57       56       56       55       56       56       57       58       60       62       64       67       70       74       78       83       88       93       99      105      112      118      125      131      137      143      148      153      158      162      166      170      174      178      183      189      196      204      214      225      238      253      270      288      308      327      344      358      364     362
         210     193      171      148      127      109       94       81       71       63       56       51       47       43       41       39       37       36       35       35       35       35       36       37       39       41       43       46       50       55       60       67       75       84       94      104      115      125      133      138      138      135      129      120      112      103       95       88       81       76       72       69       67       65       65       65       65       67       70       73       78       84       92      102      114      129      146      166      186      204      216     219
         270     306      319      301      262      217      176      143      118       99       84       73       64       58       53       49       46       44       43       42       42       42       43       44       46       49       53       58       64       72       81       94      108      126      146      166      183      193      191      180      162      141      121      104       89       78       68       61       55       50       47       44       42       40       39       39       39       39       40       42       44       48       52       57       64       73       85      100      121      148      183     225
         141     155      165      170      169      162      150      136      122      108       96       85       76       69       63       58       55       51       49       47       46       45       45       45       46       47       48       51       53       57       61       65       71       77       84       91       98      104      109      113      113      111      107      101       94       87       80       74       68       64       59       56       53       51       49       48       47       47       47       48       49       51       54       57       61       66       73       80       90      100      113     127
          43      43       43       44       44       45       46       47       48       49       50       52       53       55       57       58       60       61       62       63       63       63       63       62       61       60       59       57       56       54       53       51       50       49       48       47       46       45       45       45       44       44       45       45       45       46       46       47       47       48       49       50       50       51       51       51       51       51       51       51       50       49       49       48       47       47       46       45       45       44       44      43
          28      30       32       34       38       42       48       55       65       77       92      111      130      146      152      146      130      110       90       73       60       50       42       36       31       28       25       22       21       19       18       18       17       17       17       17       17       17       18       19       20       21       23       25       27       31       34       38       43       49       54       59       63       65       65       63       59       55       50       46       42       38       35       33       31       29       28       27       27       26       27      27
          49      58       69       84      102      124      147      167      178      176      163      143      123      104       89       77       67       59       53       49       46       43       41       40       39       39       40       41       42       44       47       50       54       58       63       69       75       79       83       84       83       79       74       67       60       53       47       42       37       33       30       28       25       24       22       21       20       20       19       19       19       20       20       21       22       23       25       27       29       33       37      42
          34      37       39       43       46       50       55       61       67       73       80       87       94      100      105      109      111      112      110      108      105      101       97       93       90       86       83       81       79       77       75       74       72       71       70       69       68       67       66       64       62       60       58       55       52       50       47       44       42       40       37       35       34       32       30       29       28       27       27       26       26       25       25       25       25       26       26       27       28       29       31      32
           8       9       10       11       13       16       20       25       33       46       66      103      169      279      370      321      210      133       89       63       48       38       31       27       24       21       20       19       18       18       18       18       19       20       22       25       28       32       38       45       55       66       77       84       83       74       61       48       38       30       24       19       16       14       12       10        9        8        7        7        6        6        6        6        6        6        6        6        6        6        7       7
          10      12       14       17       21       26       33       43       57       74       93      109      113      106       91       75       62       52       44       38       34       31       28       27       26       25       25       25       26       27       29       31       33       35       37       39       40       40       38       35       32       28       24       21       18       15       13       11       10        9        8        7        7        6        6        5        5        5        5        5        5        5        5        5        5        5        6        6        7        7        8       9
          26      29       32       37       44       52       64       79       98      123      149      171      179      169      145      118       94       75       61       50       42       36       31       27       24       22       20       19       18       17       16       16       15       15       15       15       15       15       15       15       16       16       16       17       17       17       18       18       18       18       18       18       17       17       17       17       16       16       16       16       16       16       16       16       16       16       17       18       19       20       21      23
           9      10       11       12       14       17       20       23       28       34       41       48       54       57       57       52       46       40       34       29       25       22       20       18       16       15       14       14       13       13       13       13       14       14       15       16       18       19       21       24       26       29       32       34       35       34       33       30       27       24       21       18       16       14       12       11       10        9        8        8        7        7        7        7        7        7        7        7        7        7        8       8
           7       7        9       10       12       15       19       24       32       43       61       87      121      152      158      137      107       81       63       50       42       36       31       28       26       25       24       24       25       26       27       29       32       36       40       45       51       55       57       56       51       43       36       29       23       19       15       13       11        9        8        7        6        6        5        5        4        4        4        4        4        4        4        4        4        4        4        4        4        5        5       6
           7       8        9       11       14       18       23       32       46       70      113      181      243      225      157      102       69       50       38       30       25       21       19       17       15       15       14       14       13       14       14       14       15       16       17       18       19       20       20       21       20       20       18       16       15       13       11       10        9        8        7        6        6        5        5        4        4        4        4        4        3        3        3        4        4        4        4        4        4        5        5       6
           7       9       10       13       16       21       30       44       70      119      196      228      165       98       60       39       28       21       16       13       11       10        8        8        7        7        6        6        6        6        6        6        6        7        7        8        8        9       10       11       13       14       15       16       17       17       16       15       13       12       11        9        8        7        6        6        5        5        5        4        4        4        4        4        4        4        4        4        5        5        6       6
           5       5        6        8       10       13       17       24       34       54       90      153      225      221      154       98       66       48       36       29       25       22       20       18       17       17       17       17       18       19       21       22       25       27       30       31       32       30       27       24       20       16       13       11        9        7        6        5        4        4        3        3        3        3        2        2        2        2        2        2        2        2        2        2        2        2        2        3        3        3        3       4
          11      13       15       18       22       28       35       44       55       65       73       75       71       63       54       46       40       35       30       27       25       23       22       21       20       20       20       20       20       21       21       22       22       22       22       22       21       20       19       17       16       14       12       11       10        9        8        7        6        6        6        5        5        5        4        4        4        4        4        4        4        4        4        4        5        5        5        6        6        7        8       9
          10      13       16       21       29       41       58       78       90       82       64       47       34       25       20       16       13       11       10        9        8        8        7        7        7        7        7        7        7        8        9        9       10       12       14       16       18       21       23       25       25       24       21       18       16       13       11        9        8        7        6        5        5        4        4        4        4        3        3        3        3        3        3        3        4        4        4        5        5        6        7       8
           5       6        8       10       13       18       27       41       67      108      139      123       84       55       37       27       21       17       14       12       11       10        9        9        9        9        9        9       10       11       12       13       15       17       20       22       24       24       23       21       17       14       12        9        8        6        5        4        4        3        3        3        2        2        2        2        2        2        2        2        2        2        2        2        2        2        2        2        3        3        4       4
           3       3        4        6        8       11       16       26       45       81      117      102       64       38       25       18       13       11        9        8        7        6        6        6        6        6        6        6        7        8        9       10       12       14       17       20       22       23       20       16       13       10        7        6        5        4        3        2        2        2        1        1        1        1        1        1        1        1        1        1        1        1        1        1        1        1        1        1        1        2        2       2
           4       5        6        7       10       13       19       28       44       70      101      115       96       69       49       36       28       23       19       17       15       14       14       13       14       14       14       15       16       17       18       19       19       19       17       15       13       10        9        7        6        5        4        3        3        2        2        2        2        1        1        1        1        1        1        1        1        1        1        1        1        1        1        1        1        1        1        2        2        2        3       3
           7       8       10       13       18       26       40       65      109      152      138       90       55       35       24       18       14       11        9        8        7        6        5        5        5        5        4        4        4        4        5        5        5        5        6        6        7        8        8        9       10       10       10       10       10        9        8        7        7        6        5        5        4        4        4        3        3        3        3        3        3        3        3        3        3        3        3        4        4        4        5       6
           4       5        6        7       10       13       18       26       36       48       58       59       52       42       34       27       23       19       17       15       14       14       14       14       14       15       16       17       19       21       23       25       25       24       22       18       15       12        9        7        6        5        4        3        3        2        2        2        2        1        1        1        1        1        1        1        1        1        1        1        1        1        1        1        1        1        2        2        2        2        3       3
           4       5        6        7        9       12       17       24       36       56       88      122      126       96       66       45       33       25       20       16       14       12       11       10       10        9        9        9        9       10       10       10       11       11       12       12       12       12       12       11       10        9        8        7        6        5        4        4        3        3        3        2        2        2        2        2        2        2        2        2        2        2        2        2        2        2        2        2        2        3        3       4
           2       3        4        5        6        9       13       19       32       52       76       77       56       36       24       17       13       10        9        7        7        6        6        5        5        5        5        6        6        6        7        8        8        9       10       10       10        9        8        7        6        5        4        3        3        2        2        2        1        1        1        1        1        1        1        1        1        1        1        1        1        1        1        1        1        1        1        1        1        1        2       2
           1       2        2        3        3        5        6        9       14       23       41       73       94       73       44       27       18       13       10        8        7        6        5        5        5        4        4        4        4        4        5        5        5        5        6        6        6        6        5        5        4        4        3        3        2        2        2        1        1        1        1        1        1        1        0        0        0        0        0        0        0        0        0        0        0        0        1        1        1        1        1       1
           1       1        1        2        2        3        4        6        8       12       18       25       30       28       23       17       13       10        8        7        6        5        5        5        4        4        4        5        5        5        5        6        6        7        7        7        6        5        5        4        3        3        2        2        1        1        1        1        1        0        0        0        0        0        0        0        0        0        0        0        0        0        0        0        0        0        0        0        0        0        1       1
           1       1        1        2        3        4        5        7       11       16       22       26       24       18       13       10        7        6        5        4        4        3        3        3        3        3        3        3        3        4        4        5        7        8       10       13       16       16       14       11        8        6        4        3        2        2        1        1        1        1        1        0        0        0        0        0        0        0        0        0        0        0        0        0        0        0        0        0        0        0        1       1
           1       1        2        2        3        4        7       10       17       26       35       34       26       18       13       10        8        6        5        5        4        4        4        4        5        5        5        6        7        9       10       12       13       13       11        9        7        5        4        3        2        1        1        1        1        1        0        0        0        0        0        0        0        0        0        0        0        0        0        0        0        0        0        0        0        0        0        0        0        0        1       1
           3       3        4        6        8       10       13       16       18       18       17       15       13       11       10        9        8        8        7        7        8        8        9        9       11       12       14       16       17       17       15       13       10        8        6        4        3        3        2        2        1        1        1        1        1        0        0        0        0        0        0        0        0        0        0        0        0        0        0        0        0        0        0        0        0        1        1        1        1        1        2       2
           1       1        1        2        2        2        3        3        3        4        4        4        4        4        4        4        4        4        4        4        4        4        4        4        4        4        4        4        4        4        4        4        3        3        3        2        2        2        2        1        1        1        1        1        1        1        0        0        0        0        0        0        0        0        0        0        0        0        0        0        0        0        0        0        0        0        0        0        1        1        1       1
           1       2        2        2        3        4        5        7        9       12       15       19       23       24       23       20       18       15       13       11       10        9        9        9        9        9        9        9       10       10       11       12       12       12       11       10        9        7        6        5        4        3        3        2        2        1        1        1        1        1        1        1        1        0        0        0        0        0        0        0        0        0        0        0        0        0        1        1        1        1        1       1
           0       0        1        1        1        2        2        3        5        8       14       24       35       35       25       16       11        8        6        5        4        4        3        3        3        3        3        4        4        5        6        7        8       10       11       11        9        7        5        4        3        2        1        1        1        1        0        0        0        0        0        0        0        0        0        0        0        0        0        0        0        0        0        0        0        0        0        0        0        0        0       0
           1       2        2        3        4        5        7       10       14       20       26       29       27       22       17       13       11        9        7        6        6        5        5        5        4        4        4        4        4        4        4        4        4        4        3        3        3        2        2        2        1        1        1        1        1        1        1        0        0        0        0        0        0        0        0        0        0        0        0        0        0        0        0        0        0        0        0        0        1        1        1       1
           1       1        1        1        1        2        2        2        3        4        5        6        8       10       13       15       16       16       15       13       11       10        8        7        6        6        5        5        4        4        4        4        4        3        3        3        3        3        3        3        2        2        2        2        1        1        1        1        1        1        1        1        1        0        0        0        0        0        0        0        0        0        0        0        0        0        0        0        0        0        1       1
           1       1        1        2        2        3        4        6        9       13       17       19       19       17       15       13       11       10        9        9        8        9        9       10       11       12       13       13       12       11        9        6        5        3        3        2        1        1        1        1        0        0        0        0        0        0        0        0        0        0        0        0        0        0        0        0        0        0        0        0        0        0        0        0        0        0        0        0        0        0        0       0
