SWAN 1
LOCATIONS
     1
     -67.28  18.38
AFREQ
     56
     0.0300
     0.0400
     0.0500
     0.0600
     0.0700
     0.0800
     0.0900
     0.1000
     0.1100
     0.1200
     0.1300
     0.1400
     0.1500
     0.1600
     0.1700
     0.1800
     0.1900
     0.2000
     0.2100
     0.2200
     0.2300
     0.2400
     0.2500
     0.2600
     0.2700
     0.2800
     0.2900
     0.3000
     0.3100
     0.3200
     0.3300
     0.3400
     0.3500
     0.3600
     0.3700
     0.3800
     0.3900
     0.4000
     0.4100
     0.4200
     0.4300
     0.4400
     0.4500
     0.4600
     0.4700
     0.4800
     0.4900
     0.5000
     0.5100
     0.5200
     0.5300
     0.5400
     0.5500
     0.5600
     0.5700
     0.5800
NDIR
     72
     5.0000
     10.0000
     15.0000
     20.0000
     25.0000
     30.0000
     35.0000
     40.0000
     45.0000
     50.0000
     55.0000
     60.0000
     65.0000
     70.0000
     75.0000
     80.0000
     85.0000
     90.0000
     95.0000
     100.0000
     105.0000
     110.0000
     115.0000
     120.0000
     125.0000
     130.0000
     135.0000
     140.0000
     145.0000
     150.0000
     155.0000
     160.0000
     165.0000
     170.0000
     175.0000
     180.0000
     185.0000
     190.0000
     195.0000
     200.0000
     205.0000
     210.0000
     215.0000
     220.0000
     225.0000
     230.0000
     235.0000
     240.0000
     245.0000
     250.0000
     255.0000
     260.0000
     265.0000
     270.0000
     275.0000
     280.0000
     285.0000
     290.0000
     295.0000
     300.0000
     305.0000
     310.0000
     315.0000
     320.0000
     325.0000
     330.0000
     335.0000
     340.0000
     345.0000
     350.0000
     355.0000
     360.0000
QUANT
     1
VaDens
m2/Hz/degr
     -999.000000
FACTOR
     1.00000E-06
          11      12       12       12       12       12       11       10        9        8        7        6        5        4        4        3        3        3        2        2        2        2        1        1        1        1        1        1        1        1        1        1        1        1        1        1        1        1        1        1        1        1        1        1        2        2        2        2        2        2        3        3        3        4        4        4        5        5        5        5        6        6        6        7        7        7        8        8        8        9       10      10
         111      89       70       56       46       38       32       28       25       23       21       20       19       18       17       17       17       18       18       19       20       21       22       23       25       27       28       30       31       32       32       31       29       27       25       23       21       19       17       15       14       13       12       11       11       10       10       10       10       10       10       10       10       11       11       12       13       14       16       18       21       25       29       36       45       57       74       97      122      142      147     134
         142     142      141      139      135      130      124      116      107       97       87       77       68       59       52       45       39       34       30       27       24       22       20       18       16       15       14       13       12       12       11       11       11       10       10       10       10       10       10       11       11       11       12       12       13       14       15       16       17       19       21       23       26       29       33       38       43       49       57       65       74       83       93      103      112      120      127      132      136      139      141     142
         779     952      782      496      304      196      135       98       74       58       48       40       34       30       26       24       22       20       19       18       18       17       17       17       17       18       18       19       20       22       23       26       29       32       37       43       50       59       71       84      100      115      127      134      133      125      114      101       89       78       69       62       57       53       50       47       46       46       46       47       49       52       56       62       70       82       98      123      161      222      327     509
        3316    2570     1597      973      625      427      308      231      180      145      120      101       87       76       67       61       56       51       48       45       43       42       41       40       40       40       41       41       43       44       46       49       52       56       61       67       73       82       91      102      115      130      146      164      181      197      211      221      227      229      227      223      218      213      208      205      204      204      208      215      226      242      265      296      341      406      502      649      888     1291     1974    2904
        5161    3614     2587     1899     1428     1099      864      693      565      468      393      335      289      252      223      199      179      162      149      138      128      121      114      109      105      102       99       97       96       96       96       97       99      101      104      108      113      119      126      135      145      157      172      189      210      235      265      301      345      399      465      546      646      771      926     1119     1360     1662     2040     2515     3115     3882     4873     6173     7888    10101    12698    14987    15590    13736    10504    7439
       18356   10953     6818     4438     3013     2123     1546     1159      891      701      563      460      382      323      276      240      210      187      168      152      139      129      120      113      107      102       99       96       94       93       92       92       93       95       97      101      105      110      117      125      135      146      161      178      200      227      260      303      357      427      519      643      812     1048     1389     1895     2675     3928     6046     9834    17045    31494    60111   105805   144301   148738   135380   120986   104236    80070    52848   31520
       12636    6238     3578     2262     1531     1092      811      622      491      396      327      275      235      203      179      159      143      130      120      111      104       99       94       91       88       86       85       85       85       87       88       91       94       99      105      111      120      130      143      159      179      203      234      274      325      393      483      607      782     1034     1412     1999     2943     4517     7162    11304    16282    19246    18429    15791    13407    11884    11219    11388    12550    15279    21262    36376    90489   274970   139633   33327
       28255   18758    12130     7908     5286     3644     2593     1899     1430     1102      869      699      572      476      403      345      300      263      234      210      191      175      162      151      142      135      130      125      122      119      118      118      118      119      122      125      130      135      142      151      162      175      191      211      235      264      301      347      406      482      581      714      893     1143     1501     2029     2839     4139     6346    10347    18196    34822    70216   124658   146439   119526    90878    73731    64138    57430    49812   39542
       63397   37086    19234    10413     6087     3819     2540     1772     1286      964      744      589      476      392      328      279      241      211      187      167      151      138      128      119      112      106      102       98       96       94       93       92       93       94       96       99      102      107      113      120      129      140      153      169      190      214      246      285      335      401      488      605      767      996     1331     1838     2640     3972     6317    10708    19275    35003    54693    61645    53508    44026    38619    37398    40323    48348    62348   74582
      111981  133785    83677    38026    18269     9872     5881     3775     2567     1828     1351     1030      806      646      528      440      372      320      278      245      219      198      180      166      154      145      137      131      126      122      119      118      117      117      118      120      124      128      133      140      149      159      172      187      206      229      258      294      339      396      469      565      692      864     1102     1438     1926     2654     3770     5521     8291    12560    18507    25101    30006    31926    32027    32250    34093    39023    49662   71747
       77020   84353    78547    54864    31304    17163     9812     5958     3831     2588     1823     1331     1002      774      612      495      407      340      289      249      217      192      171      155      141      130      121      113      107      102       98       95       93       92       91       91       92       93       95       99      103      108      114      122      131      142      156      173      194      220      253      294      346      415      505      626      793     1028     1368     1878     2670     3957     6152    10093    17458    31027    52013    71517    76772    72428    68873   70301
       22325   32910    55164    83835    66457    30679    14070     7352     4295     2727     1843     1309      967      737      578      464      380      318      269      232      203      179      160      145      133      123      114      107      102       98       94       92       90       89       89       89       91       93       95       99      104      109      117      125      136      149      165      185      209      240      278      327      391      474      586      738      947     1244     1669     2290     3198     4500     6262     8358    10364    11752    12367    12523    12677    13219    14524   17161
       43199   50686    46938    33392    20546    12338     7635     4936     3332     2338     1696     1268      972      763      611      498      413      348      297      257      225      199      178      161      147      135      126      118      111      106      102       98       96       94       93       93       93       94       96       99      102      106      112      118      126      136      147      161      178      199      224      255      294      342      403      480      580      711      883     1113     1423     1845     2425     3221     4313     5799     7793    10430    13894    18473    24648   33004
       13341   16863    19629    18780    14235     9352     5932     3842     2585     1809     1312      982      756      596      480      395      330      280      241      210      185      165      149      136      125      116      109      103       98       94       92       89       88       87       87       88       89       91       93       97      101      107      113      122      131      143      157      174      195      221      252      291      339      399      475      572      694      850     1048     1298     1606     1980     2417     2910     3447     4018     4627     5304     6106     7133     8536   10528
        6880    9347    13681    19900    22141    15476     8420     4590     2696     1705     1146      810      595      453      354      284      232      193      164      141      123      109       97       88       80       74       69       65       62       59       57       55       54       54       54       54       54       56       57       59       62       65       70       75       81       88       98      109      123      140      161      188      222      265      322      395      492      620      789     1009     1288     1626     2006     2395     2750     3043     3280     3496     3742     4085     4613    5462
        9425    8767     7583     6139     4729     3540     2620     1944     1455     1105      853      669      533      431      354      295      249      213      185      161      143      128      115      105       96       89       83       79       75       71       69       67       66       65       64       64       65       66       67       69       72       75       79       84       90       97      106      116      128      144      162      185      214      249      294      351      424      520      645      811     1032     1328     1722     2244     2919     3764     4771     5894     7048     8122     8980    9467
       15019   20670    19514    12777     7443     4468     2850     1925     1363     1002      761      593      473      385      318      267      228      197      172      152      135      122      111      102       94       88       82       78       74       71       69       67       66       65       64       64       65       66       67       69       71       74       77       81       86       91       98      106      115      126      139      155      173      195      221      252      289      335      390      457      540      643      771      934     1144     1420     1794     2317     3084     4270     6216    9559
        1969    2279     2849     3912     5965     9495    11546     7871     3964     2053     1174      732      489      344      253      193      151      121      100       83       71       61       54       48       43       39       36       33       31       29       28       27       26       26       25       25       25       26       26       27       28       30       31       34       36       40       44       49       55       63       72       85      101      123      152      191      247      327      444      619      881     1263     1764     2279     2597     2602     2395     2143     1939     1813     1769    1815
        6293    7657     9572    11715    12512    10394     6914     4207     2576     1641     1095      762      551      411      315      248      199      163      136      115       99       86       75       67       61       55       51       47       44       41       39       38       37       36       35       35       35       35       35       36       37       38       40       42       45       48       52       57       63       70       79       90      103      120      141      168      204      250      312      394      506      657      863     1138     1497     1941     2454     3002     3548     4087     4659    5351
       11360   15248    16569    13800     9607     6300     4152     2811     1962     1409     1039      785      605      475      380      308      254      212      179      154      133      116      103       92       83       75       69       64       59       56       53       50       48       47       45       44       44       44       44       44       45       46       47       49       51       53       57       61       65       71       77       85       95      106      120      138      159      186      219      262      317      389      483      609      781     1017     1350     1828     2531     3591     5224    7744
        2967    3410     4144     5230     6361     6404     4824     2983     1764     1077      692      467      329      241      182      141      112       91       75       63       54       47       41       36       33       29       27       25       23       22       21       20       19       19       19       18       18       19       19       19       20       21       22       23       24       26       29       31       35       39       44       51       59       70       83      101      124      156      200      262      349      475      656      910     1247     1642     2025     2309     2464     2535     2597    2720
        4402    4323     3951     3388     2761     2171     1670     1273      969      742      573      448      355      284      231      190      159      134      114       99       86       76       68       61       55       50       47       43       41       38       37       35       34       33       32       32       32       32       32       33       33       34       36       37       39       42       45       48       53       58       64       72       81       92      106      123      145      173      209      255      316      397      504      649      844     1106     1454     1901     2450     3067     3678    4164
        1037    1129     1296     1592     2136     3203     5363     8222     7079     3571     1713      919      547      353      242      174      130      101       80       65       53       45       38       33       29       26       24       21       20       18       17       16       16       15       15       14       14       14       14       14       15       15       16       17       18       19       20       22       24       27       30       34       40       46       54       65       79       97      122      156      203      266      352      463      596      736      857      937      972      978      979     993
         489     480      502      561      677      893     1301     2037     2779     2293     1243      638      357      218      143       99       72       55       42       34       28       23       19       17       15       13       11       10        9        9        8        8        7        7        7        7        7        7        7        7        7        7        7        8        8        9       10       11       12       13       15       18       20       24       29       36       46       60       80      111      163      252      421      764     1451     2332     2342     1635     1090      786      621     532
         484     522      592      714      929     1328     2131     3654     4772     3244     1583      810      463      291      196      139      103       79       63       51       42       35       30       26       23       21       19       17       16       15       14       13       13       13       12       12       12       12       12       13       13       14       14       15       16       18       20       22       24       28       32       37       44       53       64       80      102      133      177      240      327      443      575      689      741      723      663      595      537      497      474     469
        1782    1534     1420     1410     1500     1700     2021     2407     2585     2229     1545      964      598      384      257      180      131       98       76       60       48       40       33       28       24       21       19       17       15       14       13       12       11       11       10       10       10       10       10       10       10       10       10       10       11       11       12       13       14       16       17       19       22       25       29       34       41       50       63       80      104      140      196      285      435      703     1194     2031     3018     3335     2835    2214
        2504    4129     5466     5396     4478     3601     2967     2503     2115     1741     1371     1029      746      531      378      272      199      148      113       87       69       56       45       38       32       27       23       20       18       16       15       13       12       11       11       10       10        9        9        9        9        8        8        8        9        9        9        9       10       11       11       12       13       14       16       18       20       23       27       32       38       46       57       72       93      122      166      233      341      522      842    1431
        3390    4673     4284     3124     2256     1737     1431     1245     1125     1035      951      854      736      606      478      366      277      209      159      123       96       76       61       50       42       35       30       26       23       20       18       16       15       14       13       12       11       11       10       10       10       10       10       10       10       10       10       10       11       12       12       13       14       16       17       19       22       25       29       34       40       48       60       76       98      130      179      256      386      615     1052    1911
        1712    1828     1966     2171     2470     2849     3154     3055     2428     1644     1043      662      434      295      208      152      114       88       70       56       46       38       33       28       24       21       19       17       16       14       13       12       12       11       11       10       10       10       10       10       10       10       10       11       11       12       12       13       14       16       17       19       21       24       28       32       38       45       55       67       84      107      139      184      249      341      473      653      883     1141     1385    1576
         737    1151     1997     4056     9427    13518     7145     3056     1551      908      585      402      291      218      168      132      107       87       73       61       52       45       39       35       31       28       25       23       21       19       18       17       16       15       15       14       14       13       13       13       13       13       13       13       14       14       14       15       16       17       18       19       20       22       24       27       30       33       37       42       48       56       65       77       91      110      135      168      212      275      366     507
        1072    1152     1198     1249     1339     1502     1776     2179     2600     2631     2030     1279      760      462      294      197      138      100       75       57       45       36       30       25       21       18       16       14       12       11       10        9        9        8        8        7        7        7        7        7        7        7        7        7        7        7        8        8        9        9       10       11       12       13       15       17       20       23       28       33       41       51       64       83      110      148      205      287      404      562      750     934
        1516    1399     1249     1135     1072     1058     1087     1148     1210     1215     1103      884      642      444      304      212      151      111       83       64       51       41       33       28       23       20       17       15       14       12       11       10        9        9        8        8        8        7        7        7        7        7        7        7        7        8        8        8        9       10       10       11       13       14       16       18       21       25       30       36       44       56       71       94      128      178      257      383      582      875     1222    1477
        2414    1908     1375     1062      906      851      878      992     1225     1605     1972     1803     1154      636      356      213      136       91       64       47       36       28       22       18       15       12       11        9        8        7        6        6        5        5        5        4        4        4        4        4        4        4        4        4        4        4        4        4        4        5        5        6        6        7        8        9       10       12       14       17       21       27       34       45       62       87      129      203      342      623     1200    2074
         780     669      580      523      497      498      531      606      746     1002     1462     2113     2276     1525      814      442      260      165      111       79       58       44       35       28       23       19       16       14       12       11       10        9        8        7        7        6        6        6        6        6        6        6        6        6        6        6        6        6        7        7        8        9       10       11       12       14       16       19       23       27       34       43       56       74      102      144      211      318      478      679      840     866
         551     640      725      803      876      945     1008     1054     1064     1016      903      748      585      442      329      246      185      142      110       87       70       57       47       40       34       29       26       23       20       18       16       15       14       13       12       12       11       11       11       10       10       10       10       10       11       11       11       12       12       13       14       15       16       18       20       22       25       28       33       38       45       53       64       78       96      120      150      190      240      302      377     461
         438     585      775      996     1194     1290     1239     1077      878      695      545      428      338      270      217      176      144      119       99       83       70       60       52       45       39       35       31       28       25       23       21       19       18       17       16       15       14       14       13       13       13       12       12       12       12       13       13       13       14       14       15       16       17       18       20       21       23       26       29       32       37       42       49       58       68       82      100      123      154      195      252     330
         487     444      411      390      383      391      416      463      539      653      806      958      994      838      594      391      257      174      122       89       67       52       41       33       27       23       20       17       15       13       12       11       10        9        9        8        8        7        7        7        7        7        7        7        7        8        8        8        9       10       10       11       13       14       16       18       21       25       30       37       45       57       74       97      131      179      246      334      431      510      542     527
         732     854      923      951      968     1000     1068     1188     1369     1582     1704     1551     1155      757      479      308      205      142      102       76       58       45       36       29       24       20       17       15       13       12       10        9        9        8        7        7        7        6        6        6        6        6        6        6        6        6        6        7        7        7        8        8        9       10       11       13       14       17       19       23       27       33       41       51       66       86      115      158      219      307      428     578
         563     800      985     1003      885      736      614      527      468      430      405      390      377      362      340      308      267      221      178      141      110       86       68       54       44       36       30       25       21       18       16       14       12       11       10        9        9        8        8        7        7        7        7        6        6        6        6        7        7        7        7        8        8        9       10       10       12       13       15       17       19       23       27       33       41       51       66       88      121      171      250     375
         425     452      448      425      397      373      356      348      349      359      377      402      427      444      438      400      338      267      204      153      115       88       68       54       43       35       29       25       21       18       16       14       13       11       11       10        9        9        8        8        8        7        7        7        7        7        7        8        8        8        9        9       10       11       12       13       15       17       19       22       26       31       38       46       58       74       96      127      169      226      295     367
         169     169      170      174      182      196      219      254      309      396      535      739      945      940      689      430      265      170      115       81       60       45       36       29       23       20       17       14       13       11       10        9        8        8        7        7        7        6        6        6        6        6        6        6        6        6        7        7        8        8        9       10       11       12       14       15       18       21       24       29       35       43       53       65       81       98      118      136      152      163      168     170
         246     231      218      209      206      207      214      228      249      280      320      366      408      424      395      329      252      186      136      101       76       59       46       37       30       25       22       18       16       14       13       11       11       10        9        9        8        8        8        7        7        7        7        7        7        8        8        8        9       10       10       11       12       14       16       18       21       24       28       34       42       52       65       83      107      137      173      211      244      265      269     261
         203     158      131      114      104       99       99      102      110      123      146      183      244      349      515      671      615      399      232      139       89       61       43       32       25       20       16       13       11       10        8        7        7        6        5        5        5        5        4        4        4        4        4        4        4        4        4        5        5        5        6        6        7        8        9       10       12       15       18       22       29       38       52       74      113      182      308      504      648      571      403     278
         484     306      210      157      127      109      100       95       95      100      110      127      156      202      274      368      422      359      238      146       91       60       41       30       22       17       14       11        9        8        6        6        5        4        4        4        3        3        3        3        3        3        3        3        3        3        3        3        3        3        3        3        4        4        5        5        6        7        8       10       12       15       19       26       35       50       77      126      224      425      700     715
         308     300      272      242      217      200      190      187      192      205      228      264      317      386      453      469      403      295      200      134       92       65       48       36       28       22       18       15       13       11        9        8        7        6        6        5        5        5        4        4        4        4        4        4        4        4        4        4        4        5        5        5        6        6        7        7        8       10       11       13       16       19       23       29       38       50       67       92      127      176      233     284
         387     360      286      221      177      150      135      127      127      134      150      178      225      302      408      482      415      270      160       97       62       42       29       22       16       13       10        8        7        6        5        4        4        3        3        3        2        2        2        2        2        2        2        2        2        2        2        2        2        2        2        2        3        3        3        4        4        5        6        7        8       10       12       15       20       27       37       54       83      131      211     318
         532     657      575      426      315      248      209      188      179      181      194      220      263      327      407      454      406      289      184      116       76       52       37       27       20       16       13       10        8        7        6        5        5        4        4        3        3        3        3        2        2        2        2        2        2        2        2        2        2        2        3        3        3        3        4        4        4        5        6        7        8       10       12       15       19       26       35       49       73      115      191     330
         157     213      248      244      214      182      157      141      132      130      134      146      167      200      246      295      313      267      188      122       79       52       36       26       19       15       11        9        7        6        5        4        4        3        3        3        2        2        2        2        2        2        2        2        2        2        2        2        2        2        2        2        2        2        2        3        3        3        4        4        5        6        7        9       11       14       19       25       34       49       71     107
         535     392      246      164      120       95       81       73       69       68       71       79       91      112      149      213      318      417      373      231      130       76       48       32       23       17       13       10        8        6        5        5        4        3        3        3        2        2        2        2        2        2        2        2        2        2        2        2        2        2        2        2        2        2        3        3        3        4        4        5        6        8       10       12       16       22       31       47       75      132      248     445
         150     121      102       89       82       79       79       82       90      103      125      162      226      336      482      520      369      212      122       75       49       34       25       19       14       11        9        8        7        6        5        4        4        4        3        3        3        3        3        2        2        2        2        2        2        2        3        3        3        3        3        4        4        5        5        6        7        8       10       12       16       20       27       37       53       78      118      176      238      264      238     191
         260     244      214      186      164      151      144      144      150      166      193      239      316      432      554      552      398      241      144       90       59       41       30       22       17       14       11        9        8        7        6        5        4        4        4        3        3        3        3        3        2        2        2        2        2        2        2        3        3        3        3        3        4        4        4        5        6        6        7        9       11       13       16       21       27       36       49       69      100      143      197     244
         541     498      342      231      167      132      112      101       97       98      105      119      144      189      270      411      562      510      306      164       93       57       38       26       19       14       11        9        7        6        5        4        4        3        3        3        2        2        2        2        2        2        2        2        2        2        2        2        2        2        2        2        2        2        3        3        3        4        5        5        6        8       10       12       16       21       30       44       68      114      204     371
         129      92       70       57       49       44       41       40       41       43       48       55       67       87      122      183      282      356      285      167       93       56       36       25       18       13       10        8        7        5        5        4        3        3        3        2        2        2        2        2        2        2        2        2        2        2        2        2        2        2        2        2        3        3        3        4        4        5        6        8       10       12       16       22       32       49       79      135      230      311      279     192
         141     110       84       67       55       48       43       40       39       40       42       46       52       63       81      111      166      256      337      289      173       97       57       37       25       18       13       10        8        6        5        4        4        3        3        3        2        2        2        2        2        2        2        2        2        2        2        2        2        2        2        2        2        2        3        3        3        4        4        5        6        8       10       13       17       24       34       50       75      112      150     162
         153     137      119      105       94       87       84       83       86       92      103      122      151      198      270      355      388      314      205      126       80       53       37       27       20       16       13       10        8        7        6        5        5        4        4        3        3        3        3        3        3        2        2        2        2        2        2        3        3        3        3        3        4        4        4        5        6        6        7        9       11       13       16       21       27       37       50       69       94      124      150     160
