SWAN 1
LOCATIONS
     1
     -67.28  18.38
AFREQ
     56
     0.0300
     0.0400
     0.0500
     0.0600
     0.0700
     0.0800
     0.0900
     0.1000
     0.1100
     0.1200
     0.1300
     0.1400
     0.1500
     0.1600
     0.1700
     0.1800
     0.1900
     0.2000
     0.2100
     0.2200
     0.2300
     0.2400
     0.2500
     0.2600
     0.2700
     0.2800
     0.2900
     0.3000
     0.3100
     0.3200
     0.3300
     0.3400
     0.3500
     0.3600
     0.3700
     0.3800
     0.3900
     0.4000
     0.4100
     0.4200
     0.4300
     0.4400
     0.4500
     0.4600
     0.4700
     0.4800
     0.4900
     0.5000
     0.5100
     0.5200
     0.5300
     0.5400
     0.5500
     0.5600
     0.5700
     0.5800
NDIR
     72
     5.0000
     10.0000
     15.0000
     20.0000
     25.0000
     30.0000
     35.0000
     40.0000
     45.0000
     50.0000
     55.0000
     60.0000
     65.0000
     70.0000
     75.0000
     80.0000
     85.0000
     90.0000
     95.0000
     100.0000
     105.0000
     110.0000
     115.0000
     120.0000
     125.0000
     130.0000
     135.0000
     140.0000
     145.0000
     150.0000
     155.0000
     160.0000
     165.0000
     170.0000
     175.0000
     180.0000
     185.0000
     190.0000
     195.0000
     200.0000
     205.0000
     210.0000
     215.0000
     220.0000
     225.0000
     230.0000
     235.0000
     240.0000
     245.0000
     250.0000
     255.0000
     260.0000
     265.0000
     270.0000
     275.0000
     280.0000
     285.0000
     290.0000
     295.0000
     300.0000
     305.0000
     310.0000
     315.0000
     320.0000
     325.0000
     330.0000
     335.0000
     340.0000
     345.0000
     350.0000
     355.0000
     360.0000
QUANT
     1
VaDens
m2/Hz/degr
     -999.000000
FACTOR
     1.00000E-06
         137     135      127      116      103       92       81       71       63       57       51       47       43       40       38       36       34       33       32       31       31       30       30       30       29       29       29       29       29       29       28       28       27       27       26       25       25       24       23       22       22       21       21       20       20       19       19       19       19       19       20       20       20       21       22       23       25       26       28       31       34       38       42       48       55       63       73       85       98      112      124     133
         254     230      212      201      194      191      193      197      206      219      237      261      291      327      368      408      440      451      435      394      340      283      232      190      156      130      109       93       80       70       63       56       51       47       44       41       40       38       37       36       36       36       37       37       39       40       42       45       49       54       59       67       76       89      105      127      157      198      258      346      475      658      886     1087     1139     1016      819      640      503      406      337     289
       15162   12327     9845     7787     6137     4839     3830     3050     2447     1981     1619     1337     1115      940      800      688      598      524      463      414      373      338      310      286      266      249      235      224      214      207      201      197      194      192      192      193      196      199      205      212      221      231      245      261      280      303      330      363      403      452      511      584      675      788      931     1114     1349     1656     2062     2603     3333     4324     5675     7501     9910    12924    16332    19540    21665    22026    20632   18100
      211239   91345    40381    21357    12873     8490     5973     4412     3386     2680     2177     1807     1529     1316     1150     1018      913      829      760      704      658      621      592      568      550      536      527      522      521      523      529      540      554      572      595      623      657      697      744      799      863      938     1024     1123     1237     1367     1513     1678     1861     2062     2280     2513     2759     3016     3285     3566     3863     4184     4542     4956     5451     6067     6861     7923     9401    11554    14874    20387    30530    52043   106048  221493
      739979  119647    44023    22462    13531     9024     6451     4854     3800     3071     2548     2162     1872     1648     1474     1338     1230     1144     1077     1025      985      957      938      929      929      936      953      979     1014     1061     1119     1191     1280     1388     1518     1675     1863     2089     2356     2671     3034     3446     3894     4358     4806     5198     5495     5671     5723     5668     5540     5372     5196     5038     4913     4835     4813     4857     4978     5191     5520     6001     6689     7678     9127    11330    14875    21087    33507    64540   186268 1199980
      593488   84550    31861    16560    10124     6837     4944     3759     2972     2425     2031     1740     1520     1351     1220     1117     1037      974      926      890      865      850      843      844      854      872      900      937      986     1047     1123     1216     1330     1468     1636     1839     2081     2368     2702     3079     3486     3897     4273     4569     4745     4785     4700     4523     4293     4047     3811     3602     3429     3296     3206     3160     3161     3211     3318     3493     3751     4121     4645     5393     6488     8159    10867    15668    25460    50869   161866 1563590
      421429   56143    20005     9973     5883     3846     2697     1992     1532     1216      992      828      705      611      538      481      435      399      370      347      329      314      304      296      292      290      291      294      300      310      322      338      359      385      416      456      505      566      643      740      864     1024     1234     1512     1883     2381     3045     3909     4964     6106     7091     7632     7605     7142     6489     5836     5282     4858     4565     4398     4352     4434     4661     5076     5753     6840     8637    11826    18237    34364    99894  836897
      184105   58728    26672    14730     9156     6160     4390     3268     2519     1998     1623     1347     1138      977      852      752      672      608      556      513      478      450      427      409      394      384      376      372      370      371      375      382      392      405      421      442      467      497      534      577      629      691      765      853      959     1085     1235     1416     1630     1883     2181     2525     2918     3357     3837     4351     4891     5456     6051     6693     7419     8286     9383    10855    12947    16111    21277    30645    50531   105331   326198  581560
      193265   52310    20970    10869     6521     4296     3020     2229     1708     1350     1094      905      764      655      570      503      449      406      370      341      318      298      282      270      259      252      246      242      240      239      240      243      248      254      262      273      285      300      318      338      363      391      424      462      507      558      616      683      760      846      944     1054     1175     1310     1458     1621     1801     2002     2230     2494     2808     3194     3688     4343     5255     6594     8696    12314    19406    36506    94866  297702
       60959   44198    23538    12570     7312     4613     3106     2201     1625     1241      975      784      644      539      459      396      347      307      276      250      229      212      198      187      177      170      164      160      157      156      155      156      158      161      165      171      179      188      200      214      230      250      275      304      339      382      434      498      576      673      792      939     1119     1340     1605     1919     2279     2681     3113     3563     4023     4497     5005     5585     6302     7260     8628    10712    14105    20047    31048   49338
       14072    5751     3041     1858     1244      889      667      519      417      344      290      248      217      192      173      158      145      135      127      121      117      113      111      109      109      109      111      113      117      122      128      135      145      156      169      186      206      230      259      294      336      386      445      514      590      673      756      834      901      949      978      990      988      980      970      965      967      981     1010     1060     1137     1251     1418     1667     2050     2672     3774     6007    11677    33435   114792   56030
       37162   18558     8222     4241     2496     1613     1117      814      618      485      391      323      272      233      203      180      161      146      134      125      117      111      106      102      100       98       97       98       98      100      103      107      112      118      126      136      148      162      180      203      231      266      310      367      441      537      663      827     1038     1302     1611     1938     2225     2413     2472     2419     2302     2168     2049     1962     1915     1915     1970     2091     2301     2643     3194     4119     5787     9147    16881   33129
       15102    9441     5607     3468     2272     1568     1131      846      653      517      418      345      290      247      214      187      166      149      135      124      114      106      100       95       91       87       85       83       81       81       81       81       82       84       86       89       92       97      102      108      116      125      136      148      163      180      201      225      254      288      328      375      431      496      571      658      759      873     1005     1156     1332     1542     1799     2124     2555     3152     4025     5372     7553    11109    15979   18680
        5620    2804     1605     1023      704      514      392      310      253      211      180      157      139      125      114      105       98       93       89       86       84       83       83       83       85       87       90       94      100      107      115      126      140      156      177      203      236      278      330      395      474      566      667      763      837      874      869      828      767      700      638      584      540      506      482      467      462      465      478      502      540      597      680      803      988     1282     1782     2719     4704     9243    15322   11845
        3957    2828     1996     1437     1065      814      641      517      427      360      309      269      238      214      194      179      166      156      148      142      137      134      132      131      131      132      135      138      143      149      157      166      177      190      205      224      245      270      298      330      366      405      447      489      531      570      603      630      650      663      671      675      678      681      687      697      714      740      776      827      896      990     1119     1296     1543     1895     2401     3122     4084     5106     5617    5114
        2678    1886     1295      907      657      493      381      304      248      207      176      152      134      120      108       99       92       86       81       78       75       73       72       71       72       72       74       76       78       82       87       92       99      107      117      129      144      161      181      206      234      267      303      342      382      420      453      477      492      497      494      486      476      465      457      452      452      458      470      491      523      568      632      722      848     1031     1297     1692     2256     2958     3497    3391
        1905    1317      928      677      511      399      320      264      222      191      167      148      133      122      112      105       99       94       91       88       87       86       86       86       88       90       92       96      100      105      111      118      127      136      146      158      170      183      196      209      221      232      241      248      253      256      257      257      256      256      255      256      259      263      270      280      293      312      337      369      413      472      553      666      828     1066     1422     1949     2643     3261     3295    2672
        2326    2154     1714     1260      912      670      506      393      314      257      215      184      160      141      126      115      106       98       93       88       85       83       81       80       80       81       82       84       87       91       96      101      108      116      126      137      149      164      180      197      215      234      251      266      279      287      291      291      288      283      277      270      264      259      256      255      257      261      269      280      297      320      350      392      448      524      630      780      994     1296     1692    2108
        3101    2594     1789     1178      796      563      416      320      254      208      174      149      130      115      104       95       88       83       78       75       73       71       70       70       71       72       74       77       80       85       90       96      104      113      124      136      150      166      182      199      216      231      244      252      255      255      250      243      234      225      216      208      202      198      195      194      196      200      207      218      234      254      283      321      375      450      560      724      981     1388     2014    2767
         562     526      472      411      352      300      256      220      190      167      148      132      120      110      102       95       90       86       83       81       79       78       78       79       80       82       84       88       92       96      102      108      116      124      133      142      152      161      170      178      184      189      191      191      189      186      182      177      172      168      164      161      159      158      158      160      163      168      175      184      196      211      230      254      283      318      361      409      462      513      553     572
         625     594      489      372      277      209      162      129      105       88       75       66       58       53       49       45       43       41       40       39       39       39       40       41       43       46       49       53       58       64       72       82       94      109      126      145      165      182      194      196      189      175      157      139      122      108       95       86       78       71       66       63       60       58       57       57       57       59       61       65       69       76       84       95      111      131      160      201      259      340      446     559
         324     327      316      291      259      225      193      164      141      121      105       93       82       74       67       61       57       53       50       47       45       44       43       42       42       42       42       43       43       45       46       48       50       52       55       58       61       64       68       71       75       78       82       84       86       88       89       90       90       90       90       90       90       90       91       91       93       95       98      102      107      114      122      132      144      159      178      199      225      253      282     307
         134     131      128      126      124      122      120      118      117      114      112      108      104      100       95       90       84       78       73       67       62       58       53       49       46       43       40       38       36       34       33       31       30       29       29       28       28       28       28       29       29       30       31       32       34       35       37       40       43       46       50       55       61       67       74       82       91      100      110      120      130      138      145      150      153      154      153      151      148      144      141     137
          68      75       82       92      102      115      128      141      153      162      165      163      155      143      129      115      102       91       81       73       66       60       55       51       48       46       44       43       42       41       41       41       42       43       44       46       48       51       54       57       61       65       69       73       77       81       83       85       85       83       81       78       74       70       67       63       60       57       54       52       50       49       48       48       48       48       49       51       53       55       59      63
          47      52       58       66       76       90      107      129      155      184      212      231      234      220      195      167      140      117       99       85       74       65       59       53       49       46       44       43       42       41       41       42       43       45       48       51       55       61       68       76       87       99      114      130      146      158      164      162      152      137      121      104       90       78       68       60       54       48       44       41       38       37       35       34       34       34       34       35       36       38       40      43
          49      51       54       58       63       69       77       86       98      111      126      141      153      161      160      152      138      121      105       90       77       66       58       51       45       41       37       34       32       30       29       28       27       27       27       27       27       28       29       30       32       34       37       41       45       50       56       63       71       80       89       97      104      109      110      107      102       95       88       80       73       67       62       57       54       51       49       48       47       46       47      47
          50      55       61       68       78       89      104      120      138      155      167      170      162      147      128      109       91       77       66       56       49       43       39       35       32       30       28       27       26       25       25       25       25       25       26       27       28       30       32       34       37       41       46       51       57       64       72       79       86       91       94       94       91       86       79       73       67       61       56       52       48       45       43       41       40       40       39       40       41       42       44      47
          56      61       68       75       85       95      107      119      130      138      140      136      127      115      101       89       77       67       59       52       47       42       38       35       33       31       30       29       28       28       27       28       28       29       30       31       32       34       37       40       43       47       52       57       63       69       74       79       82       84       84       82       78       74       69       64       60       56       52       49       47       45       43       42       42       41       42       43       44       46       49      52
          29      32       35       40       46       54       63       76       91      108      125      139      144      139      125      108       90       75       63       53       46       40       35       31       28       26       24       23       22       21       21       20       20       20       21       21       22       23       24       25       27       29       31       32       34       36       38       39       39       39       38       37       36       34       32       30       28       27       25       24       23       22       22       21       21       21       21       22       23       24       25      27
          17      20       24       29       35       43       54       66       80       91       97       95       88       77       67       58       50       44       39       36       33       31       30       29       28       29       29       30       32       34       37       40       44       49       54       58       61       61       59       54       48       41       35       30       25       22       19       16       14       13       11       10        9        9        8        8        8        7        7        7        7        7        7        8        8        8        9       10       11       12       13      15
          13      15       18       21       26       32       39       49       60       71       81       84       81       72       62       53       45       38       33       29       26       24       22       21       20       19       19       19       19       20       20       22       23       25       27       29       32       34       36       38       38       37       35       32       29       25       22       19       17       15       13       12       11       10        9        8        8        7        7        7        7        7        7        7        7        7        8        8        9       10       11      12
          29      35       42       50       59       69       79       85       87       83       76       68       59       51       45       40       35       32       29       27       26       24       23       23       22       22       22       22       23       23       23       24       24       25       25       25       25       24       23       22       21       20       19       17       16       15       14       13       12       11       11       10       10       10        9        9        9        9        9        9        9       10       10       11       12       12       14       15       17       19       22      25
          33      39       46       54       64       74       82       86       86       81       73       64       55       48       41       36       31       28       25       22       21       19       18       17       16       15       14       14       14       13       13       13       12       12       12       12       12       12       12       11       11       11       11       11       10       10       10       10       10        9        9        9        9        9        9        9        9       10       10       10       10       11       12       12       13       14       16       17       19       22       25      28
          15      18       22       27       34       43       53       64       73       76       73       66       57       49       41       35       31       27       25       22       21       20       19       18       18       17       17       17       18       18       18       18       18       18       18       17       17       16       15       14       12       11       10        9        9        8        7        7        6        6        5        5        5        5        5        4        4        4        4        5        5        5        5        5        6        6        7        7        8        9       11      13
           9      11       14       18       23       32       45       68      109      178      254      254      183      119       79       56       42       34       28       24       21       19       17       16       16       15       15       16       16       17       18       20       21       23       26       28       30       31       31       29       27       24       20       17       15       13       11        9        8        7        6        6        5        5        4        4        4        4        4        4        4        4        4        4        4        4        5        5        6        6        7       8
          13      16       21       28       38       56       86      138      214      272      246      176      120       84       63       49       41       35       31       28       26       25       24       24       25       26       28       30       33       37       42       47       52       55       54       50       44       37       30       24       19       16       13       11        9        8        7        6        5        5        5        4        4        4        4        3        3        3        3        3        3        4        4        4        4        5        5        6        7        8        9      11
          13      17       23       34       53       89      144      179      144       91       57       38       27       21       16       14       12       10        9        8        8        7        7        7        7        8        8        8        9       10       11       13       15       17       20       23       26       28       27       25       22       18       15       12       10        8        7        6        5        5        4        4        3        3        3        3        3        3        3        3        3        3        3        3        3        4        4        5        6        7        8      10
           8      10       13       18       26       41       72      146      292      316      172       87       51       33       23       18       14       12       10        9        8        7        7        7        6        6        6        7        7        7        8        8        9       10       11       12       14       14       15       15       14       13       12       10        9        7        6        6        5        4        4        3        3        3        3        3        2        2        2        2        2        2        2        3        3        3        3        3        4        5        5       6
           6       7        9       12       16       24       37       62      111      178      182      120       71       45       31       23       18       15       12       11       10        9        8        8        8        8        8        9        9       10       11       12       14       16       18       20       22       23       22       20       17       14       11        9        8        6        5        4        4        3        3        3        2        2        2        2        2        2        2        2        2        2        2        2        2        2        2        3        3        3        4       5
           5       6        8       11       16       25       43       78      119      112       71       42       26       18       13       10        8        7        6        6        5        5        5        4        4        4        5        5        5        6        6        7        8        9       10       12       12       13       12       11        9        8        7        5        4        4        3        3        2        2        2        2        1        1        1        1        1        1        1        1        1        1        1        1        1        1        2        2        2        3        3       4
           4       5        7       10       15       25       45       95      181      173       91       48       29       19       14       11        9        8        7        6        5        5        5        5        5        5        6        6        7        8        9       10       12       13       15       15       15       13       11        9        7        6        5        4        3        3        2        2        2        1        1        1        1        1        1        1        1        1        1        1        1        1        1        1        1        1        1        2        2        2        3       3
           3       3        4        5        7        9       13       18       27       43       65       87       88       69       49       35       26       20       17       14       12       11       10        9        9        9        9        9        9        9        9        9       10        9        9        9        8        7        6        6        5        4        4        3        3        2        2        2        2        1        1        1        1        1        1        1        1        1        1        1        1        1        1        1        1        1        1        1        2        2        2       2
           2       2        3        3        4        6        7       10       15       22       33       44       47       39       29       21       15       12        9        8        6        6        5        5        4        4        4        4        4        5        5        5        6        6        7        8        9       11       11       11       11       10        8        7        6        5        4        3        3        2        2        2        1        1        1        1        1        1        1        1        1        1        1        1        1        1        1        1        1        1        1       2
           2       3        4        5        6        9       13       19       31       50       70       69       50       33       22       16       12        9        8        6        6        5        5        4        4        4        4        4        4        5        5        6        6        7        8        9       10       11       11       10        9        8        7        6        5        4        3        3        2        2        2        1        1        1        1        1        1        1        1        1        1        1        1        1        1        1        1        1        1        1        2       2
           1       2        2        3        5        7       13       24       52       87       65       32       17       11        7        5        4        3        3        2        2        2        2        2        2        2        2        2        2        3        3        4        4        6        7       10       13       15       16       13       10        7        5        4        3        2        1        1        1        1        1        0        0        0        0        0        0        0        0        0        0        0        0        0        0        0        0        0        1        1        1       1
           4       5        6        8       11       16       24       38       59       82       84       64       44       30       22       17       13       11        9        8        7        7        6        6        6        6        6        6        6        6        7        7        7        7        7        7        6        6        5        5        4        4        3        3        2        2        2        2        1        1        1        1        1        1        1        1        1        1        1        1        1        1        1        1        1        1        1        2        2        2        3       3
           1       2        2        3        4        5        8       12       20       38       70       81       53       29       17       11        8        6        5        4        3        3        3        2        2        2        2        2        2        3        3        3        3        4        4        5        6        7        7        8        7        7        6        5        4        3        3        2        2        1        1        1        1        1        1        1        0        0        0        0        0        0        0        0        0        0        1        1        1        1        1       1
           1       1        2        2        3        5        7       11       18       31       47       52       41       28       19       14       11        9        7        6        6        6        5        5        6        6        6        7        7        8        9        9        9        8        7        5        4        3        3        2        2        1        1        1        1        0        0        0        0        0        0        0        0        0        0        0        0        0        0        0        0        0        0        0        0        0        0        0        0        0        1       1
           0       1        1        1        1        2        3        4        5        8       14       26       53       92       86       51       29       19       13       10        8        7        6        6        6        6        6        6        6        7        7        7        8        8        7        6        5        4        3        3        2        2        1        1        1        1        0        0        0        0        0        0        0        0        0        0        0        0        0        0        0        0        0        0        0        0        0        0        0        0        0       0
           2       2        3        4        5        7       10       15       21       24       23       18       14       10        8        6        5        4        4        3        3        3        3        3        2        2        2        3        3        3        3        3        3        3        3        2        2        2        2        1        1        1        1        1        1        1        0        0        0        0        0        0        0        0        0        0        0        0        0        0        0        0        0        0        0        0        0        0        1        1        1       1
           1       1        1        2        3        4        7       13       24       35       31       19       11        7        5        4        3        3        2        2        2        2        2        2        2        2        2        2        3        4        4        6        7        9        9        9        7        5        3        2        2        1        1        1        0        0        0        0        0        0        0        0        0        0        0        0        0        0        0        0        0        0        0        0        0        0        0        0        0        0        0       0
           0       1        1        1        1        2        2        3        4        6        9       14       23       33       36       29       20       14       10        8        6        5        5        4        4        4        4        4        4        4        4        4        5        5        6        6        6        6        5        5        4        3        2        2        1        1        1        1        1        0        0        0        0        0        0        0        0        0        0        0        0        0        0        0        0        0        0        0        0        0        0       0
           2       2        2        3        3        4        4        5        6        7        8       10       11       12       13       14       14       14       14       13       12       11       10        9        8        7        6        5        5        4        3        3        3        2        2        2        1        1        1        1        1        1        1        1        1        0        0        0        0        0        0        0        0        0        0        0        0        0        0        0        0        0        0        0        1        1        1        1        1        1        1       1
           1       1        2        2        2        3        4        4        6        7        9       11       12       14       15       15       15       13       12       11        9        8        7        7        6        5        5        4        4        4        3        3        3        3        2        2        2        2        1        1        1        1        1        1        1        1        1        1        0        0        0        0        0        0        0        0        0        0        0        0        0        0        0        0        0        0        0        1        1        1        1       1
           0       0        0        0        1        1        1        1        2        3        4        6        8       12       18       23       25       22       18       13       10        8        7        6        5        5        4        4        4        3        3        3        3        3        2        2        2        2        1        1        1        1        1        1        0        0        0        0        0        0        0        0        0        0        0        0        0        0        0        0        0        0        0        0        0        0        0        0        0        0        0       0
           0       0        0        0        0        1        1        1        2        2        4        6       11       19       25       22       14        9        6        4        3        2        2        2        2        1        1        1        1        1        1        1        1        2        2        2        2        2        2        2        2        2        2        1        1        1        1        0        0        0        0        0        0        0        0        0        0        0        0        0        0        0        0        0        0        0        0        0        0        0        0       0
