SWAN 1
LOCATIONS
     1
     681724.29 2033118.57
AFREQ
     56
     0.0300
     0.0400
     0.0500
     0.0600
     0.0700
     0.0800
     0.0900
     0.1000
     0.1100
     0.1200
     0.1300
     0.1400
     0.1500
     0.1600
     0.1700
     0.1800
     0.1900
     0.2000
     0.2100
     0.2200
     0.2300
     0.2400
     0.2500
     0.2600
     0.2700
     0.2800
     0.2900
     0.3000
     0.3100
     0.3200
     0.3300
     0.3400
     0.3500
     0.3600
     0.3700
     0.3800
     0.3900
     0.4000
     0.4100
     0.4200
     0.4300
     0.4400
     0.4500
     0.4600
     0.4700
     0.4800
     0.4900
     0.5000
     0.5100
     0.5200
     0.5300
     0.5400
     0.5500
     0.5600
     0.5700
     0.5800
NDIR
     72
     5.0000
     10.0000
     15.0000
     20.0000
     25.0000
     30.0000
     35.0000
     40.0000
     45.0000
     50.0000
     55.0000
     60.0000
     65.0000
     70.0000
     75.0000
     80.0000
     85.0000
     90.0000
     95.0000
     100.0000
     105.0000
     110.0000
     115.0000
     120.0000
     125.0000
     130.0000
     135.0000
     140.0000
     145.0000
     150.0000
     155.0000
     160.0000
     165.0000
     170.0000
     175.0000
     180.0000
     185.0000
     190.0000
     195.0000
     200.0000
     205.0000
     210.0000
     215.0000
     220.0000
     225.0000
     230.0000
     235.0000
     240.0000
     245.0000
     250.0000
     255.0000
     260.0000
     265.0000
     270.0000
     275.0000
     280.0000
     285.0000
     290.0000
     295.0000
     300.0000
     305.0000
     310.0000
     315.0000
     320.0000
     325.0000
     330.0000
     335.0000
     340.0000
     345.0000
     350.0000
     355.0000
     360.0000
QUANT
     1
VaDens
m2/Hz/degr
     -999.000000
FACTOR
     1.00000E-06
          40      38       37       36       36       36       36       36       37       38       39       41       42       44       45       47       48       48       48       48       47       45       43       40       38       35       33       30       28       26       25       24       22       21       21       20       20       19       19       19       20       20       21       22       23       24       26       28       30       33       37       42       47       53       61       68       77       85       91       95       96       94       89       82       75       69       62       57       52       48       45      42
         263     253      247      243      242      243      247      253      262      272      284      298      312      326      337      345      348      344      334      318      297      274      250      227      205      186      169      154      141      131      121      114      108      103       99       96       94       92       92       92       93       95       98      102      108      114      122      132      145      160      179      201      229      262      302      349      402      458      512      556      582      586      569      536      494      450      409      372      341      314      293     276
        5809    6714     6515     5152     3573     2384     1612     1126      815      610      471      372      302      250      210      180      157      138      123      111      102       94       88       83       79       76       74       72       71       71       71       72       73       75       78       82       87       93      100      109      121      135      152      174      201      237      283      344      426      538      693      909     1211     1622     2144     2713     3179     3380     3289     3025     2720     2454     2254     2125     2065     2073     2155     2324     2607     3047     3706    4647
       93356   53515    32828    21379    14634    10440     7711     5866     4577     3653     2973     2463     2074     1772     1534     1346     1194     1071      971      888      821      765      720      683      653      629      612      599      591      588      589      594      605      620      640      666      699      740      789      850      922     1011     1119     1250     1412     1613     1864     2180     2585     3107     3790     4697     5919     7586     9892    13116    17650    24004    32760    44401    59016    76120    95004   115750   140369   173672   224212   303224   402633   428788   308499  172351
      290678  135730    72163    42659    27294    18545    13208     9772     7461     5852     4696     3846     3207     2718     2338     2038     1800     1607     1451     1324     1220     1135     1065     1009      963      928      900      881      869      863      865      873      888      910      940      979     1028     1089     1163     1253     1362     1496     1658     1857     2103     2409     2792     3279     3902     4711     5775     7191     9101    11706    15290    20229    26974    35952    47314    60599    74612    87980   100198   112299   126843   148049   183264   247787   377956   644525   917439  646694
      327766  116769    53440    28943    17501    11431     7906     5718     4288     3312     2625     2127     1757     1476     1260     1091      957      850      763      693      636      589      550      519      493      473      457      446      438      434      433      436      441      451      464      482      504      532      566      608      658      720      795      886      999     1139     1313     1534     1815     2179     2654     3284     4129     5276     6851     9019    11994    15997    21167    27398    34213    40906    47016    52775    59198    68076    82473   108754   163716   303894   705632  873074
      116888   47691    23872    13761     8728     5927     4238     3155     2428     1920     1554     1284     1080      924      801      705      627      565      514      473      439      412      389      371      357      346      339      334      332      332      335      340      349      360      375      393      416      444      478      519      568      628      701      790      899     1035     1204     1415     1680     2016     2442     2981     3658     4497     5511     6695     8012     9400    10785    12123    13425    14776    16342    18376    21282    25765    33245    47039    76398   151844   326106  303250
      511135  518004    69008    22152    10360     5826     3663     2483     1779     1330     1029      820      668      557      472      407      357      317      285      259      238      221      208      197      189      182      177      174      173      173      175      178      182      189      197      208      222      239      260      285      318      358      408      473      557      667      815     1019     1309     1732     2378     3413     5172     8361    14460    25653    39306    41060    30812    21355    15575    12260    10374     9369     8985     9140     9887    11465    14486    20584    35195   86544
      260623  192521    79504    36062    19316    11660     7655     5345     3911     2972     2328     1872     1538     1289     1099      951      835      743      669      609      560      520      488      462      441      425      412      404      398      396      398      402      409      420      435      453      477      506      540      583      634      695      770      861      971     1105     1271     1474     1725     2034     2415     2880     3440     4100     4855     5684     6549     7402     8205     8939     9620    10297    11049    11982    13242    15046    17757    22050    29346    43044    72619  145500
       24967   38389    63413    79196    51269    24152    12029     6723     4132     2729     1906     1391     1052      820      656      536      446      378      326      285      252      226      205      187      174      162      153      146      140      136      133      131      130      130      131      134      138      143      149      157      167      180      195      214      238      267      303      349      407      484      584      720      907     1172     1560     2148     3081     4633     7337    12164    20193    29593    32897    28227    21986    17467    14738    13317    12893    13396    15018   18369
       24559   34058    50594    67581    58493    33250    17225     9537     5748     3722     2552     1833     1367     1051      831      672      554      466      398      345      303      269      242      221      203      188      177      167      159      154      149      146      144      144      144      146      149      153      159      166      175      187      201      218      239      265      298      338      388      453      536      645      791      989     1265     1659     2237     3112     4469     6604     9900    14505    19447    22394    22124    20000    17756    16173    15432    15585    16789   19462
       21448   27053    30111    27472    20929    14549     9949     6937     4986     3699     2825     2215     1776     1454     1212     1027      883      769      679      606      547      498      458      425      398      376      358      343      332      323      317      313      311      311      314      318      325      334      345      360      377      397      422      450      484      523      568      621      682      753      835      930     1039     1164     1306     1467     1649     1853     2081     2337     2622     2944     3312     3739     4247     4867     5648     6662     8023     9904    12566   16349
       23949   29404    28838    21813    14243     9050     5909     4021     2849     2092     1585     1234      983      799      662      558      476      413      362      321      288      261      239      221      206      194      184      175      169      164      160      158      156      156      157      159      162      167      173      180      189      200      213      228      246      268      294      326      363      407      460      524      601      694      805      939     1100     1291     1518     1784     2093     2451     2864     3343     3905     4581     5422     6514     7997    10104    13206   17793
        5632    7722    11337    16786    20367    16280     9687     5511     3318     2141     1466     1054      788      610      485      395      329      278      240      210      186      167      152      139      129      121      115      110      106      103      101      100      100      100      102      104      108      112      118      125      134      145      158      174      194      219      250      289      338      400      481      585      721      898     1127     1413     1754     2125     2477     2749     2897     2924     2868     2780     2699     2652     2658     2734     2899     3187     3654    4404
        4045    5143     7026    10497    17167    27276    28997    17894     9266     5107     3092     2024     1409     1028      780      611      491      404      339      290      251      221      197      178      163      150      140      132      126      121      117      114      112      111      112      113      115      118      122      127      134      142      152      164      179      197      219      246      279      320      370      433      510      606      724      867     1036     1228     1433     1638     1822     1969     2074     2141     2183     2217     2263     2336     2455     2642     2928    3365
        4147    5565     7944    11701    15530    14806     9924     5829     3496     2227     1506     1070      793      608      480      388      321      270      231      201      177      158      143      131      121      113      106      101       97       94       92       90       89       89       90       91       94       97      101      106      112      119      128      139      153      169      188      212      241      276      319      371      435      512      604      711      832      964     1100     1230     1347     1446     1526     1593     1656     1726     1814     1935     2107     2356     2724    3279
        4959    7350    10390    12329    11189     8276     5700     3958     2843     2119     1632     1293     1049      868      730      623      539      471      416      370      332      300      273      250      230      213      198      186      175      165      157      149      143      138      133      130      127      124      122      121      120      120      121      122      124      126      129      133      137      143      149      157      166      177      190      204      222      243      268      298      335      380      436      506      596      712      867     1077     1370     1793     2425    3405
        5125    6451     8042     9431     9539     7850     5473     3550     2293     1520     1043      740      542      408      315      248      200      164      137      115       99       86       75       67       60       54       50       46       43       40       38       36       35       34       33       33       32       32       33       33       34       35       36       38       40       42       45       49       53       58       65       72       82       93      108      125      148      176      212      258      318      397      500      635      810     1037     1324     1683     2121     2651     3296    4098
        1358    2207     4148     9180    16240    11096     4824     2390     1386      898      628      465      359      287      236      198      170      148      131      118      107       98       91       85       80       76       73       70       68       66       65       64       64       63       63       64       64       65       66       67       68       70       71       73       75       77       79       81       84       87       89       93       96      100      104      109      114      121      128      137      147      160      175      194      217      247      287      340      412      516      673     923
        1989    2866     4528     7883    13006    12927     7219     3589     1957     1180      769      532      386      290      225      179      145      120      101       87       75       66       59       53       48       44       41       38       36       34       32       31       30       30       29       29       29       29       29       30       31       32       33       35       37       39       42       45       49       54       59       66       74       83       94      107      122      140      162      188      218      254      295      344      401      468      547      645      768      929     1151    1477
        2288    2583     2903     3265     3653     3977     4039     3658     2917     2115     1465     1008      704      503      369      278      214      168      135      110       91       77       66       57       50       44       40       36       33       30       28       26       25       24       23       22       22       21       21       21       22       22       22       23       24       25       27       28       30       33       36       40       44       50       57       65       76       89      107      129      158      196      246      314      404      524      682      882     1126     1405     1700    1997
        3390    4009     4090     3702     3137     2594     2136     1762     1455     1198      981      799      647      522      421      340      275      225      185      153      128      108       92       80       69       61       54       48       43       40       36       34       31       30       28       27       26       25       24       24       24       24       24       24       25       25       26       27       29       31       33       35       38       42       47       52       59       68       78       92      110      132      162      203      259      337      449      614      860     1232     1783    2539
        6147    6599     3871     2157     1365      967      748      618      538      489      461      450      451      464      485      513      542      562      562      533      476      402      327      260      206      163      131      106       87       73       62       53       46       40       36       32       29       27       25       24       22       21       21       20       20       20       20       20       20       21       21       22       24       25       27       30       33       37       41       48       56       66       80       99      125      164      224      320      486      803     1485    3107
        2049    3363     4488     4239     3165     2252     1662     1292     1052      888      768      675      597      528      463      401      344      290      243      202      168      139      116       97       82       70       60       52       45       40       36       32       29       26       24       23       21       20       19       18       18       17       17       17       17       17       17       17       18       19       19       21       22       23       25       28       31       34       39       44       52       61       73       88      109      139      181      243      338      491      751    1214
        1301    1410     1375     1261     1138     1038      973      940      936      957      995     1035     1050     1010      900      741      573      429      318      237      179      138      108       86       70       58       49       41       36       31       28       25       22       20       19       18       16       16       15       14       14       14       14       14       14       14       14       15       15       16       17       18       19       21       23       26       29       33       38       44       52       63       77       95      121      158      211      287      401      566      794    1064
         462     454      452      457      472      502      549      620      722      859     1019     1150     1158     1000      758      537      375      266      193      144      111       87       70       57       48       41       35       31       27       24       22       20       19       17       16       16       15       15       14       14       14       14       14       14       15       15       16       17       18       19       21       23       25       28       32       37       42       49       59       70       86      106      131      165      207      258      314      372      420      453      467     468
        1478    1500     1298     1052      854      715      623      566      534      522      527      549      584      630      676      705      692      627      524      412      313      236      179      138      108       86       70       57       48       41       35       31       27       24       22       20       19       18       17       16       15       15       14       14       14       14       14       14       15       15       16       17       18       20       21       24       26       30       34       39       46       55       67       84      107      140      188      262      378      561      838    1194
         902    1046     1152     1218     1258     1288     1325     1378     1447     1522     1572     1550     1420     1193      931      695      509      373      277      209      161      127      101       82       68       57       49       42       37       33       29       26       24       22       20       19       18       17       17       16       16       16       15       15       16       16       16       17       18       18       19       21       22       24       27       30       33       38       43       50       59       70       84      103      127      160      205      265      346      452      586     741
         978     870      744      638      561      510      479      466      470      489      525      578      644      714      758      744      657      527      398      293      216      162      123       96       76       62       51       43       36       31       27       24       22       20       18       17       16       15       14       14       13       13       13       13       13       13       13       14       14       15       16       17       18       20       22       25       28       32       37       44       53       65       81      103      134      180      248      348      494      686      883     997
        1163    1320     1225     1027      854      737      670      643      653      700      790      928     1099     1219     1150      888      599      388      254      172      121       88       66       51       41       33       27       23       19       17       15       13       12       10       10        9        8        8        7        7        7        7        7        7        7        7        7        7        7        8        8        9        9       10       11       12       14       16       18       21       25       31       38       48       61       81      110      155      227      347      543     837
         990    1574     1894     1623     1186      871      678      565      500      469      462      479      521      594      701      839      962      972      817      590      398      267      183      130       95       72       56       44       36       30       25       21       19       16       15       13       12       11       10       10        9        9        8        8        8        8        8        8        8        8        9        9       10       10       11       12       13       15       17       19       22       26       31       38       47       60       79      107      151      224      349     578
         710     841      908      908      868      820      783      767      775      808      870      956     1051     1115     1085      939      728      528      373      265      192      142      108       84       66       54       44       37       32       27       24       21       19       17       16       14       13       13       12       11       11       11       11       10       10       10       11       11       11       12       12       13       14       15       16       18       20       23       26       30       35       41       50       61       75       96      124      163      220      300      411     553
         456     421      388      364      351      350      363      393      445      532      674      901     1218     1478     1357      936      571      350      225      152      108       79       60       47       38       31       26       22       19       17       15       13       12       11       10       10        9        9        8        8        8        8        8        8        8        8        9        9        9       10       11       12       13       14       16       18       21       24       29       34       42       52       66       85      112      149      201      270      350      425      472     479
        1019    1265     1114      821      601      466      387      342      320      317      332      368      435      551      750     1063     1377     1292      849      486      284      177      117       82       60       45       35       28       23       19       16       14       12       11        9        9        8        7        7        6        6        6        6        6        5        5        6        6        6        6        6        7        7        8        8        9       10       11       13       15       18       21       25       32       40       52       71       99      146      226      371     634
         386     550      740      896      958      931      865      804      765      755      775      823      894      965      987      905      729      531      368      254      178      128       94       71       55       44       35       29       24       21       18       15       14       12       11       10        9        8        8        8        7        7        7        7        7        6        7        7        7        7        7        8        8        9        9       10       11       12       14       16       18       21       25       30       36       45       57       74       99      134      187     267
         293     478      763     1074     1206     1115      957      837      776      773      834      977     1235     1603     1822     1482      897      498      287      176      115       79       56       42       32       25       20       16       13       11       10        8        7        7        6        5        5        5        4        4        4        4        4        3        3        3        3        4        4        4        4        4        4        5        5        6        6        7        8        9       10       12       14       17       21       26       34       44       60       84      122     185
         185     283      443      678      939     1085     1049      924      806      727      688      684      711      758      802      798      707      549      388      264      179      125       89       65       49       38       30       24       20       16       14       12       10        9        8        7        7        6        6        5        5        5        5        4        4        4        4        4        4        4        4        5        5        5        6        6        6        7        8        9       10       12       14       16       19       24       29       37       48       64       88     126
         128     195      316      542      934     1395     1501     1216      908      703      583      519      492      496      529      592      683      778      810      715      532      358      235      157      109       78       57       43       34       27       22       18       15       13       11       10        9        8        7        6        6        6        5        5        5        5        5        5        5        5        5        5        5        5        5        6        6        7        7        8        9       10       12       13       16       19       23       28       36       47       63      88
         425     713     1024     1088      909      710      575      499      466      469      508      597      762     1032     1339     1318      887      497      279      167      107       72       51       38       29       22       18       14       12       10        9        7        7        6        5        5        4        4        4        4        3        3        3        3        3        3        3        3        3        3        4        4        4        4        5        5        6        7        7        9       10       12       14       17       22       28       36       49       69      101      155     250
         244     441      791     1128     1062      777      559      433      365      332      326      344      392      485      652      922     1173     1027      621      337      191      117       76       52       38       28       22       17       14       11        9        8        7        6        5        5        4        4        4        3        3        3        3        3        3        3        3        3        3        3        3        3        3        3        4        4        4        5        6        6        7        9       10       12       15       19       24       32       44       62       92     145
         495     640      585      435      316      242      198      172      159      155      160      175      203      256      356      562     1011     1611     1267      586      277      150       90       59       41       30       23       18       14       11       10        8        7        6        5        5        4        4        4        3        3        3        3        3        3        3        3        3        3        3        3        3        4        4        4        5        5        6        7        8        9       11       13       16       20       26       35       49       72      110      179     304
         455     358      260      196      157      134      122      118      120      130      151      189      264      427      845     1707     1437      559      236      121       71       45       31       22       17       13       10        8        7        6        5        4        4        3        3        3        2        2        2        2        2        2        2        2        2        2        2        2        2        2        2        3        3        3        3        4        4        5        6        7        9       10       13       17       23       31       45       68      108      181      304     439
         194     310      458      553      522      428      343      285      251      235      233      247      281      346      472      721     1180     1511     1041      508      256      143       88       58       41       30       22       17       14       11        9        8        7        6        5        5        4        4        3        3        3        3        3        3        3        3        3        3        3        3        3        3        3        3        3        4        4        5        5        6        7        8        9       11       14       17       22       29       39       55       80     122
         357     312      246      193      157      134      120      113      111      115      126      145      179      241      362      612     1036     1085      598      285      150       89       57       39       28       21       16       13       11        9        7        6        6        5        4        4        4        3        3        3        3        3        3        3        3        3        3        3        3        3        3        3        3        4        4        5        5        6        7        8       10       12       15       19       25       33       47       67      102      157      241     328
         354     299      226      171      135      112       97       89       85       84       87       94      107      130      168      238      381      682     1075      881      433      212      117       72       48       34       25       19       15       12       10        8        7        6        5        5        4        4        4        3        3        3        3        3        3        3        3        3        3        3        3        3        4        4        4        5        5        6        7        8       10       12       15       19       24       33       45       65       99      154      239     329
         203     259      287      278      249      218      194      178      171      172      182      204      244      317      454      718     1111     1148      683      342      183      108       69       47       34       25       19       15       12       10        8        7        6        5        5        4        4        4        3        3        3        3        3        3        3        3        3        3        3        3        3        3        3        4        4        4        5        5        6        7        8        9       11       14       17       22       28       37       51       71      102     146
         407     493      431      319      234      181      149      131      121      118      122      133      154      192      263      406      711     1170     1039      512      242      129       77       50       35       25       19       15       12        9        8        7        6        5        4        4        4        3        3        3        3        2        2        2        2        2        2        2        2        2        3        3        3        3        3        4        4        5        5        6        7        9       11       13       17       22       30       42       62       95      155     260
          99     149      231      362      529      645      623      518      415      341      293      265      252      250      259      278      306      337      357      348      301      234      170      120       86       62       46       35       27       22       18       15       12       10        9        8        7        6        6        5        5        4        4        4        4        4        4        4        3        4        4        4        4        4        4        4        5        5        6        6        7        8        9       10       12       15       18       22       28       37       50      69
         147     220      323      440      513      502      438      368      314      277      256      247      248      261      285      322      368      411      424      382      300      216      150      105       75       55       41       32       25       20       17       14       12       10        9        8        7        6        6        5        5        5        4        4        4        4        4        4        4        4        4        4        4        5        5        5        6        6        7        7        8       10       11       13       16       19       24       30       39       52       71     101
          94     110      119      120      115      108      101       95       92       91       93       98      108      124      151      194      266      382      522      549      399      239      141       88       58       41       30       22       17       14       11        9        8        7        6        5        5        4        4        4        3        3        3        3        3        3        3        3        3        3        3        3        3        3        4        4        4        5        5        6        7        8       10       12       14       17       22       27       35       46       59      76
          68      66       63       60       56       54       53       53       54       57       62       70       83      103      136      194      302      478      600      459      258      143       86       55       38       27       21       16       13       10        9        7        6        6        5        4        4        4        3        3        3        3        3        3        3        3        3        3        3        3        3        3        4        4        4        5        5        6        7        8       10       11       14       17       21       26       32       40       48       56       63      68
         121     106       90       77       68       61       58       56       57       60       66       77       95      127      187      316      589      819      526      240      120       68       42       29       20       15       12        9        7        6        5        4        4        3        3        3        2        2        2        2        2        2        2        2        2        2        2        2        2        2        2        2        2        3        3        3        4        4        5        6        7        9       11       14       19       25       35       48       68       92      115     126
         160     214      245      235      201      167      140      122      110      104      103      107      116      133      161      207      283      389      467      409      269      160       98       63       43       30       22       17       13       11        9        7        6        5        5        4        4        3        3        3        3        2        2        2        2        2        2        2        2        2        2        2        3        3        3        3        4        4        5        5        6        7        8       10       12       16       20       27       37       52       75     110
          81     139      251      429      545      470      341      253      202      176      165      168      185      224      303      477      883     1393      945      389      176       93       55       35       24       17       13       10        8        6        5        4        4        3        3        2        2        2        2        1        1        1        1        1        1        1        1        1        1        1        1        1        1        1        1        2        2        2        2        3        3        4        4        5        6        8       10       13       17       23       33      50
         156     137      113       92       77       66       60       56       54       55       58       63       73       89      116      165      260      434      584      443      233      122       71       45       30       22       16       12       10        8        6        5        5        4        4        3        3        3        2        2        2        2        2        2        2        2        2        2        2        2        2        2        2        3        3        3        4        4        5        6        7        9       11       13       17       23       32       45       64       93      128     154
         164     200      198      168      135      109       92       81       75       72       73       78       87      103      132      185      291      497      703      534      268      135       76       47       31       22       16       12       10        8        6        5        4        4        3        3        3        2        2        2        2        2        2        2        2        2        2        2        2        2        2        2        2        2        2        2        3        3        4        4        5        6        7        9       11       14       18       25       35       51       76     115
