SWAN 1
LOCATIONS
     1
     681726.07 2033118.57
AFREQ
     56
     0.0300
     0.0400
     0.0500
     0.0600
     0.0700
     0.0800
     0.0900
     0.1000
     0.1100
     0.1200
     0.1300
     0.1400
     0.1500
     0.1600
     0.1700
     0.1800
     0.1900
     0.2000
     0.2100
     0.2200
     0.2300
     0.2400
     0.2500
     0.2600
     0.2700
     0.2800
     0.2900
     0.3000
     0.3100
     0.3200
     0.3300
     0.3400
     0.3500
     0.3600
     0.3700
     0.3800
     0.3900
     0.4000
     0.4100
     0.4200
     0.4300
     0.4400
     0.4500
     0.4600
     0.4700
     0.4800
     0.4900
     0.5000
     0.5100
     0.5200
     0.5300
     0.5400
     0.5500
     0.5600
     0.5700
     0.5800
NDIR
     72
     5.0000
     10.0000
     15.0000
     20.0000
     25.0000
     30.0000
     35.0000
     40.0000
     45.0000
     50.0000
     55.0000
     60.0000
     65.0000
     70.0000
     75.0000
     80.0000
     85.0000
     90.0000
     95.0000
     100.0000
     105.0000
     110.0000
     115.0000
     120.0000
     125.0000
     130.0000
     135.0000
     140.0000
     145.0000
     150.0000
     155.0000
     160.0000
     165.0000
     170.0000
     175.0000
     180.0000
     185.0000
     190.0000
     195.0000
     200.0000
     205.0000
     210.0000
     215.0000
     220.0000
     225.0000
     230.0000
     235.0000
     240.0000
     245.0000
     250.0000
     255.0000
     260.0000
     265.0000
     270.0000
     275.0000
     280.0000
     285.0000
     290.0000
     295.0000
     300.0000
     305.0000
     310.0000
     315.0000
     320.0000
     325.0000
     330.0000
     335.0000
     340.0000
     345.0000
     350.0000
     355.0000
     360.0000
QUANT
     1
VaDens
m2/Hz/degr
     -999.000000
FACTOR
     1.00000E-06
           7       7        7        7        7        7        7        7        8        8        8        9       10       10       11       12       12       12       11       10        9        8        7        6        5        5        4        3        3        3        2        2        2        2        2        2        2        1        1        1        1        1        1        1        2        2        2        2        2        2        2        3        3        4        4        5        5        6        7        8        9       10       11       11       11       11       10       10        9        9        8       8
         103     114      120      119      112      101       89       77       67       58       51       46       41       37       34       31       29       28       26       25       24       23       22       22       21       21       20       20       19       19       18       18       17       17       16       15       15       14       14       13       13       12       12       12       11       11       11       11       11       11       11       11       11       12       12       13       13       14       15       17       18       20       22       25       28       33       38       45       53       64       76      89
          80      70       60       51       43       38       33       29       26       24       23       21       21       20       20       20       20       20       21       22       23       25       26       29       31       33       36       38       40       40       40       38       36       33       30       27       24       21       19       17       16       14       13       12       12       11       11       10       10       10       10       10       11       11       12       12       13       15       16       18       20       23       27       32       39       47       57       68       79       88       91      88
         199     173      154      139      128      119      113      109      106      104      103      103      104      104      105      105      104      102       99       95       89       83       76       69       63       56       51       46       42       38       35       32       29       27       26       24       23       22       22       21       21       21       21       21       22       22       23       24       26       28       30       33       36       40       46       53       62       73       88      108      135      171      218      277      341      397      424      413      373      322      273     232
        1039     699      504      382      303      248      209      181      159      143      131      122      114      109      105      103      102      102      103      105      108      112      118      125      133      142      153      165      178      191      204      215      224      229      230      226      219      209      198      186      174      163      153      145      138      132      128      125      123      122      123      126      130      136      144      155      170      189      215      251      300      370      475      641      919     1427     2440     4420     6480     5328     3005    1686
        5848    3601     2391     1682     1238      945      743      599      494      415      354      307      270      240      216      197      181      168      158      149      142      137      133      130      128      127      127      128      129      132      136      141      147      155      164      175      188      204      222      244      270      300      336      378      427      485      552      629      717      816      925     1043     1169     1302     1443     1592     1755     1938     2154     2421     2767     3237     3907     4915     6537     9358    14731    25340    39736    36892    20466   10453
        5883    3957     2831     2120     1644     1312     1072      893      757      652      569      503      449      405      369      339      315      294      277      263      251      242      234      228      224      221      219      218      219      221      225      229      235      242      251      262      274      288      304      323      344      369      397      429      465      506      553      607      668      740      822      918     1031     1166     1328     1527     1775     2093     2510     3079     3887     5098     7049    10523    17713    36914   123228   563830   195487    43591    17900    9560
       12068    8498     6044     4359     3194     2380     1805     1393     1093      871      705      579      482      407      347      300      262      231      206      186      169      155      143      133      125      119      113      109      105      103      101      100      100      100      102      104      106      110      115      120      127      136      146      159      174      192      214      241      274      316      368      434      519      630      776      972     1242     1617     2153     2936     4108     5904     8714    13146    19972    29483    39599    44835    41617    33150    24291   17199
       22844   14844     9073     5590     3570     2378     1650     1186      880      672      525      420      342      284      239      205      177      156      138      124      113      103       96       89       84       80       77       74       72       71       70       70       70       71       73       75       78       81       86       91       98      106      116      128      144      162      186      215      253      302      367      454      573      740      984     1348     1916     2845     4443     7351    12864    22971    37172    46025    43248    36546    31736    29634    29784    31396    32577   30035
       38167   17009     8388     4642     2813     1828     1253      898      666      510      400      321      263      219      186      160      139      123      109       99       90       83       77       72       68       65       63       61       60       59       58       58       59       60       62       64       66       70       74       79       86       93      103      114      129      147      169      198      234      282      346      433      553      724      976     1357     1956     2936     4597     7461    12199    18733    24554    26613    25769    24752    25240    28373    36119    52590    77553   73786
       47247   24200    12813     7308     4475     2910     1988     1415     1043      791      616      491      398      329      277      236      204      179      158      142      128      117      108      101       95       90       86       83       81       79       78       77       78       78       80       82       85       88       93       98      105      113      123      136      151      169      192      221      257      303      363      442      549      694      898     1190     1623     2284     3328     5035     7904    12748    20522    31151    41844    49143    53594    58805    68352    83817    96013   80675
       85670   60812    29909    14578     7828     4614     2929     1971     1390     1018      770      599      477      387      321      270      231      200      175      156      140      127      116      108      101       95       90       87       84       82       80       79       79       80       81       83       85       88       93       98      104      112      121      133      147      165      186      213      247      290      346      420      518      653      839     1106     1496     2084     2994     4432     6713    10199    14922    19915    23461    24966    25527    26619    29529    35888    48643   70727
       68555   36950    17224     8768     4965     3063     2019     1402     1015      761      587      464      376      310      260      221      191      167      148      133      121      110      102       95       90       85       82       79       77       75       75       74       75       76       77       80       83       87       91       97      105      114      124      138      154      174      199      231      272      324      394      486      612      788     1038     1405     1955     2799     4111     6127     9028    12581    15817    17681    18209    18312    18892    20691    24695    32878    49063   72091
       20592   31226    29088    15568     7467     3938     2305     1464      991      704      521      398      313      252      207      173      147      127      112       99       89       81       74       68       64       60       58       55       54       52       52       51       51       52       53       54       56       58       61       65       70       76       83       91      102      115      131      152      179      213      258      319      401      516      679      915     1264     1781     2532     3546     4709     5689     6153     6103     5815     5547     5445     5595     6094     7130     9110   12972
       21288   20950    15608     9825     5990     3769     2486     1716     1233      917      702      552      444      364      304      257      222      193      171      152      138      126      116      108      101       96       91       88       86       84       83       82       82       83       84       87       89       93       98      104      111      119      129      142      157      176      198      226      261      305      361      432      523      642      796      998     1259     1594     2011     2509     3068     3654     4225     4759     5267     5802     6445     7316     8586    10510    13428   17479
       14669   10652     7674     5585     4137     3127     2410     1893     1513     1229     1014      848      718      615      534      468      414      370      334      304      279      258      241      226      214      204      196      190      185      181      179      178      178      179      181      185      190      196      204      214      226      240      257      277      301      329      363      403      451      509      579      664      768      896     1055     1251     1498     1808     2200     2701     3343     4174     5258     6685     8576    11082    14328    18231    22089    24272    23216   19348
       10665    9580     8195     6660     5187     3929     2942     2203     1664     1274      990      782      627      511      423      355      302      260      227      200      178      160      146      134      124      115      109      103       99       95       93       91       90       89       89       90       92       94       97      101      106      112      120      129      140      154      170      190      215      246      284      333      396      477      584      727      921     1190     1566     2101     2864     3942     5416     7279     9332    11158    12352    12821    12768    12450    12008   11443
       10278    6014     3538     2198     1447     1002      723      541      417      329      266      219      184      157      135      118      105       94       85       78       72       67       63       60       57       55       54       53       52       52       52       52       53       55       56       59       62       65       70       75       81       89       98      109      123      139      159      184      215      254      302      363      438      532      648      789      956     1148     1361     1592     1838     2101     2394     2743     3191     3811     4728     6162     8477    12005    15583   15048
        7481    7104     5981     4472     3099     2091     1419      984      700      513      385      297      233      187      153      127      107       92       80       70       62       56       50       46       43       40       37       35       34       33       32       31       31       31       31       31       31       32       33       35       37       39       41       45       49       54       59       67       76       87      101      118      141      171      210      263      335      436      579      783     1079     1503     2093     2861     3748     4608     5295     5772     6123     6464     6864    7278
        5203    4388     3628     2941     2342     1841     1436     1117      872      685      542      435      352      289      240      201      171      147      128      112       99       89       80       73       67       63       59       55       52       50       48       47       46       45       45       45       46       46       47       49       51       53       56       60       64       69       76       83       93      104      119      136      158      186      223      270      332      415      529      688      913     1235     1702     2376     3321     4547     5906     7040     7577     7439     6843    6044
        1847    1977     2218     2592     3089     3568     3660     3110     2239     1488      981      662      463      335      250      192      151      122      100       84       71       61       54       47       43       39       35       33       30       29       27       26       25       25       24       24       24       25       25       26       27       28       29       31       33       36       40       44       49       55       64       74       87      104      127      159      202      262      350      480      677      975     1407     1963     2501     2781     2719     2464     2191     1980     1853    1808
        2709    3062     3535     4021     4210     3771     2857     1949     1288      861      593      421      309      234      181      143      116       96       80       68       59       52       46       41       37       34       31       29       27       26       25       24       23       23       23       23       23       23       23       24       25       26       28       29       32       34       37       41       46       52       60       69       81       96      115      141      176      222      286      376      500      672      902     1191     1515     1819     2045     2174     2234     2276     2345    2479
        2531    2696     2908     3124     3244     3133     2738     2169     1607     1156      829      603      447      339      262      207      167      137      114       97       83       72       64       57       51       46       43       39       37       35       33       32       31       30       30       29       29       29       30       31       31       33       34       36       39       41       45       49       55       61       69       79       91      106      126      152      185      229      288      367      475      620      811     1053     1337     1635     1900     2096     2218     2288     2344    2417
        2484    2651     2907     3151     3144     2687     1958     1298      840      552      374      263      191      142      109       86       69       56       47       39       34       29       26       23       21       19       17       16       15       14       13       13       12       12       12       12       12       12       12       12       13       13       14       15       16       17       18       20       22       25       29       33       38       45       54       66       82      103      133      177      240      334      479      702     1036     1491     1999     2392     2549     2526     2452    2423
        2544    3432     4660     5679     5234     3582     2145     1285      806      533      369      265      198      151      119       96       78       65       55       47       41       36       32       29       26       24       22       21       20       19       18       17       17       17       16       16       16       17       17       17       18       19       20       21       22       24       26       29       32       35       40       45       52       60       70       83      100      120      147      180      223      277      344      425      522      635      764      911     1084     1295     1572    1962
        2494    2039     1770     1641     1618     1679     1797     1908     1891     1644     1242      856      572      385      265      189      138      104       80       64       51       42       35       30       26       22       20       18       16       14       13       12       12       11       10       10       10       10        9        9        9       10       10       10       10       11       12       12       13       14       16       18       20       22       26       30       36       43       52       65       83      109      147      205      298      455      732     1232     2077     3099     3527    3111
        1417    1287     1246     1291     1435     1714     2174     2775     3080     2528     1600      931      556      350      233      162      118       88       68       54       44       36       30       26       22       19       17       16       14       13       12       11       11       10       10        9        9        9        9        9        9        9        9       10       10       11       12       12       14       15       16       19       21       24       28       33       40       49       61       78      102      138      193      280      423      666     1067     1633     2137     2227     1964    1648
        1730    1314     1108     1025     1032     1123     1315     1616     1934     1941     1472      916      543      332      213      144      101       74       56       43       34       28       23       19       17       14       13       11       10        9        8        8        7        7        6        6        6        6        6        6        6        6        6        6        6        7        7        8        8        9       10       11       12       14       16       19       22       27       33       42       54       71       97      139      209      335      583     1113     2240     3709     3644    2521
        1258    1162     1159     1256     1486     1909     2524     2868     2256     1312      714      407      249      162      111       80       59       45       35       28       23       19       16       14       12       11       10        9        8        7        7        6        6        6        5        5        5        5        5        5        5        5        6        6        6        6        7        7        8        9       10       11       13       15       17       20       25       30       38       49       64       87      122      178      272      436      722     1176     1681     1885     1717    1452
        1397    1344     1320     1347     1441     1618     1886     2194     2338     2068     1497      968      612      397      267      186      135      101       78       61       49       40       34       28       24       21       19       17       15       14       13       12       11       10       10       10        9        9        9        9        9        9        9       10       10       10       11       12       13       14       15       17       19       21       24       28       33       40       48       59       75       96      126      170      235      333      479      686      948     1211     1386    1433
         751     762      816      933     1149     1538     2206     3025     3009     1945     1050      582      347      222      151      107       79       61       48       38       31       26       22       19       17       15       13       12       11       10        9        9        8        8        8        8        8        7        7        8        8        8        8        9        9       10       10       11       12       14       15       17       20       23       28       33       40       50       63       82      109      148      207      294      421      590      771      901      935      894      829     777
         854     650      531      465      434      431      455      509      607      763      978     1157     1089      783      488      300      191      127       89       65       49       38       30       24       20       17       14       12       11       10        9        8        7        7        6        6        6        6        5        5        5        5        5        5        6        6        6        6        7        7        8        9       10       11       12       14       17       20       24       30       38       49       66       91      132      202      326      558      962     1419     1486    1169
         862     678      568      509      485      492      531      610      744      946     1177     1251     1012      661      403      251      163      111       79       59       45       35       28       23       19       16       14       12       11        9        9        8        7        7        6        6        6        6        5        5        5        5        5        6        6        6        6        7        7        8        8        9       10       11       13       15       18       21       26       32       41       53       71       98      142      217      348      585      969     1361     1403    1136
         810     672      554      472      421      394      388      400      434      492      580      695      801      816      688      495      331      220      150      106       77       58       45       35       28       23       20       17       14       13       11       10        9        8        8        7        7        7        6        6        6        6        6        6        6        6        6        7        7        7        8        9       10       11       12       13       15       18       21       26       31       39       50       66       89      124      180      271      415      618      820     893
         594     467      394      357      345      356      394      473      626      936     1601     2609     2317     1123      519      272      160      103       70       50       37       29       23       18       15       13       11        9        8        7        7        6        6        5        5        5        4        4        4        4        4        4        4        4        4        4        5        5        5        6        6        7        8        9       10       12       14       17       20       25       32       42       57       80      117      182      298      512      844     1113     1043     796
        1030     827      670      573      524      513      536      599      714      886     1069     1093      855      548      332      205      133       90       64       47       36       28       22       18       15       12       11        9        8        7        6        6        5        5        5        4        4        4        4        4        4        4        4        4        4        4        4        4        5        5        6        6        7        7        8       10       11       13       16       19       24       30       39       53       73      104      157      247      407      672      996    1149
         692     442      326      267      238      229      236      261      313      414      616     1039     1641     1443      717      338      180      106       68       47       34       25       19       15       12       10        9        7        6        6        5        4        4        4        3        3        3        3        3        3        3        3        3        3        3        3        3        3        3        4        4        4        5        5        6        7        8       10       12       15       19       25       33       46       68      106      181      351      804     1926     2341    1293
         786     682      554      459      400      369      362      378      418      491      604      741      815      713      496      311      194      125       84       59       43       33       25       20       16       13       11       10        8        7        6        6        5        5        4        4        4        4        4        3        3        3        3        3        3        3        4        4        4        4        4        5        5        6        7        8        9       10       12       14       17       22       27       36       48       66       96      143      225      361      560     749
         233     179      147      129      118      115      116      124      140      168      217      307      480      789      998      705      362      190      110       69       47       33       25       19       15       12       10        8        7        6        5        5        4        4        4        3        3        3        3        3        3        3        3        3        3        3        3        3        4        4        4        5        5        6        7        8        9       11       13       16       21       27       37       53       78      124      207      356      544      594      464     324
         250     232      220      215      217      228      251      290      357      469      661      960     1222     1079      677      385      228      144       96       68       50       38       30       24       20       16       14       12       11        9        8        8        7        7        6        6        6        5        5        5        5        5        5        5        5        6        6        6        7        7        8        9       10       11       12       14       17       20       24       29       36       46       60       80      107      143      188      237      277      295      290     272
         368     263      206      175      159      155      160      177      211      272      384      579      790      706      413      218      122       74       49       34       24       18       14       11        9        7        6        5        5        4        4        3        3        3        2        2        2        2        2        2        2        2        2        2        2        2        2        2        2        3        3        3        4        4        5        5        6        7        9       11       14       19       25       34       50       77      127      227      426      704      756     549
         408     292      219      175      150      136      130      131      140      157      188      242      332      468      586      525      339      196      116       73       49       34       25       19       15       12       10        8        7        6        5        4        4        4        3        3        3        3        3        2        2        2        2        2        2        2        2        3        3        3        3        3        4        4        5        5        6        7        9       10       13       16       21       28       38       55       84      136      230      388      546     539
         129      88       67       56       49       46       46       47       52       60       75      103      160      309      791     1304      538      186       85       47       29       19       14       10        8        6        5        4        3        3        2        2        2        2        1        1        1        1        1        1        1        1        1        1        1        1        1        1        1        1        2        2        2        2        3        3        4        4        5        7        9       11       16       23       35       60      118      291      937     1299      515     225
         586     307      198      149      124      113      112      119      138      177      261      475     1200     2245      926      291      125       66       40       26       18       13       10        7        6        5        4        3        3        2        2        2        2        1        1        1        1        1        1        1        1        1        1        1        1        1        1        1        1        1        1        1        2        2        2        3        3        4        4        5        7        9       11       15       22       32       52       91      186      468     1219    1251
         308     227      178      150      135      130      132      142      165      206      283      436      715      927      657      328      167       94       58       39       27       20       15       12        9        8        6        5        5        4        3        3        3        3        2        2        2        2        2        2        2        2        2        2        2        2        2        2        2        2        3        3        3        4        4        5        6        7        8       10       12       16       21       29       41       61       97      164      286      453      524     430
         392     339      273      224      194      180      178      189      216      272      385      628     1096     1268      698      309      153       86       53       35       25       18       14       11        8        7        6        5        4        3        3        3        2        2        2        2        2        2        1        1        1        1        1        1        1        1        1        2        2        2        2        2        2        3        3        3        4        5        5        7        8       10       13       17       22       31       45       67      106      172      271     370
         424     289      210      165      139      124      117      117      122      136      160      202      276      405      591      668      484      273      153       92       59       40       29       21       16       13       10        9        7        6        5        5        4        4        3        3        3        3        3        2        2        2        2        2        2        2        2        3        3        3        3        3        4        4        5        5        6        7        8       10       12       16       20       27       38       54       84      137      240      425      619     595
         204     234      253      261      262      261      262      268      282      306      342      392      452      503      510      447      343      242      167      117       83       61       46       35       28       22       18       15       13       11       10        9        8        7        6        6        5        5        5        5        4        4        4        4        4        4        4        4        4        5        5        5        6        6        7        7        8        9       11       12       14       17       20       24       30       38       48       61       80      104      134     169
         302     300      272      238      211      192      182      181      188      207      241      300      403      578      810      877      628      358      203      122       79       54       38       28       22       17       14       11       10        8        7        6        5        5        4        4        4        3        3        3        3        3        3        3        3        3        3        3        3        3        4        4        4        4        5        6        6        7        8       10       12       14       18       22       29       38       51       72      102      146      205     265
         420     342      266      213      179      159      150      149      156      174      208      270      385      607      942      989      598      301      161       95       61       42       30       22       17       13       11        9        7        6        5        5        4        4        3        3        3        3        3        2        2        2        2        2        2        2        2        3        3        3        3        3        4        4        4        5        6        7        8        9       11       14       17       23       30       42       60       89      140      224      340     430
         550     410      285      208      162      136      120      113      111      115      125      143      173      222      299      393      439      363      237      145       91       59       41       29       22       17       13       11        9        7        6        5        5        4        4        3        3        3        3        3        2        2        2        2        2        2        2        2        3        3        3        3        3        4        4        5        5        6        7        8       10       12       15       20       26       36       51       78      125      213      369     543
         412     503      451      346      264      213      184      169      166      174      193      231      294      391      495      495      358      215      127       78       51       35       25       19       14       11        9        7        6        5        4        4        3        3        3        2        2        2        2        2        2        2        2        2        2        2        2        2        2        2        2        2        2        2        3        3        3        4        5        5        6        8       10       12       16       21       28       40       60       93      154     261
         236     436      640      607      440      315      245      208      192      192      208      243      308      416      536      530      361      204      115       69       44       30       21       15       12        9        7        6        5        4        3        3        2        2        2        2        2        1        1        1        1        1        1        1        1        1        1        1        1        1        1        1        1        2        2        2        2        3        3        3        4        5        6        7        9       12       16       22       31       47       75     128
         404     273      176      123       94       78       69       64       63       66       72       85      108      152      245      476      918      789      328      143       74       44       28       19       14       10        8        6        5        4        4        3        3        2        2        2        2        2        1        1        1        1        1        1        1        1        1        1        1        1        1        2        2        2        2        2        3        3        4        4        5        7        8       11       15       20       30       46       76      136      257     411
         472     486      328      206      141      105       85       73       66       64       64       67       74       87      110      150      226      373      561      510      283      144       80       49       32       22       16       12       10        8        6        5        4        4        3        3        3        2        2        2        2        2        2        2        2        2        2        2        2        2        2        2        2        2        2        3        3        3        4        5        5        6        8       10       13       17       23       33       51       84      149     284
         562     588      408      265      185      142      118      105       99       99      105      117      139      177      238      327      394      346      226      133       80       51       34       24       18       13       10        8        7        6        5        4        3        3        3        2        2        2        2        2        2        2        2        2        1        1        2        2        2        2        2        2        2        2        2        3        3        4        4        5        6        7        9       11       14       19       27       39       59       98      177     337
