SWAN 1
LOCATIONS
     1
     681726.07 2033118.57
AFREQ
     56
     0.0300
     0.0400
     0.0500
     0.0600
     0.0700
     0.0800
     0.0900
     0.1000
     0.1100
     0.1200
     0.1300
     0.1400
     0.1500
     0.1600
     0.1700
     0.1800
     0.1900
     0.2000
     0.2100
     0.2200
     0.2300
     0.2400
     0.2500
     0.2600
     0.2700
     0.2800
     0.2900
     0.3000
     0.3100
     0.3200
     0.3300
     0.3400
     0.3500
     0.3600
     0.3700
     0.3800
     0.3900
     0.4000
     0.4100
     0.4200
     0.4300
     0.4400
     0.4500
     0.4600
     0.4700
     0.4800
     0.4900
     0.5000
     0.5100
     0.5200
     0.5300
     0.5400
     0.5500
     0.5600
     0.5700
     0.5800
NDIR
     72
     5.0000
     10.0000
     15.0000
     20.0000
     25.0000
     30.0000
     35.0000
     40.0000
     45.0000
     50.0000
     55.0000
     60.0000
     65.0000
     70.0000
     75.0000
     80.0000
     85.0000
     90.0000
     95.0000
     100.0000
     105.0000
     110.0000
     115.0000
     120.0000
     125.0000
     130.0000
     135.0000
     140.0000
     145.0000
     150.0000
     155.0000
     160.0000
     165.0000
     170.0000
     175.0000
     180.0000
     185.0000
     190.0000
     195.0000
     200.0000
     205.0000
     210.0000
     215.0000
     220.0000
     225.0000
     230.0000
     235.0000
     240.0000
     245.0000
     250.0000
     255.0000
     260.0000
     265.0000
     270.0000
     275.0000
     280.0000
     285.0000
     290.0000
     295.0000
     300.0000
     305.0000
     310.0000
     315.0000
     320.0000
     325.0000
     330.0000
     335.0000
     340.0000
     345.0000
     350.0000
     355.0000
     360.0000
QUANT
     1
VaDens
m2/Hz/degr
     -999.000000
FACTOR
     1.00000E-06
          45      48       41       30       21       15       11        8        6        5        4        3        3        3        2        2        2        2        2        2        2        2        2        2        2        2        2        2        2        2        2        3        3        3        4        4        5        5        6        6        6        6        6        6        6        5        5        5        4        4        4        3        3        3        3        3        3        3        3        3        4        4        4        5        6        7        8       10       14       18       25      35
         264     219      165      121       91       70       56       46       39       34       30       27       24       23       21       21       20       20       20       20       20       21       21       22       24       25       27       28       30       31       32       33       33       33       32       30       28       26       24       22       20       19       17       16       15       14       14       13       13       13       12       12       13       13       13       14       15       16       17       19       21       24       28       34       41       51       66       88      121      167      223     267
         416     259      173      124       93       73       60       50       43       38       34       31       29       27       26       25       25       25       25       25       26       27       29       31       33       36       40       44       48       54       59       65       70       73       75       74       71       67       61       56       51       46       42       38       35       33       31       29       28       28       27       27       27       28       29       31       33       36       40       45       52       61       75       94      124      172      255      406      681     1029     1043     700
       10110    4926     2536     1489      968      679      503      389      312      257      216      186      163      145      131      120      111      104       99       94       91       88       87       86       85       85       86       88       90       92       95       98      103      107      112      117      123      129      135      141      147      152      157      162      166      169      172      175      177      180      182      186      190      196      203      212      223      238      256      280      312      354      410      487      598      764     1027     1474     2318     4122     8214   13308
      121795   83184    31937    14132     7480     4476     2915     2020     1467     1106      860      686      560      466      394      339      295      261      233      210      192      177      165      155      147      140      135      131      129      127      126      126      128      130      133      137      143      150      159      169      182      197      215      237      264      296      335      383      441      513      602      712      847     1013     1216     1458     1743     2068     2429     2817     3226     3656     4119     4646     5289     6140     7355     9230    12387    18349    31522   65795
       51501   32009    21565    15305    11248     8472     6500     5062     3993     3187     2572     2099     1731     1442     1214     1032      887      769      673      594      530      476      431      394      363      337      315      297      282      270      260      252      246      242      239      239      240      242      247      253      261      271      284      300      319      343      371      404      445      494      554      629      720      836      982     1170     1414     1739     2180     2790     3661     4944     6917    10115    15668    26263    49322   108952   268140   373751   201839   94011
       36392   21230    13470     9089     6428     4719     3572     2774     2203     1784     1470     1230     1044      897      781      687      611      549      498      456      421      392      368      348      332      318      308      300      294      291      289      290      293      297      304      313      325      339      357      378      403      434      470      514      566      629      704      795      907     1043     1212     1421     1682     2011     2429     2964     3653     4549     5727     7293     9409    12336    16517    22776    32794    50399    85462   164813   313943   317009   154797   70104
       24915   18260    13249     9573     6937     5070     3754     2823     2158     1679     1327     1067      870      721      605      514      443      385      339      302      271      246      225      208      194      182      173      165      159      154      150      148      147      147      147      150      153      157      163      170      180      191      204      221      241      265      295      331      376      432      503      593      710      863     1067     1345     1733     2286     3100     4335     6282     9476    14934    24537    41140    65743    88296    91284    76952    59419    44839   33585
       47272   30227    18966    12134     8026     5503     3903     2855     2146     1654     1303     1046      856      712      601      514      446      391      347      311      282      258      238      221      208      197      188      181      176      172      169      168      168      169      171      175      180      187      196      207      220      236      255      279      307      342      384      437      502      584      688      822      997     1227     1536     1957     2541     3363     4539     6240     8711    12272    17272    23952    32261    41819    52202    63205    74271    82537    81551   67486
       48030   30098    15128     7774     4347     2634     1705     1163      829      613      466      365      292      238      198      167      143      124      109       97       88       80       73       68       64       60       57       55       53       52       51       51       51       51       52       53       55       57       60       64       68       74       80       88       98      110      125      144      168      199      240      294      368      471      618      836     1172     1712     2633     4303     7543    14081    26006    38805    40101    33287    27603    25082    25562    29377    37603   48645
       15794   12047     8808     6211     4298     2971     2079     1482     1080      805      614      478      379      306      251      210      177      152      132      116      103       92       84       77       71       66       62       59       56       54       53       52       51       51       51       51       52       53       55       57       60       64       68       73       80       88       97      109      124      142      165      194      232      283      351      444      575      767     1054     1506     2255     3581     6132    11606    24885    57694    99096    84772    53016    35278    25929   20151
       10906    8309     6249     4599     3323     2379     1706     1235      907      678      517      401      317      254      208      172      145      123      106       93       82       73       66       60       55       51       48       45       43       41       39       38       38       37       37       37       38       38       39       41       42       45       47       51       55       59       65       72       81       92      106      123      145      174      212      263      333      431      574      788     1123     1674     2639     4462     8236    16713    34333    51446    44247    29402    19942   14451
       13802   12360     8938     5633     3433     2142     1393      946      669      489      369      285      226      183      151      126      108       93       81       72       64       58       53       49       46       43       41       39       38       37       36       36       35       36       36       37       38       39       41       43       46       50       54       59       65       73       83       95      110      130      155      189      235      298      388      520      722     1042     1582     2546     4387     8046    14654    21697    22079    17677    13882    11730    10842    10904    11747   13059
       18425   10541     6068     3671     2346     1576     1105      803      602      464      366      295      242      202      171      147      128      113      101       91       83       76       71       66       63       60       57       55       54       53       53       53       53       54       55       57       59       62       65       69       75       81       89       98      109      123      141      163      191      227      274      336      419      534      694      923     1259     1759     2516     3663     5355     7672    10434    13137    15331    17091    18970    21676    25827    31144    33979   28638
       34281   11247     4738     2452     1446      931      639      461      345      267      211      172      142      120      103       89       78       70       63       57       53       49       46       44       42       40       39       38       38       38       38       38       39       40       41       43       46       49       52       56       62       68       76       85       97      112      131      155      185      225      278      348      441      565      729      942     1205     1507     1819     2101     2327     2498     2644     2811     3054     3448     4117     5320     7709    13335    29990   60382
       20295    7661     3813     2243     1465     1026      757      580      458      371      307      259      221      192      168      149      134      121      110      101       94       88       83       78       74       71       69       67       65       64       63       63       62       63       63       64       65       67       68       71       73       76       80       84       89       95      101      108      117      127      138      151      166      184      205      230      260      296      341      397      468      562      688      864     1119     1514     2172     3392     6051    13491    39687   55612
       31421   14837     4476     1961     1074      671      458      332      252      198      161      133      113       98       86       77       70       64       59       55       53       50       49       47       47       46       46       47       48       49       51       53       56       59       63       68       74       80       88       98      109      121      135      151      168      185      202      219      233      245      253      259      262      263      264      265      267      272      279      290      306      329      361      405      469      563      706      939     1354     2201     4368   12290
       23095    7381     2939     1523      922      617      442      333      261      211      175      148      128      112      100       91       83       77       72       68       65       62       61       59       58       58       58       59       59       61       62       64       67       70       73       77       81       85       90       95      101      107      113      118      124      130      135      140      145      149      154      158      163      169      176      183      193      205      220      239      264      297      340      400      486      612      811     1149     1796     3273     7731   23097
       14384   13635     5889     2594     1364      817      535      374      274      209      164      132      109       92       78       68       60       53       48       44       40       37       35       33       31       30       29       28       28       28       28       28       28       29       29       30       32       33       35       37       40       43       46       50       55       61       67       74       83       93      104      117      131      147      165      184      205      228      253      281      313      350      395      451      524      625      770      991     1357     2026     3438    6958
       15296    7961     2460     1074      586      365      248      179      135      106       86       71       60       52       46       41       37       34       31       29       27       26       25       25       24       24       24       24       25       25       26       27       28       30       32       34       37       41       45       49       55       61       68       76       85       94      103      112      120      127      133      137      139      141      142      143      145      147      151      157      166      178      195      219      253      303      379      501      719     1158     2257    6086
        3667    2203     1295      808      539      381      282      216      171      139      115       98       84       74       65       59       53       49       45       43       40       38       37       36       35       35       34       34       34       35       36       37       38       40       41       44       46       49       53       57       61       66       72       78       85       93      101      109      118      128      137      147      156      166      177      188      200      214      231      251      277      310      353      412      495      615      800     1099     1611     2515     3878    4686
        3843    6554     3986     1664      823      479      312      219      163      127      102       85       72       63       55       50       45       42       39       37       36       35       34       34       34       35       35       36       38       40       42       45       49       54       59       65       72       80       89       99      109      118      126      131      133      132      129      124      118      112      106      100       96       92       90       88       88       88       90       94       99      106      116      130      149      176      215      275      373      544      885    1686
        2692    4601     3066     1298      626      354      224      153      111       84       66       54       45       38       33       29       26       23       21       20       18       18       17       16       16       16       16       16       16       16       17       18       19       20       22       23       26       29       32       36       41       48       56       65       77       91      106      121      136      148      155      157      154      149      142      135      128      123      120      119      119      122      128      137      151      171      202      248      323      453      704    1267
        3562    4381     2146      942      494      298      198      141      106       83       67       55       47       41       36       32       29       27       25       23       22       21       21       20       20       20       20       20       21       21       22       23       24       26       27       29       32       34       37       40       44       47       51       54       57       60       62       63       64       65       65       64       64       64       64       65       66       67       70       73       78       84       93      105      121      145      179      232      319      477      804    1606
        4827    5280     2694     1252      672      409      272      193      143      111       88       72       60       51       44       39       35       31       29       26       24       23       22       21       20       19       19       19       18       18       19       19       19       20       20       21       22       23       24       25       27       28       30       32       35       37       40       43       46       50       53       57       61       65       70       75       80       86       93      102      112      124      140      160      188      226      281      365      503      751     1256    2428
        6516    6354     2946     1348      726      443      295      209      156      120       96       79       66       56       48       43       38       34       31       29       27       25       24       23       22       22       21       21       21       21       21       22       22       23       24       25       26       28       30       32       34       37       40       43       47       51       56       61       67       72       78       84       90       96      102      109      116      123      131      141      153      167      186      210      244      290      359      464      640      960     1631    3255
        4197   11928    14080     4829     1851      926      544      355      248      183      140      111       90       75       64       55       48       43       38       35       32       30       28       26       25       24       23       23       22       22       22       22       23       23       24       25       25       27       28       30       32       34       36       39       42       46       50       54       59       64       70       76       82       89       96      103      111      119      128      138      150      164      181      202      230      268      321      398      516      715     1084    1896
        4672    6135     5081     3127     1864     1179      796      567      422      325      257      208      171      143      121      104       91       80       70       63       57       51       47       43       40       37       35       33       31       30       28       27       27       26       25       25       25       25       25       25       25       26       26       27       28       29       31       32       34       37       39       42       46       50       55       62       69       78       88      101      118      138      165      199      246      309      399      533      741     1085     1692    2813
        1555    2688     5278     9179     7655     3658     1781      993      617      414      294      219      168      133      108       89       75       64       56       49       43       39       35       32       30       28       26       25       23       23       22       21       21       21       20       20       20       21       21       22       22       23       24       25       27       28       30       32       35       37       41       45       49       54       59       66       73       82       92      104      117      133      151      174      201      235      279      338      419      535      714    1011
        1559    2265     2828     2672     1975     1320      881      609      437      324      248      194      156      127      105       88       75       65       56       49       44       39       35       32       29       27       25       23       22       21       20       19       18       17       17       17       16       16       16       16       17       17       17       18       18       19       20       21       22       23       25       27       30       32       36       39       44       50       56       64       74       87      102      122      148      182      227      290      381      514      720    1046
        7439    7174     2851     1335      781      527      391      309      257      222      197      179      165      155      146      138      130      122      113      104       95       85       76       67       59       52       45       40       35       31       28       25       22       20       19       17       16       15       14       13       13       12       12       12       12       12       12       12       12       13       13       14       15       16       17       19       21       23       26       30       35       42       51       63       80      105      144      207      320      545     1080    2707
        1289    1977     3025     4035     3934     2845     1832     1188      805      571      422      322      252      202      165      137      115       99       85       74       65       58       52       47       43       39       36       34       32       30       28       27       26       25       24       23       23       23       22       22       22       23       23       23       24       25       26       27       28       30       32       34       36       39       43       47       52       57       64       72       82       94      109      128      152      183      223      278      353      462      624     876
        1527    1873     1933     1656     1256      912      664      494      377      294      235      192      159      134      114       98       86       75       67       60       54       49       45       41       38       36       34       32       30       29       27       26       26       25       24       24       24       24       24       24       24       24       25       25       26       27       28       30       31       33       35       37       40       44       48       52       58       65       72       82       94      108      127      150      180      220      273      347      451      601      821    1134
         549     857     1340     1834     1836     1362      900      601      420      308      235      185      150      125      105       90       78       69       61       54       49       44       40       37       34       31       29       27       25       24       23       21       20       19       19       18       17       17       16       16       16       15       15       15       15       15       16       16       16       17       17       18       19       20       21       23       25       27       30       33       37       41       47       55       64       76       93      115      146      191      260     369
         548     471      419      390      379      383      401      430      460      476      455      393      307      225      162      116       85       63       48       37       30       24       20       17       14       12       11        9        8        8        7        6        6        6        5        5        5        5        5        5        5        5        5        5        5        5        6        6        6        7        8        8        9       11       12       14       17       20       25       31       39       51       68       94      134      197      297      444      619      739      735     647
         795     787      731      657      584      518      460      407      358      311      267      225      187      153      125      102       83       68       56       46       39       33       28       24       21       19       16       15       13       12       11       10       10        9        9        8        8        8        8        8        7        8        8        8        8        8        9        9       10       10       11       12       13       15       17       19       21       25       29       35       42       52       64       82      106      140      189      257      352      476      614     734
         548     557      543      517      485      452      421      390      359      327      294      259      225      192      161      135      112       93       77       64       54       46       39       34       29       26       23       20       18       17       15       14       13       12       12       11       11       10       10       10       10       10       10       10       10       11       11       12       12       13       14       15       17       18       20       23       26       30       35       41       49       59       72       89      112      142      183      235      299      373      448     510
         296     327      347      357      362      368      375      386      399      408      406      384      340      281      221      168      126       95       72       56       44       35       28       23       19       16       14       12       11       10        9        8        7        7        6        6        5        5        5        5        5        5        5        5        5        5        5        5        6        6        6        7        7        8        9       10       11       13       15       18       21       25       30       38       47       60       77       99      128      165      209     255
         436     397      358      326      305      293      291      296      308      324      340      345      331      294      242      189      143      107       81       62       48       38       31       25       21       18       15       13       12       10        9        8        8        7        7        6        6        6        5        5        5        5        5        5        5        6        6        6        6        7        7        8        9       10       11       13       15       17       20       24       30       37       47       61       80      109      150      208      284      368      432     454
         302     445      567      571      475      366      282      223      183      155      135      120      108       97       88       79       70       62       54       47       40       34       29       25       21       18       15       13       11       10        9        8        7        6        6        5        5        5        4        4        4        4        4        4        4        4        4        4        4        4        4        4        5        5        5        6        7        7        8        9       11       13       15       18       22       28       35       47       63       89      130     196
         381     470      527      529      476      395      312      240      182      138      105       81       62       49       39       31       25       21       17       14       12       10        9        8        7        6        5        5        4        4        4        4        3        3        3        3        3        3        3        3        3        3        3        3        3        3        3        4        4        4        4        5        5        6        7        8        9       10       12       14       17       20       25       31       39       50       65       86      116      157      215     290
         183     134      107       91       83       80       82       88       99      118      147      185      218      212      163      108       69       45       30       21       16       12        9        7        6        5        4        3        3        2        2        2        2        2        1        1        1        1        1        1        1        1        1        1        1        1        1        1        1        2        2        2        2        3        3        3        4        5        6        8       10       13       17       25       36       57       97      178      328      464      406     272
         131     104       88       77       72       70       72       77       87      104      132      179      250      321      310      214      128       77       48       32       23       17       12       10        8        6        5        4        4        3        3        2        2        2        2        2        2        2        1        1        1        1        1        1        1        2        2        2        2        2        2        2        3        3        4        4        5        6        7        9       11       15       20       28       41       62       98      155      223      253      222     172
         193     201      199      192      187      186      192      205      228      261      298      322      305      246      175      117       79       54       38       28       21       16       13       10        8        7        6        5        4        4        3        3        3        2        2        2        2        2        2        2        2        2        2        2        2        2        2        2        2        2        2        3        3        3        3        4        5        5        6        7        9       11       14       17       23       30       40       55       76      103      137     169
          65      54       47       42       40       39       39       41       45       51       59       72       89      109      124      121       98       71       49       34       24       18       13       10        8        7        5        5        4        3        3        3        2        2        2        2        2        2        2        1        1        1        1        1        2        2        2        2        2        2        2        3        3        3        4        5        6        7        8       11       14       19       26       38       58       91      138      180      180      146      109      82
         397     314      214      149      110       87       73       65       59       56       56       57       59       63       68       74       78       80       76       67       56       44       34       26       20       16       13       10        8        7        6        5        4        4        3        3        3        3        2        2        2        2        2        2        2        2        2        2        2        2        2        2        3        3        3        3        4        4        5        6        7        9       11       13       18       24       33       49       76      127      219     347
          93     108      121      131      136      139      140      139      137      134      130      124      115      104       91       77       64       52       43       34       28       23       19       15       13       11        9        8        7        6        6        5        4        4        4        3        3        3        3        3        3        3        3        3        3        3        3        3        3        3        3        3        4        4        4        5        5        6        7        8        9       10       12       15       18       21       26       33       41       51       63      78
         230     220      188      157      134      118      109      106      107      113      124      139      156      168      165      141      108       77       54       38       27       20       15       12        9        7        6        5        4        4        3        3        2        2        2        2        2        2        1        1        1        1        1        1        1        1        1        1        2        2        2        2        2        2        3        3        3        4        5        5        6        8       10       13       17       23       31       45       66      100      148     201
          52      43       36       32       30       29       29       30       32       36       42       52       69       98      148      215      231      162       93       54       33       22       15       11        8        7        5        4        4        3        3        2        2        2        2        1        1        1        1        1        1        1        1        1        1        1        1        1        1        1        2        2        2        2        3        3        4        4        5        7        9       11       15       22       31       47       70       96      112      105       86      66
          71      69       68       68       70       74       82       93      110      135      168      202      212      182      131       88       58       40       28       20       15       12        9        7        6        5        4        4        3        3        3        2        2        2        2        2        2        1        1        1        1        1        1        1        1        2        2        2        2        2        2        2        3        3        4        4        5        6        7        8       10       13       16       20       26       33       42       51       60       67       71      71
         148     114       87       69       57       50       46       45       45       48       53       63       77      100      132      162      161      122       79       49       32       21       15       11        8        6        5        4        3        3        2        2        2        2        1        1        1        1        1        1        1        1        1        1        1        1        1        1        1        1        1        1        1        1        2        2        2        3        3        4        5        6        7        9       13       18       26       39       62       98      143     165
          37      33       29       27       26       26       27       29       32       37       46       58       77      104      126      122       91       59       38       25       17       12        9        7        5        4        3        3        2        2        2        2        1        1        1        1        1        1        1        1        1        1        1        1        1        1        1        1        1        1        1        2        2        2        2        3        3        4        5        6        8       10       14       19       26       35       46       56       60       57       51      43
          60      60       59       58       57       57       58       59       62       67       72       78       83       86       83       75       63       50       39       30       23       18       14       11        9        8        6        5        5        4        4        3        3        3        2        2        2        2        2        2        2        2        2        2        2        2        2        2        2        2        2        2        3        3        3        4        4        5        6        7        8       10       12       14       18       22       28       34       42       49       55      59
          46      40       35       31       29       28       28       28       30       33       37       44       53       67       83       95       94       76       55       37       26       18       13       10        8        6        5        4        3        3        2        2        2        2        1        1        1        1        1        1        1        1        1        1        1        1        1        1        1        1        1        2        2        2        2        3        3        4        4        5        7        9       11       15       20       27       37       49       60       64       61      54
         146     102       66       45       33       26       22       19       17       16       16       16       16       17       19       21       23       26       29       31       30       27       22       17       13       10        8        6        5        4        3        3        2        2        2        1        1        1        1        1        1        1        1        1        1        1        1        1        1        1        1        1        1        1        1        1        1        2        2        2        3        3        4        5        7       10       14       21       33       57       99     149
          69      79       82       79       73       67       61       58       56       55       57       60       64       70       77       81       81       73       61       47       35       26       19       15       11        9        7        6        5        4        3        3        2        2        2        2        2        1        1        1        1        1        1        1        1        1        1        1        1        1        1        1        1        1        2        2        2        2        3        3        4        4        5        6        8       10       13       17       23       31       42      55
