SWAN 1
LOCATIONS
     1
     -67.28  18.38
AFREQ
     56
     0.0300
     0.0400
     0.0500
     0.0600
     0.0700
     0.0800
     0.0900
     0.1000
     0.1100
     0.1200
     0.1300
     0.1400
     0.1500
     0.1600
     0.1700
     0.1800
     0.1900
     0.2000
     0.2100
     0.2200
     0.2300
     0.2400
     0.2500
     0.2600
     0.2700
     0.2800
     0.2900
     0.3000
     0.3100
     0.3200
     0.3300
     0.3400
     0.3500
     0.3600
     0.3700
     0.3800
     0.3900
     0.4000
     0.4100
     0.4200
     0.4300
     0.4400
     0.4500
     0.4600
     0.4700
     0.4800
     0.4900
     0.5000
     0.5100
     0.5200
     0.5300
     0.5400
     0.5500
     0.5600
     0.5700
     0.5800
NDIR
     72
     5.0000
     10.0000
     15.0000
     20.0000
     25.0000
     30.0000
     35.0000
     40.0000
     45.0000
     50.0000
     55.0000
     60.0000
     65.0000
     70.0000
     75.0000
     80.0000
     85.0000
     90.0000
     95.0000
     100.0000
     105.0000
     110.0000
     115.0000
     120.0000
     125.0000
     130.0000
     135.0000
     140.0000
     145.0000
     150.0000
     155.0000
     160.0000
     165.0000
     170.0000
     175.0000
     180.0000
     185.0000
     190.0000
     195.0000
     200.0000
     205.0000
     210.0000
     215.0000
     220.0000
     225.0000
     230.0000
     235.0000
     240.0000
     245.0000
     250.0000
     255.0000
     260.0000
     265.0000
     270.0000
     275.0000
     280.0000
     285.0000
     290.0000
     295.0000
     300.0000
     305.0000
     310.0000
     315.0000
     320.0000
     325.0000
     330.0000
     335.0000
     340.0000
     345.0000
     350.0000
     355.0000
     360.0000
QUANT
     1
VaDens
m2/Hz/degr
     -999.000000
FACTOR
     1.00000E-06
          14      14       14       14       13       13       13       12       12       11       11       11       10       10        9        9        8        8        7        7        6        6        5        5        5        4        4        4        3        3        3        3        2        2        2        2        2        2        2        2        2        2        2        2        2        2        2        2        2        2        2        2        2        3        3        3        3        4        4        5        5        6        6        7        8        9       10       11       12       13       13      14
         128     119      104       89       74       63       53       45       39       34       31       28       25       23       22       21       20       19       19       18       18       18       18       18       18       19       19       20       20       20       21       21       21       21       21       21       21       20       20       19       19       18       17       17       16       16       16       15       15       15       15       15       16       16       17       18       19       20       21       23       26       29       33       38       44       52       63       75       90      106      121     129
         550     358      243      173      128       99       78       64       53       45       39       34       31       28       26       24       22       21       20       19       19       19       19       19       19       19       20       20       21       22       24       25       27       29       32       35       38       42       46       51       56       61       66       71       75       78       81       83       84       84       84       84       85       86       87       89       93       98      105      114      126      144      168      203      254      332      455      650      929     1183     1147     844
        2366    1236      737      481      335      245      187      147      119       98       82       71       61       54       49       44       40       37       35       33       31       30       29       29       28       28       28       28       29       30       31       32       34       36       39       42       46       51       57       64       72       83       95      111      130      153      181      214      251      292      334      375      411      440      461      478      491      505      523      549      587      644      729      859     1066     1414     2057     3424     6845    14006    12906    5434
       16589    7987     4599     2953     2040     1488     1131      888      717      592      499      428      373      330      296      268      246      228      213      202      192      185      180      176      174      173      173      175      179      184      190      199      209      222      237      255      278      304      336      374      420      474      540      617      709      816      939     1077     1227     1385     1542     1693     1830     1950     2057     2154     2251     2360     2495     2673     2917     3261     3760     4509     5695     7718    11595    20582    50233   222606   251100   48946
       61704   34518    21760    14841    10690     8012     6190     4897     3951     3239     2694     2268     1931     1661     1442     1263     1116      994      892      807      735      674      623      579      542      510      484      462      443      428      416      407      400      396      395      395      398      404      412      423      437      454      475      500      530      566      608      659      719      790      876      980     1106     1260     1450     1688     1988     2374     2876     3544     4454     5729     7581    10395    14938    22886    38475    74496   176124   394842   322382  132268
       46381   27812    16134     9610     5992     3916     2671     1893     1386     1044      807      638      515      423      353      299      257      223      197      175      158      144      132      122      114      108      102       98       95       92       91       90       90       90       91       93       95       99      103      109      116      124      134      146      161      179      201      229      264      307      363      436      532      661      838     1085     1440     1964     2764     4023     6073     9503    15281    24619    37797    52060    62924    69522    74516    79077    79088   67312
       16370   12764     9403     6590     4497     3060     2109     1484     1070      791      599      463      366      294      241      200      169      145      126      110       98       88       79       73       67       63       59       56       53       51       50       49       48       48       48       48       49       50       52       54       57       61       65       70       76       84       93      104      118      136      158      187      225      274      341      434      566      760     1056     1530     2334     3810     6815    13913    34570   103530   175723   101821    52843    34037    25348   20264
       15430    7991     4638     2934     1979     1403     1034      787      616      493      403      335      284      243      212      186      166      149      136      124      115      108      102       97       93       89       87       85       84       84       84       85       86       88       91       95       99      105      111      120      129      141      155      171      191      216      246      282      327      382      451      536      642      775      941     1145     1397     1702     2069     2508     3032     3666     4460     5504     6975     9228    13039    20276    35454    61580    63447   33377
       15011   11012     7941     5620     3935     2757     1950     1402     1027      768      585      455      361      291      238      198      167      143      124      108       96       86       77       71       65       60       57       53       51       49       47       46       45       45       45       45       46       46       48       50       52       55       58       62       67       73       81       90      101      115      132      154      182      219      267      333      422      549      733     1009     1442     2154     3399     5743    10559    21252    43569    67721    61758    42202    28644   20448
       10799    9478     7235     4920     3172     2041     1345      916      645      469      350      269      211      169      138      115       97       83       72       63       56       50       46       42       39       36       34       32       31       30       29       29       28       28       28       29       29       30       31       33       35       37       40       43       47       52       58       66       75       87      102      122      147      182      230      296      392      535      758     1119     1737     2857     4985     8974    14990    19405    18604    15545    13136    11819    11309   11180
        3625    3270     3009     2767     2493     2163     1794     1428     1105      842      640      489      378      297      236      191      157      131      110       94       82       72       64       57       51       47       43       40       38       36       34       33       32       31       31       31       31       31       32       33       34       35       37       39       42       46       50       55       61       69       79       91      107      128      155      192      242      314      420      581      840     1278     2077     3647     6867    12486    16467    13756     9446     6663     5086    4175
        3600    3411     3116     2687     2175     1672     1246      919      680      510      388      301      238      191      156      130      110       94       81       71       63       56       51       47       43       40       38       36       34       33       32       31       31       31       31       31       32       33       34       36       38       40       43       46       51       56       63       71       81       94      111      132      161      200      253      329      441      611      882     1335     2136     3609     6244     9856    11810    10406     8000     6193     5064     4389     3996    3765
        4166    3605     3046     2531     2075     1684     1357     1089      873      702      567      460      377      311      260      219      186      160      139      121      107       96       86       78       71       66       61       57       54       52       49       48       46       45       45       44       44       45       45       46       48       50       52       54       58       62       67       72       79       88       98      111      126      145      170      200      239      290      356      445      564      726      950     1259     1682     2245     2950     3735     4443     4880     4935    4652
        3918    3646     3411     3146     2804     2378     1916     1482     1118      836      627      475      365      285      227      183      150      125      105       90       78       69       61       54       49       45       41       39       36       34       33       32       31       30       30       29       29       30       30       31       32       33       35       37       40       43       47       51       57       64       73       84       97      115      138      169      210      267      348      464      638      906     1327     1997     3032     4435     5818     6470     6205     5508     4821    4292
        1984    1385     1038      820      674      571      496      438      392      355      322      294      268      244      222      201      182      164      147      132      119      107       96       87       78       71       65       60       55       51       48       45       43       41       39       38       37       36       35       35       35       35       36       37       38       39       41       44       46       50       54       59       66       74       84       96      112      134      162      200      254      333      452      644      975     1596     2889     5678     9608     9067     5403    3117
        1249    1026      871      762      684      626      581      544      511      479      445      408      369      328      288      250      215      184      157      134      115       99       86       76       67       59       53       48       44       41       38       35       33       32       30       29       29       28       28       28       28       28       29       30       31       32       34       36       39       42       46       51       57       65       75       88      104      126      155      195      252      335      459      652      958     1435     2097     2737     2919     2559     2025    1573
        1282    1319     1360     1388     1375     1298     1153      964      770      598      459      353      274      215      172      139      115       96       81       69       60       53       47       42       38       35       33       30       29       27       26       25       24       24       24       24       24       24       25       25       26       27       29       31       33       36       39       43       48       54       62       71       83       99      118      143      177      221      280      358      460      589      744      911     1067     1186     1254     1276     1272     1259     1252    1259
        1783    1809     1665     1394     1092      827      621      469      360      281      223      180      148      123      104       89       78       68       61       54       49       45       42       39       36       34       33       32       31       30       29       29       29       29       30       30       31       32       33       35       37       39       42       45       49       53       59       65       73       82       92      105      120      138      158      183      211      243      280      322      368      419      476      539      610      692      790      908     1051     1225     1425    1629
        1279    2093     3463     4229     2981     1612      896      544      358      250      184      141      111       90       75       63       55       48       42       38       35       32       30       28       27       26       25       24       24       24       24       24       25       25       26       27       29       31       33       35       39       42       47       52       58       65       74       84       95      107      121      135      148      161      172      181      188      192      196      200      203      208      215      225      240      260      289      329      389      478      618     854
        2081    1948     1667     1350     1070      847      677      548      450      376      318      272      235      206      182      162      146      132      120      111      102       95       89       83       78       74       71       68       65       63       61       60       59       58       57       56       56       56       57       57       58       59       60       62       64       66       69       73       76       81       86       92       99      108      117      129      143      159      179      203      233      271      318      379      457      560      697      879     1116     1410     1730    1993
         851    1087     1388     1712     1922     1858     1545     1163      844      612      452      342      265      210      170      140      117      100       86       75       67       60       54       49       45       42       39       37       35       34       32       31       31       30       30       30       30       30       30       31       32       33       34       36       37       39       42       45       48       51       55       60       65       71       78       85       94      104      114      127      141      157      175      196      220      250      285      329      385      456      550     678
        1111    1062     1029     1015     1015     1023     1028     1012      959      863      735      597      470      364      281      219      172      137      111       91       75       64       54       47       41       36       33       30       27       25       23       22       21       20       19       18       18       18       18       18       18       18       19       19       20       21       23       24       26       29       32       35       40       46       53       61       73       88      107      133      168      216      283      375      499      659      847     1031     1168     1228     1218    1169
        4087    3957     3160     2353     1762     1362     1088      896      755      647      561      490      430      377      330      288      251      218      190      165      143      125      109       95       84       75       67       60       54       49       45       42       39       36       34       33       31       30       29       28       28       28       28       28       28       29       29       30       32       33       35       38       41       45       49       54       61       70       80       93      110      133      163      203      260      342      465      653      954     1447     2232    3283
        1468    1220      997      823      693      594      516      452      396      346      299      257      218      183      153      128      107       89       75       63       54       46       40       35       30       27       24       22       20       18       17       16       15       14       13       13       12       12       12       12       12       12       12       12       13       13       14       15       16       17       18       20       22       25       28       32       37       44       52       63       77       97      124      164      221      307      439      640      933     1294     1586    1640
        1136    1342     1533     1649     1621     1437     1162      884      653      480      356      268      205      160      127      102       84       70       59       50       43       38       33       30       27       24       22       21       19       18       17       16       16       15       15       15       14       14       14       15       15       15       16       16       17       18       19       21       22       24       27       30       33       37       42       48       56       65       76       90      108      130      157      191      234      286      351      431      527      642      781     945
         842     839      792      723      648      575      507      444      386      332      283      239      200      166      138      114       95       79       66       56       48       41       36       31       27       24       22       20       18       17       15       14       13       13       12       12       11       11       11       11       11       11       11       11       12       12       13       13       14       15       16       18       19       22       24       27       31       36       42       50       60       73       91      114      146      189      247      327      429      552      681     787
         217     210      210      217      232      255      285      320      348      349      312      250      185      133       96       70       52       40       31       25       20       17       14       12       10        9        8        7        6        6        5        5        5        5        4        4        4        4        4        4        4        4        4        5        5        5        6        6        7        7        8        9       10       12       14       17       20       25       31       40       52       68       92      124      165      211      252      277      279      265      246     229
         308     363      425      484      523      516      456      366      276      202      148      109       82       63       49       39       31       26       21       18       15       13       12       10        9        8        8        7        6        6        6        5        5        5        5        5        5        5        5        5        5        5        5        5        6        6        6        7        8        8        9       10       11       13       15       17       19       22       26       31       37       44       53       64       77       93      112      134      159      188      222     261
         401     505      554      523      443      357      285      228      185      152      126      106       89       75       63       53       45       38       33       28       24       21       18       16       14       12       11       10        9        8        7        7        6        6        6        5        5        5        5        5        5        4        4        4        5        5        5        5        5        5        6        6        7        7        8        9       10       11       13       15       17       20       24       30       37       47       60       79      107      148      207     293
         331     335      330      320      308      295      282      267      251      231      208      183      158      133      110       91       75       61       51       42       35       30       25       22       19       17       15       13       12       11       10        9        9        8        8        7        7        7        7        7        7        7        7        7        7        7        8        8        9        9       10       11       12       13       15       17       19       22       25       30       36       44       54       66       83      105      133      167      207      248      286     315
         184     156      137      126      119      117      118      123      131      141      151      156      152      138      115       91       69       52       40       31       24       19       15       13       11        9        8        7        6        5        5        4        4        4        3        3        3        3        3        3        3        3        3        3        3        3        3        4        4        4        5        5        6        7        8        9       10       13       15       19       25       32       44       61       87      128      187      258      310      311      271     223
         914     731      469      314      232      187      162      149      144      146      153      164      175      180      171      148      116       86       62       45       33       25       19       15       12       10        8        7        6        5        4        4        3        3        3        2        2        2        2        2        2        2        2        2        2        2        2        2        2        2        2        2        3        3        3        4        4        5        6        7        8       10       13       17       22       30       43       65      105      184      352     671
         406     364      293      234      192      163      145      133      126      121      117      113      106       97       84       71       58       46       36       29       23       18       15       12       10        8        7        6        5        5        4        4        3        3        3        3        2        2        2        2        2        2        2        2        2        2        2        2        2        3        3        3        3        4        4        5        5        6        7        8       10       13       16       20       27       37       51       75      113      176      269     368
         241     251      252      248      243      239      237      237      236      230      217      194      165      133      104       80       61       47       36       29       23       19       15       13       11        9        8        7        6        5        5        5        4        4        4        3        3        3        3        3        3        3        3        3        3        3        3        3        4        4        4        5        5        6        6        7        8        9       11       13       16       19       24       30       38       50       65       86      114      148      184     218
         120     135      148      159      166      170      170      166      158      145      128      110       91       74       60       48       39       31       25       21       17       14       12       10        9        8        7        6        5        5        4        4        4        4        3        3        3        3        3        3        3        3        3        3        3        3        3        3        3        4        4        4        5        5        6        6        7        8        9       11       13       15       18       22       26       32       40       49       60       73       88     104
         169     156      137      120      108      101       98       99      104      114      128      146      162      166      148      116       83       58       40       29       21       16       12        9        8        6        5        4        4        3        3        2        2        2        2        2        2        1        1        1        1        1        1        1        1        1        1        1        1        2        2        2        2        2        3        3        3        4        5        6        7        9       11       14       19       25       35       50       72      103      138     165
         208     131       88       64       50       42       37       35       33       34       35       38       43       51       62       76       89       95       84       64       45       31       22       16       11        9        7        5        4        4        3        3        2        2        2        1        1        1        1        1        1        1        1        1        1        1        1        1        1        1        1        1        1        2        2        2        2        3        3        4        5        6        8       10       14       19       29       46       81      150      258     291
         145     104       78       62       52       46       43       41       42       44       47       54       63       75       90      103      103       89       67       47       33       23       17       12       10        7        6        5        4        3        3        2        2        2        2        2        1        1        1        1        1        1        1        1        1        1        1        1        1        1        1        2        2        2        2        3        3        3        4        5        6        8       10       14       19       28       42       67      111      176      220     197
         158     137      121      110      104      102      104      108      115      121      122      116      100       80       60       44       32       24       18       14       11        9        7        6        5        4        3        3        3        2        2        2        2        2        1        1        1        1        1        1        1        1        1        1        1        1        1        1        2        2        2        2        2        3        3        4        4        5        6        8       10       13       16       22       31       43       63       92      129      166      184     177
          80      71       63       57       53       51       51       52       56       63       73       88      109      133      147      135      103       71       48       32       23       16       12        9        7        6        5        4        3        3        2        2        2        2        2        1        1        1        1        1        1        1        1        1        1        1        1        1        1        1        2        2        2        2        2        3        3        4        4        5        7        8       11       14       19       25       34       47       63       78       87      86
         113      85       66       54       47       43       41       41       42       46       52       61       72       83       87       79       62       44       31       21       15       11        8        6        5        4        3        3        2        2        2        1        1        1        1        1        1        1        1        1        1        1        1        1        1        1        1        1        1        1        1        1        1        1        2        2        2        3        3        4        5        6        8       11       15       22       34       54       88      134      163     148
          46      36       29       25       22       21       21       21       23       26       31       39       53       76      106      119       93       57       34       21       13        9        7        5        4        3        2        2        1        1        1        1        1        1        1        0        0        0        0        0        0        0        0        0        0        0        0        0        0        0        1        1        1        1        1        1        2        2        2        3        4        5        7       10       14       22       35       58       86      100       86      63
          21      18       15       14       13       13       14       14       16       19       23       31       44       71      127      196      160       81       41       23       14        9        7        5        4        3        2        2        1        1        1        1        1        1        1        0        0        0        0        0        0        0        0        0        0        0        0        0        1        1        1        1        1        1        1        2        2        3        3        5        6        9       12       19       30       50       74       84       70       50       36      27
          56      46       39       35       32       31       31       32       34       39       46       57       75      101      129      135      106       69       43       28       19       13       10        7        6        4        4        3        2        2        2        1        1        1        1        1        1        1        1        1        1        1        1        1        1        1        1        1        1        1        1        1        1        2        2        2        3        3        4        5        6        8       10       14       19       27       40       57       75       85       81      68
          30      25       20       17       15       14       13       13       13       13       14       15       16       19       21       25       29       31       32       29       25       19       15       11        8        7        5        4        3        3        2        2        2        1        1        1        1        1        1        1        1        1        1        1        1        1        1        1        1        1        1        1        1        1        2        2        2        2        3        4        5        6        8       11       15       21       29       40       49       52       46      38
          18      17       16       15       15       15       16       17       19       21       24       27       31       33       33       30       25       19       14       11        8        6        5        4        3        3        2        2        1        1        1        1        1        1        1        1        1        1        0        0        0        0        0        0        1        1        1        1        1        1        1        1        1        1        2        2        2        3        4        5        6        7        9       12       15       19       22       24       25       24       22      20
          28      26       24       22       21       21       21       22       24       26       29       32       36       39       39       37       31       24       19       14       11        8        6        5        4        3        3        2        2        2        1        1        1        1        1        1        1        1        1        1        1        1        1        1        1        1        1        1        1        1        1        1        1        2        2        2        2        3        4        5        6        7        9       12       16       20       26       31       34       35       34      31
          19      18       17       17       17       17       17       18       20       22       24       27       30       32       32       30       27       22       18       14       11        9        7        6        5        4        3        3        2        2        2        2        1        1        1        1        1        1        1        1        1        1        1        1        1        1        1        1        1        1        2        2        2        2        3        3        4        5        6        7        8       10       13       15       18       21       23       23       23       22       21      20
          12      12       13       13       14       15       18       20       25       31       41       55       73       86       81       61       41       27       19       13       10        7        6        4        4        3        3        2        2        2        1        1        1        1        1        1        1        1        1        1        1        1        1        1        1        1        1        1        1        2        2        2        2        3        3        4        4        5        6        7        9       10       12       13       14       14       14       14       13       13       13      12
           5       6        6        7        8        9       11       14       19       29       48       91      152      131       66       33       18       11        8        5        4        3        2        2        2        1        1        1        1        1        1        1        1        0        0        0        0        0        0        0        0        1        1        1        1        1        1        1        1        2        2        2        3        4        4        6        7        9       10       11       12       12       11       10        9        8        7        6        6        6        5       5
          17      21       26       31       38       45       53       61       68       72       74       71       66       58       50       42       35       29       24       19       16       13       11        9        8        7        6        5        4        4        3        3        3        2        2        2        2        2        1        1        1        1        1        1        1        1        1        1        1        1        1        1        1        1        2        2        2        2        2        2        3        3        3        4        4        5        6        7        8       10       12      14
          20      20       20       19       19       19       20       21       22       24       26       29       31       33       33       30       26       21       16       12        9        7        6        4        4        3        2        2        2        1        1        1        1        1        1        1        1        0        0        0        0        0        0        0        0        0        0        0        1        1        1        1        1        1        1        1        1        2        2        2        3        4        4        5        7        8       10       12       14       17       18      19
          17      20       23       27       31       37       44       53       63       76       87       92       86       71       54       40       29       21       16       12        9        7        6        5        4        3        3        2        2        2        2        1        1        1        1        1        1        1        1        1        1        1        1        1        1        1        1        1        1        1        1        1        1        1        1        1        2        2        2        2        3        3        4        4        5        6        7        8        9       11       13      15
          16      16       16       17       17       19       21       24       29       36       49       69       98      120      105       69       41       25       16       11        8        6        4        3        3        2        2        1        1        1        1        1        1        1        0        0        0        0        0        0        0        0        0        0        0        0        0        0        0        1        1        1        1        1        1        1        2        2        2        3        3        4        5        6        7        9       10       12       13       14       15      15
          14      16       17       19       20       22       23       26       29       33       38       46       57       69       78       78       65       47       33       22       16       11        8        6        5        4        3        2        2        2        1        1        1        1        1        1        1        1        0        0        0        0        0        0        0        0        0        0        0        0        0        1        1        1        1        1        1        1        1        1        2        2        2        3        3        4        5        6        7        9       10      12
