SWAN 1
LOCATIONS
     1
     -67.28  18.38
AFREQ
     56
     0.0300
     0.0400
     0.0500
     0.0600
     0.0700
     0.0800
     0.0900
     0.1000
     0.1100
     0.1200
     0.1300
     0.1400
     0.1500
     0.1600
     0.1700
     0.1800
     0.1900
     0.2000
     0.2100
     0.2200
     0.2300
     0.2400
     0.2500
     0.2600
     0.2700
     0.2800
     0.2900
     0.3000
     0.3100
     0.3200
     0.3300
     0.3400
     0.3500
     0.3600
     0.3700
     0.3800
     0.3900
     0.4000
     0.4100
     0.4200
     0.4300
     0.4400
     0.4500
     0.4600
     0.4700
     0.4800
     0.4900
     0.5000
     0.5100
     0.5200
     0.5300
     0.5400
     0.5500
     0.5600
     0.5700
     0.5800
NDIR
     72
     5.0000
     10.0000
     15.0000
     20.0000
     25.0000
     30.0000
     35.0000
     40.0000
     45.0000
     50.0000
     55.0000
     60.0000
     65.0000
     70.0000
     75.0000
     80.0000
     85.0000
     90.0000
     95.0000
     100.0000
     105.0000
     110.0000
     115.0000
     120.0000
     125.0000
     130.0000
     135.0000
     140.0000
     145.0000
     150.0000
     155.0000
     160.0000
     165.0000
     170.0000
     175.0000
     180.0000
     185.0000
     190.0000
     195.0000
     200.0000
     205.0000
     210.0000
     215.0000
     220.0000
     225.0000
     230.0000
     235.0000
     240.0000
     245.0000
     250.0000
     255.0000
     260.0000
     265.0000
     270.0000
     275.0000
     280.0000
     285.0000
     290.0000
     295.0000
     300.0000
     305.0000
     310.0000
     315.0000
     320.0000
     325.0000
     330.0000
     335.0000
     340.0000
     345.0000
     350.0000
     355.0000
     360.0000
QUANT
     1
VaDens
m2/Hz/degr
     -999.000000
FACTOR
     1.00000E-06
          13      15       16       18       19       19       17       16       14       12       10        9        7        6        6        5        5        4        4        4        4        4        4        4        4        4        4        4        4        5        5        6        6        7        8       10       11       13       14       16       17       16       16       14       13       11       10        8        7        6        6        5        5        4        4        4        4        4        4        4        4        4        4        4        5        5        5        6        7        8        9      11
          42      50       58       69       83       97      110      117      117      109       96       82       68       57       48       41       35       31       27       25       23       21       20       19       18       17       17       17       17       17       18       18       19       20       22       23       25       27       30       32       35       38       40       42       44       44       43       41       39       37       34       31       29       27       25       24       22       21       21       20       20       20       20       20       21       22       23       25       27       29       33      37
          69      72       76       80       84       88       91       93       94       93       90       85       80       73       67       61       55       50       46       42       39       36       33       31       30       28       27       26       26       25       25       25       25       25       26       26       27       29       30       32       34       36       39       41       45       48       52       56       60       63       66       68       70       71       71       70       69       67       65       63       62       60       59       58       57       57       57       58       59       61       63      65
        1290    2126     3638     4746     3463     1853     1014      610      400      280      206      158      126      102       86       73       63       56       50       46       42       39       37       35       34       33       33       32       32       33       34       35       36       38       41       44       48       54       60       68       79       92      110      133      164      207      264      340      437      547      647      701      690      629      548      471      406      355      318      290      271      260      255      256      264      280      305      343      400      488      627     862
       66170  317603    50889    11345     4678     2475     1502      997      704      521      401      317      258      214      182      157      137      122      109       99       92       85       80       76       73       71       69       68       67       68       68       70       72       75       78       83       88       96      104      115      129      145      167      194      230      276      339      424      544      715      966     1337     1885     2648     3559     4316     4544     4220     3657     3120     2704     2416     2239     2157     2166     2273     2505     2923     3662     5052     8058   16679
      210456  130550    52785    23914    12649     7495     4818     3292     2359     1756     1348     1064      859      707      593      505      437      383      340      305      277      254      235      220      208      198      190      184      180      177      175      175      177      180      184      190      198      208      220      236      254      277      305      339      381      434      500      584      692      833     1021     1274     1623     2114     2821     3860     5410     7725    11087    15564    20527    24525    26414    26508    25998    25924    27008    30001    36279    49112    77383  142428
       63074   35686    20751    12731     8239     5589     3947     2885     2172     1678     1326     1070      878      733      621      534      464      409      364      327      298      273      253      236      223      212      203      196      190      187      184      183      184      186      189      194      201      209      219      232      248      267      289      317      351      392      442      505      583      681      806      968     1178     1457     1832     2343     3049     4039     5442     7439    10270    14218    19553    26448    34987    45381    58421    75837    99582   126115   133813  103851
       16743    9474     5947     4016     2863     2128     1637     1294     1048      867      729      624      541      476      424      382      347      319      296      278      262      250      240      233      227      223      221      221      222      225      230      236      245      255      268      284      303      326      353      386      425      472      527      594      674      771      887     1027     1194     1393     1627     1900     2214     2568     2961     3391     3859     4373     4948     5620     6444     7517     9003    11202    14718    20921    33445    63773   142614   187731    86993   34523
      127475   32626    12139     5932     3389     2141     1451     1036      771      594      470      381      315      265      227      198      174      155      140      128      118      110      104       98       94       91       89       87       86       86       87       88       91       94       97      102      109      116      126      137      152      169      191      219      253      298      356      433      537      680      880     1170     1598     2242     3218     4657     6581     8618     9951    10076     9367     8474     7775     7402     7403     7852     8932    11089    15513    26053    60073  178922
       95090   41432    15109     6865     3688     2216     1442      995      718      538      416      330      268      221      186      160      138      122      108       98       89       82       76       71       68       64       62       60       59       58       58       58       59       60       62       64       67       71       76       82       89       97      108      121      138      158      185      219      264      325      408      525      695      951     1355     2027     3216     5471     9961    18245    27370    27531    21168    15861    12821    11391    11138    12030    14557    20359    34803   72849
       33576   26684    15040     7911     4417     2664     1719     1172      835      618      472      370      297      243      202      172      148      129      114      102       92       84       77       72       68       64       61       59       58       56       56       56       56       57       58       59       62       65       68       73       78       85       93      103      116      131      151      176      207      249      305      380      485      635      856     1195     1735     2636     4204     6978    11541    17059    19884    18468    15639    13468    12354    12264    13276    15776    20582   28187
       29130   13238     6356     3458     2083     1354      933      672      503      388      308      249      206      173      148      129      113      101       91       83       76       71       66       63       60       58       56       55       54       54       54       55       56       57       60       62       66       70       75       82       90       99      111      126      145      169      200      241      295      368      470      615      829     1152     1659     2471     3780     5769     8255    10210    10571     9694     8580     7766     7393     7503     8204     9795    13026    19753    33117   43959
       16170   16567    14632    10894     7259     4676     3052     2055     1434     1035      770      589      462      370      302      251      212      182      158      139      124      111      101       93       86       81       76       73       70       68       66       65       65       65       65       66       68       70       73       77       81       87       94      102      112      125      140      160      184      215      255      307      376      471      603      791     1067     1487     2149     3226     5016     7929    12101    16311    18156    17232    15335    13784    12957    12878    13512   14758
       26678   41377    45011    25761    11692     5757     3184     1933     1260      868      625      466      359      283      228      188      158      134      116      101       90       81       73       67       62       58       54       52       50       48       47       46       46       45       46       46       48       49       51       54       57       61       65       71       78       87       98      111      128      150      178      215      264      331      425      560      761     1072     1575     2427     3938     6669    11219    16573    18888    17164    14478    12624    11873    12240    14003   18083
       13230   20118    23891    16666     8598     4480     2556     1586     1053      738      539      408      318      254      208      173      147      126      110       98       87       79       72       67       63       59       56       54       52       51       50       50       50       50       51       53       55       57       60       64       69       75       82       91      102      116      133      155      184      221      272      342      440      582      796     1130     1675     2597     4181     6698     9624    10952     9877     8013     6517     5563     5050     4891     5065     5637     6805    9025
        8729   10384    10481     8381     5661     3618     2343     1575     1103      801      602      465      369      299      247      208      178      155      136      121      109       99       92       85       80       76       72       70       68       67       66       66       66       67       69       71       74       77       82       87       94      103      113      126      141      161      186      218      259      314      386      485      622      817     1096     1503     2090     2901     3897     4862     5451     5497     5165     4725     4349     4103     4010     4083     4347     4855     5696    6983
        3169    3870     4753     5497     5451     4423     3105     2068     1386      957      684      506      386      302      242      198      166      141      121      106       94       84       77       70       65       61       58       55       53       51       50       50       50       50       50       52       53       55       58       62       66       71       78       86       96      108      123      143      169      202      246      306      389      507      676      926     1295     1828     2533     3286     3791     3827     3499     3061     2675     2391     2208     2116     2109     2190     2373    2685
       15060   19577    13902     6837     3422     1904     1164      765      532      387      291      226      180      147      122      103       89       77       68       61       55       50       46       43       41       39       37       36       35       34       34       34       34       35       36       37       39       41       43       46       50       54       60       67       76       87      100      118      141      171      211      267      345      457      621      867     1240     1792     2545     3385     4011     4172     3954     3614     3330     3173     3168     3346     3774     4606     6189    9309
        5169   10234    17336    11311     4407     1965     1040      621      403      279      202      152      118       94       77       64       54       47       41       36       32       29       27       25       23       22       21       20       20       19       19       19       19       19       20       20       21       22       23       25       27       29       32       36       41       47       54       63       76       93      115      147      192      259      362      527      800     1259     1989     2887     3417     3201     2632     2124     1779     1574     1478     1475     1571     1799     2249    3151
        5273    6357     5348     3318     1898     1129      715      480      338      248      189      148      118       97       81       69       59       52       46       41       37       34       31       29       28       26       25       25       24       24       23       23       24       24       25       26       27       28       30       32       35       38       42       47       53       60       70       82       97      117      142      177      223      285      368      477      617      782      955     1106     1209     1257     1266     1260     1263     1291     1360     1491     1714     2086     2711    3753
        2579    3793     4694     3883     2343     1327      792      506      343      245      182      140      110       89       74       62       53       46       41       37       33       30       28       26       25       23       23       22       21       21       21       21       21       22       22       23       24       26       28       30       32       36       40       45       51       58       68       81       97      119      147      185      237      305      393      501      619      728      803      831      819      785      747      718      703      707      734      792      891     1055     1326    1786
        1860    3022     4706     4610     2602     1292      698      417      270      186      134      101       78       62       51       42       36       31       27       24       21       19       18       16       15       15       14       13       13       13       13       13       13       13       13       14       14       15       16       17       18       20       22       25       28       33       38       45       54       66       83      106      139      187      258      364      518      721      934     1068     1066      969      848      746      674      633      619      635      685      782      955    1266
         517     704     1083     1969     4030     4987     2469     1033      512      293      185      126       91       68       53       42       34       29       24       21       18       16       15       13       12       11       11       10       10       10        9        9        9        9        9       10       10       10       11       12       12       14       15       17       19       21       25       29       35       43       54       69       92      126      181      272      427      689     1046     1282     1175      902      671      518      422      363      329      312      311      325      356     415
        1120    1853     3534     5739     4205     1867      886      486      298      198      140      103       79       63       51       42       35       30       27       24       21       19       18       16       15       15       14       13       13       13       13       13       13       13       14       14       15       16       17       18       20       22       25       28       33       38       45       55       67       85      109      145      197      276      393      555      741      877      888      795      671      564      484      429      395      379      377      392      426      487      591     774
         783     805      858      939     1040     1132     1160     1072      882      665      480      344      250      185      140      108       86       69       57       48       41       35       31       27       24       22       20       19       17       16       16       15       14       14       14       14       14       14       14       15       15       16       17       18       19       21       23       25       29       33       38       44       52       63       77       97      126      166      227      320      466      696     1037     1447     1738     1733     1513     1260     1059      922      837     793
         561     552      575      636      750      946     1276     1767     2170     1924     1242      719      427      269      180      126       92       70       55       44       36       30       25       22       19       17       15       14       12       11       11       10       10        9        9        9        9        9        9        9        9        9       10       10       11       12       13       14       16       17       20       23       27       32       38       47       59       77      102      141      204      309      494      827     1358     1866     1861     1463     1086      838      689     603
         427     495      612      821     1220     2013     3221     3262     1863      924      500      299      194      134       97       73       57       46       37       31       27       23       20       18       16       15       14       13       12       11       11       10       10       10       10       10       10       10       11       11       12       12       13       14       16       18       20       22       26       30       36       43       54       68       88      117      161      229      336      501      723      932      996      894      736      599      501      436      396      377      375     391
         765     769      808      883      993     1122     1215     1186     1002      748      522      360      251      180      132      100       77       61       50       41       34       29       25       22       20       18       16       15       14       13       12       11       11       11       10       10       10       10       10       10       11       11       12       12       13       14       15       17       19       21       24       27       32       38       46       56       70       89      117      158      220      315      464      687      981     1258     1373     1295     1131      977      865     796
        1370    1418     1483     1542     1553     1467     1273     1014      762      556      403      296      221      168      130      103       83       68       57       48       41       36       31       28       25       23       21       19       18       17       16       15       15       14       14       14       14       14       14       15       15       16       16       17       18       20       21       23       26       29       32       37       43       50       59       71       87      108      136      174      227      300      400      534      701      890     1070     1208     1288     1321     1331    1342
         364     389      439      528      686      980     1567     2634     3276     2168     1069      555      320      202      137       98       73       56       44       36       30       25       22       19       17       15       13       12       11       11       10       10        9        9        9        9        9        9        9        9       10       10       11       11       12       13       15       16       19       21       25       29       35       43       53       68       90      122      173      253      383      585      843     1030     1008      841      668      539      453      399      369     358
         863     794      760      759      793      866      983     1145     1318     1405     1289     1003      700      471      320      223      160      119       91       71       57       46       38       32       28       24       21       19       17       16       14       13       13       12       11       11       11       10       10       10       10       11       11       11       12       12       13       14       15       16       18       20       23       26       30       36       42       51       64       80      104      137      187      261      374      540      766     1009     1172     1185     1089     966
         432     441      468      516      594      711      877     1075     1211     1140      879      600      396      266      184      133       98       75       59       48       39       33       28       24       21       18       17       15       14       13       12       11       11       10       10       10       10       10       10       10       10       10       11       11       12       13       14       15       16       18       21       23       27       32       37       45       55       69       87      112      147      194      257      335      418      488      526      529      508      479      453     436
        1176    1338     1529     1769     2072     2414     2669     2613     2165     1559     1048      697      472      329      237      175      133      104       83       67       55       46       39       34       30       26       23       21       19       18       16       15       15       14       13       13       13       12       12       12       12       13       13       13       14       15       15       16       18       19       21       23       26       29       33       38       44       52       61       74       90      112      140      177      226      291      374      477      599      735      880    1026
         858     696      594      537      513      516      544      597      669      737      751      670      518      366      250      172      121       87       65       50       39       31       25       21       18       15       13       12       10        9        8        8        7        7        6        6        6        6        5        5        5        5        6        6        6        6        6        7        7        8        9        9       11       12       14       16       19       22       27       34       43       55       74      102      147      221      347      562      885     1200     1260    1077
         474     410      368      345      338      346      370      415      489      605      772      965     1061      924      654      422      272      182      126       91       68       53       42       34       28       23       20       17       15       14       12       11       10       10        9        9        8        8        8        8        8        8        8        8        8        8        9        9       10       11       12       13       14       16       19       22       26       31       38       47       60       78      105      146      209      307      448      619      749      760      675     566
         231     294      374      473      588      710      818      882      879      807      691      562      444      345      267      208      162      128      103       83       68       56       47       40       34       29       26       23       20       18       16       15       14       13       12       11       10       10       10        9        9        9        9        9        9        9        9        9       10       10       10       11       12       12       13       15       16       18       20       22       25       28       33       38       45       53       64       77       94      117      145     183
         383     501      655      838     1022     1153     1177     1090      936      767      616      490      391      313      253      205      168      139      116       97       82       70       60       52       45       40       35       32       28       26       24       22       20       19       18       17       16       15       15       14       14       14       14       13       14       14       14       14       15       15       16       17       18       19       20       22       24       26       29       33       37       42       49       57       67       79       95      116      144      180      228     294
         720     643      574      526      498      491      504      539      599      684      787      870      868      746      562      393      271      189      135       99       75       58       46       37       31       26       22       19       17       15       13       12       11       10       10        9        9        8        8        8        8        8        8        8        8        8        9        9       10       10       11       12       13       15       17       19       22       26       31       37       45       57       73       96      129      179      252      359      501      653      759     775
         309     403      525      669      810      894      871      751      593      448      333      249      188      144      112       89       71       58       48       40       34       29       25       22       19       17       15       14       12       11       11       10        9        9        8        8        8        7        7        7        7        7        7        7        7        8        8        8        9        9       10       10       11       12       13       15       16       18       21       24       27       32       37       44       52       63       76       94      116      146      186     238
         300     357      419      482      535      569      573      543      485      413      340      274      218      174      139      112       91       75       62       52       44       38       33       28       25       22       20       18       16       15       14       13       12       12       11       11       10       10       10       10       10       10       10       10       10       10       11       11       12       12       13       14       15       17       18       20       22       25       28       32       37       43       50       58       69       82       98      117      141      171      207     249
         233     277      318      346      356      348      325      295      262      230      200      174      151      131      113       98       84       73       63       55       48       42       37       32       28       25       23       20       18       17       15       14       13       12       12       11       10       10       10        9        9        9        9        9        9        9        9        9       10       10       11       11       12       13       14       15       16       18       20       22       25       29       34       39       46       55       67       81      100      124      154     190
         225     234      209      174      144      122      107       98       93       92       95      102      114      133      161      198      236      251      224      168      116       78       54       38       28       21       16       13       11        9        7        6        5        5        4        4        3        3        3        3        3        2        2        2        2        2        2        2        2        2        3        3        3        3        4        4        4        5        6        7        8        9       11       14       18       23       31       43       61       89      131     182
         111      90       75       64       57       53       50       49       50       52       57       65       76       94      122      166      228      283      275      203      131       83       55       38       27       21       16       13       10        9        7        6        5        5        4        4        4        3        3        3        3        3        3        3        3        3        3        3        3        3        3        4        4        4        5        6        7        8        9       11       14       17       22       29       40       56       81      114      149      170      163     138
         246     210      182      163      150      144      143      147      157      173      197      229      266      295      297      260      202      146      104       74       54       41       31       25       20       16       14       12       10        9        8        7        6        6        5        5        5        4        4        4        4        4        4        4        4        4        4        4        5        5        5        6        7        7        8        9       11       13       15       18       23       29       37       49       67       93      131      184      246      296      308     285
         127     139      151      164      180      200      227      265      321      403      520      669      788      762      586      394      256      170      117       84       62       47       37       30       24       20       17       15       13       11       10        9        8        8        7        7        6        6        6        6        5        5        5        5        5        6        6        6        6        7        7        7        8        9       10       11       12       14       16       18       21       24       28       34       40       47       56       67       78       90      103     115
          90      82       76       72       70       70       72       76       82       93      110      135      174      233      311      377      362      271      178      115       77       54       39       29       23       18       15       12       10        9        8        7        6        6        5        5        4        4        4        4        4        4        4        4        4        4        4        4        5        5        5        6        6        7        8        9       11       13       15       18       22       28       35       45       58       73       89      103      111      112      107      98
         122      98       81       70       62       57       55       55       57       61       68       80       98      128      175      242      300      281      198      124       77       50       35       25       18       14       11        9        7        6        5        5        4        4        3        3        3        3        2        2        2        2        2        2        2        2        2        2        2        3        3        3        3        4        4        5        6        6        8        9       12       15       19       25       34       49       70      102      141      171      173     150
         493     882      740      400      230      152      112       89       76       68       64       63       65       69       77       88      104      126      148      161      151      121       87       61       43       31       23       17       13       11        9        7        6        5        4        4        3        3        3        3        2        2        2        2        2        2        2        2        2        2        2        2        2        2        3        3        3        4        4        5        5        6        8       10       12       16       21       29       43       67      115     225
         297     307      253      191      146      116       97       85       78       74       73       75       80       88       99      114      130      144      145      129      103       77       56       40       30       23       17       14       11        9        8        6        6        5        4        4        3        3        3        3        3        2        2        2        2        2        2        2        2        2        2        3        3        3        3        4        4        5        5        6        7        9       10       13       17       22       29       41       60       91      143     221
         362     544      576      452      328      248      202      175      162      159      164      176      194      214      225      214      177      131       92       64       45       32       24       18       14       11        9        7        6        5        4        4        3        3        3        2        2        2        2        2        2        2        2        2        2        2        2        2        2        2        2        2        2        2        3        3        3        4        4        5        6        7        8       11       13       18       24       33       48       74      120     207
         130     129      124      118      111      107      105      105      109      116      127      143      166      193      219      230      213      173      129       93       66       48       36       27       21       17       14       11       10        8        7        6        6        5        4        4        4        4        3        3        3        3        3        3        3        3        3        3        3        3        4        4        4        5        5        6        6        7        8       10       12       14       17       21       26       33       43       55       71       90      108     122
         223     217      189      158      132      114      101       93       89       88       90       94      103      114      130      146      160      161      146      120       91       67       49       37       28       22       17       14       11        9        8        7        6        5        5        4        4        4        3        3        3        3        3        3        3        3        3        3        3        3        3        3        4        4        4        5        5        6        7        8        9       11       14       17       22       29       39       53       75      108      152     197
         114     163      206      218      197      165      137      116      103       95       92       93       98      108      126      154      195      248      289      272      202      132       85       56       38       27       20       15       12        9        8        6        5        5        4        4        3        3        3        2        2        2        2        2        2        2        2        2        2        2        2        2        2        2        2        3        3        3        4        4        5        5        6        8        9       12       15       20       27       37       53      77
         185     173      147      120      100       84       74       66       61       58       57       56       56       57       57       57       56       53       49       43       37       31       25       21       17       14       12       10        8        7        6        5        5        4        4        3        3        3        3        3        3        2        2        2        2        2        2        2        2        3        3        3        3        3        4        4        5        5        6        7        8       10       12       15       20       26       35       48       68       97      134     169
         209     221      198      161      129      105       89       78       71       67       65       66       68       72       78       85       93       99      100       93       81       66       51       39       30       23       18       15       12       10        8        7        6        5        5        4        4        3        3        3        3        3        3        2        2        2        2        2        2        3        3        3        3        3        3        4        4        5        5        6        7        9       11       13       16       21       28       38       54       78      115     164
         138     119       95       75       62       53       47       43       41       41       42       46       51       60       75       99      138      195      242      219      148       90       55       36       24       17       13       10        8        6        5        4        4        3        3        2        2        2        2        2        2        2        1        1        1        1        1        1        1        2        2        2        2        2        2        3        3        3        4        5        5        7        8       10       14       18       25       36       52       77      109     135
