SWAN 1
LOCATIONS
     1
     -67.28  18.38
AFREQ
     56
     0.0300
     0.0400
     0.0500
     0.0600
     0.0700
     0.0800
     0.0900
     0.1000
     0.1100
     0.1200
     0.1300
     0.1400
     0.1500
     0.1600
     0.1700
     0.1800
     0.1900
     0.2000
     0.2100
     0.2200
     0.2300
     0.2400
     0.2500
     0.2600
     0.2700
     0.2800
     0.2900
     0.3000
     0.3100
     0.3200
     0.3300
     0.3400
     0.3500
     0.3600
     0.3700
     0.3800
     0.3900
     0.4000
     0.4100
     0.4200
     0.4300
     0.4400
     0.4500
     0.4600
     0.4700
     0.4800
     0.4900
     0.5000
     0.5100
     0.5200
     0.5300
     0.5400
     0.5500
     0.5600
     0.5700
     0.5800
NDIR
     72
     5.0000
     10.0000
     15.0000
     20.0000
     25.0000
     30.0000
     35.0000
     40.0000
     45.0000
     50.0000
     55.0000
     60.0000
     65.0000
     70.0000
     75.0000
     80.0000
     85.0000
     90.0000
     95.0000
     100.0000
     105.0000
     110.0000
     115.0000
     120.0000
     125.0000
     130.0000
     135.0000
     140.0000
     145.0000
     150.0000
     155.0000
     160.0000
     165.0000
     170.0000
     175.0000
     180.0000
     185.0000
     190.0000
     195.0000
     200.0000
     205.0000
     210.0000
     215.0000
     220.0000
     225.0000
     230.0000
     235.0000
     240.0000
     245.0000
     250.0000
     255.0000
     260.0000
     265.0000
     270.0000
     275.0000
     280.0000
     285.0000
     290.0000
     295.0000
     300.0000
     305.0000
     310.0000
     315.0000
     320.0000
     325.0000
     330.0000
     335.0000
     340.0000
     345.0000
     350.0000
     355.0000
     360.0000
QUANT
     1
VaDens
m2/Hz/degr
     -999.000000
FACTOR
     1.00000E-06
          11      16       23       33       43       43       33       23       16       11        8        6        5        4        3        3        2        2        2        2        2        2        1        1        1        1        2        2        2        2        2        2        3        3        3        4        5        5        6        7        8        8        8        8        7        6        5        5        4        3        3        3        2        2        2        2        2        2        2        2        2        2        2        2        2        3        3        3        4        5        6       8
         149     180      188      167      132       99       75       58       45       37       31       26       23       20       18       17       16       15       14       14       13       13       14       14       14       15       16       17       18       19       21       23       26       28       31       33       35       36       36       36       34       32       29       26       24       22       20       18       17       16       15       14       14       13       13       13       13       14       14       15       16       17       19       21       24       28       33       40       51       65       86     114
         163     211      268      319      336      307      251      194      148      114       90       73       60       50       43       38       34       30       28       26       24       23       22       21       20       20       20       20       20       20       20       21       21       22       23       23       24       25       26       26       27       27       28       28       28       28       28       27       27       26       26       26       25       25       25       25       26       26       27       28       29       31       33       36       40       44       50       58       68       82      101     127
          42      55       76      113      178      289      404      377      249      151       95       65       47       35       28       23       19       16       14       13       12       11       10       10       10        9        9       10       10       10       11       12       13       14       16       18       21       26       31       39       50       65       84      105      119      118      103       83       65       51       41       33       28       24       21       18       17       16       15       14       14       14       14       14       14       15       16       18       20       23       27      33
        2677    1941     1302      871      600      429      318      243      191      154      127      106       91       79       69       62       56       51       47       44       42       40       38       37       36       36       36       36       36       37       38       40       42       45       48       52       57       64       71       81       93      109      130      157      193      242      309      402      532      707      928     1169     1365     1445     1398     1274     1131     1006      908      839      798      781      789      824      890      998     1166     1418     1792     2305     2856    3081
        5048    3051     1956     1320      930      680      512      396      314      254      209      175      149      128      112       99       88       80       73       67       62       58       55       53       51       49       48       47       47       47       47       48       49       50       52       55       58       62       66       72       78       87       97      109      124      143      167      197      236      287      355      445      569      740      979     1315     1787     2443     3321     4433     5735     7148     8631    10275    12351    15336    19878    26064    30252    25614    15922    8863
        4676    2776     1790     1226      880      656      504      398      321      265      222      189      163      143      127      114      103       95       88       82       77       73       70       68       66       65       65       65       65       66       68       70       73       76       81       86       93      101      112      124      139      159      183      213      253      305      374      468      599      786     1061     1480     2140     3218     5022     8006    12433    17260    19915    19548    17966    16798    16727    18226    22357    32435    62009   188166   277926    68973    20608    8890
       26708   12933     7193     4405     2894     2006     1452     1088      839      664      537      443      372      317      274      240      213      191      173      158      147      137      129      123      117      114      111      109      108      107      108      110      112      116      120      126      133      142      153      166      182      202      227      257      296      344      407      489      598      746      952     1246     1680     2346     3414     5221     8469    14669    26821    47853    68870    70465    59105    49536    45329    46627    55076    77420   135444   241705   183727   67044
       17391   12650     9177     6685     4916     3663     2773     2134     1670     1328     1073      880      732      617      527      456      398      352      314      283      258      237      219      205      193      184      176      170      165      161      159      158      159      160      163      167      172      179      188      198      211      227      246      270      298      333      375      428      494      578      686      826     1012     1262     1606     2091     2794     3846     5478     8116    12580    20481    34816    59485    91588   109226    98493    76478    57200    42762    31958   23704
      124192   65019    23124    10251     5460     3282     2144     1489     1083      819      638      510      417      348      295      255      223      198      177      161      148      137      128      121      115      111      108      106      104      104      104      105      107      111      115      120      127      136      146      159      174      194      218      248      286      335      398      482      594      748      965     1277     1741     2447     3544     5240     7699    10642    12901    13306    12186    10663     9410     8609     8268     8396     9078    10564    13476    19469    33731   73672
       84627   98110    55761    24604    11964     6596     4008     2620     1812     1309      981      758      600      487      402      338      289      250      220      196      176      160      147      136      128      121      115      111      107      105      104      103      103      104      106      109      113      118      124      132      142      153      168      185      207      234      268      310      365      437      532      661      838     1091     1460     2019     2900     4345     6804    11031    17780    25890    30498    29048    25059    21720    19881    19594    21029    24911    33255   51101
       46083   71944    94996    68857    32824    15690     8386     4954     3162     2142     1522     1123      856      670      537      439      366      310      266      232      205      183      165      151      139      129      122      115      110      106      103      101      100       99      100      101      103      106      110      115      121      129      138      149      163      181      202      228      261      302      355      423      513      634      799     1030     1362     1851     2593     3751     5588     8478    12712    17829    22020    23604    23080    22078    21752    22762    25838   32475
       17929   29122    62801   130746    75481    23337     9415     4730     2727     1725     1166      829      614      470      369      298      245      205      175      151      132      117      105       96       88       81       76       72       68       66       64       62       61       61       61       62       63       65       67       70       74       78       84       91      100      111      124      140      161      187      222      266      326      408      523      690      939     1331     1977     3116     5268     9584    17869    28083    29356    22522    16522    13050    11340    10836    11406   13369
       19356   46671   153032    89411    20235     7412     3593     2037     1277      859      609      450      344      270      218      179      150      127      110       97       86       77       70       64       59       56       52       50       48       47       46       45       45       45       45       46       47       49       51       54       57       61       67       73       81       90      102      117      136      160      192      234      291      370      481      644      888     1266     1868     2830     4307     6240     7966     8573     8083     7248     6584     6265     6355     6965     8403   11542
        2039    2824     4649    10521    45329    58434    10448     3287     1509      837      521      350      249      185      142      113       91       76       64       55       48       42       38       34       31       29       27       26       25       24       23       22       22       22       22       23       23       24       25       26       28       30       32       36       39       44       50       58       68       81       98      122      155      203      276      392      588      948     1683     3367     7169    10959     8421     4896     3085     2204     1746     1505     1393     1377     1454    1650
        8871   10018    11976    14529    15854    13334     8644     5030     2952     1819     1182      806      573      422      320      249      199      161      134      113       96       83       73       65       58       53       48       45       42       39       37       36       35       34       33       33       33       33       33       34       35       37       38       41       43       46       50       55       61       68       77       89      103      121      144      175      216      271      348      458      619      859     1226     1795     2670     3935     5513     7001     7908     8183     8198    8338
        3198    4430     6868    11773    17612    14310     7196     3555     1965     1201      793      555      407      309      242      195      161      135      115      100       88       78       71       64       59       55       52       50       48       46       45       44       44       44       45       45       47       49       51       54       57       62       67       74       82       93      105      122      143      170      206      254      320      411      541      726      990     1357     1823     2315     2675     2772     2633     2390     2151     1965     1846     1797     1820     1926     2142    2526
        3884    5877    10767    26023    49008    23822     7979     3517     1887     1146      757      531      391      298      234      189      156      131      112       97       86       77       69       63       58       54       51       49       47       45       44       43       43       43       44       44       46       47       49       52       55       60       65       71       78       88       99      114      132      155      186      225      277      346      440      566      733      948     1206     1481     1723     1880     1934     1911     1854     1801     1776     1798     1883     2057     2365    2903
         940     985     1098     1312     1707     2479     4133     7513     9529     5614     2520     1256      713      446      300      213      158      121       96       78       64       54       47       41       36       32       29       27       25       23       22       21       20       19       19       19       19       19       19       20       20       21       22       24       26       28       30       34       38       43       50       59       71       86      107      138      182      250      359      548      902     1637     3262     6068     6912     4670     2857     1918     1431     1165     1020     951
        3635    3424     3321     3300     3316     3298     3151     2815     2325     1795     1330      970      710      526      397      305      239      191      156      129      108       92       79       69       61       55       50       45       42       39       36       34       33       32       31       30       30       29       30       30       30       31       32       34       35       38       40       44       48       52       58       66       75       86      101      120      145      178      222      284      372      498      686      971     1403     2043     2902     3825     4464     4586     4325    3952
        1872    1784     1818     1981     2306     2845     3589     4175     3850     2714     1665     1009      636      421      292      211      158      122       96       78       64       54       46       39       35       31       28       25       23       21       20       19       18       17       17       16       16       16       16       16       17       17       18       19       20       21       22       24       27       30       33       38       44       51       61       74       91      115      148      197      271      389      585      930     1563     2683     4180     4920     4277     3274     2544    2106
       12066    9758     6409     4011     2577     1729     1209      877      656      504      396      317      259      214      180      153      132      115      101       90       81       73       67       62       57       54       51       48       46       44       43       42       41       41       41       41       41       42       43       44       46       48       50       53       57       61       66       72       78       87       96      108      122      139      159      185      216      254      302      362      439      537      666      835     1064     1381     1834     2505     3542     5191     7736   10818
        3254    4323     5479     5970     5141     3640     2373     1544     1034      718      517      384      293      229      183      149      124      104       89       77       67       60       53       48       44       40       38       35       33       32       30       29       29       28       28       28       28       28       28       29       30       31       33       34       36       39       42       45       50       55       61       68       77       88      101      117      136      160      189      225      269      323      389      469      566      684      827     1005     1229     1521     1915    2468
        1911    2256     2845     3896     5773     8273     8356     5188     2672     1434      839      529      355      250      183      139      108       86       70       58       49       42       37       32       29       26       23       22       20       19       18       17       16       16       15       15       15       15       15       15       16       16       17       18       19       20       22       24       26       29       33       37       42       49       58       69       83      102      127      161      207      269      353      465      608      778      964     1142     1296     1425     1548    1696
        2125    2420     3108     4721     9133    19133    14898     4978     1934      938      527      326      216      151      111       84       65       52       42       35       29       25       22       19       17       15       14       13       12       11       11       10       10        9        9        9        9        9        9        9       10       10       10       11       12       13       14       15       17       19       21       24       28       33       40       49       60       77       99      132      181      257      377      571      887     1359     1923     2335     2412     2269     2111    2045
         956    1051     1217     1503     2004     2898     4323     5356     4218     2382     1288      746      466      311      218      160      121       95       76       62       52       44       38       33       29       26       24       22       20       19       18       17       16       16       15       15       15       15       15       15       16       16       17       18       19       20       22       24       27       30       34       38       44       52       62       75       92      114      144      185      241      316      414      533      661      777      857      894      899      892      890     907
         815     828      892     1027     1282     1769     2742     4495     5487     3552     1708      865      489      303      202      141      104       79       61       49       40       33       28       24       21       19       17       15       14       13       12       11       11       10       10       10       10       10       10       10       10       10       11       11       12       13       14       15       16       18       20       23       27       31       37       45       55       69       88      116      156      216      306      442      634      868     1071     1155     1110     1009      911     844
        1082    1093     1164     1321     1624     2203     3353     5431     6739     4479     2158     1083      606      372      245      171      124       94       73       58       47       39       33       28       25       22       19       17       16       15       14       13       12       12       11       11       11       11       11       11       11       11       11       12       12       13       14       15       17       18       20       23       26       30       36       42       51       62       78      100      130      174      238      333      470      659      884     1091     1210     1223     1173    1115
         930     767      680      644      650      700      806     1001     1344     1913     2552     2481     1628      908      517      315      205      141      102       76       59       46       38       31       26       22       19       17       15       14       12       11       11       10       10        9        9        9        8        8        8        8        9        9        9       10       10       11       12       13       14       16       18       20       23       27       33       40       50       63       83      112      157      232      363      609     1085     1903     2619     2390     1717    1221
         731     810      940     1160     1546     2239     3347     4107     3141     1727      919      527      327      216      151      110       83       64       51       41       34       29       25       21       19       17       15       14       13       12       11       10       10       10        9        9        9        9        9        9        9        9       10       10       11       12       12       14       15       16       18       21       24       27       32       38       45       55       68       85      108      139      181      234      301      378      456      527      581      620      650     683
         528     497      491      513      569      679      877     1234     1808     2251     1811     1029      552      316      195      129       90       65       49       38       30       25       20       17       15       13       11       10        9        8        8        7        7        6        6        6        6        5        5        5        5        6        6        6        6        7        7        8        8        9       10       11       13       15       17       20       24       30       37       47       61       81      112      158      229      335      478      628      720      717      654     583
         594     516      480      475      501      566      690      925     1381     2242     3104     2436     1249      627      348      212      139       97       71       53       41       33       27       22       19       16       14       13       11       10        9        9        8        8        7        7        7        7        7        7        7        7        7        7        7        8        8        9       10       11       12       13       15       17       20       24       29       36       45       59       79      109      159      243      397      691     1215     1801     1828     1380      980     735
         761     857      998     1215     1566     2144     3026     3867     3592     2361     1356      793      492      324      225      163      122       94       74       60       50       42       36       31       27       24       21       19       18       17       15       15       14       13       13       13       12       12       12       12       12       13       13       14       14       15       16       17       19       21       23       26       29       33       38       44       52       62       75       91      113      140      174      217      268      328      393      458      521      578      633     691
         912     989      998      980      975     1004     1085     1233     1458     1710     1797     1520     1044      650      403      259      173      121       87       65       50       39       32       26       22       18       16       14       12       11       10        9        8        7        7        7        6        6        6        6        6        6        6        6        6        6        6        6        7        7        8        9        9       10       12       13       15       17       20       24       30       36       46       58       76      102      140      197      282      406      573     759
        1011     797      628      516      447      409      392      393      412      446      494      547      580      560      478      367      264      187      134       97       72       55       43       35       28       23       20       17       15       13       11       10        9        9        8        7        7        7        6        6        6        6        6        6        6        6        7        7        7        8        8        9       10       11       12       14       16       18       22       26       32       40       51       67       92      129      190      292      466      737     1039    1153
         852     759      680      626      597      590      604      639      691      754      802      801      724      588      443      321      231      168      125       95       74       59       47       39       33       28       24       21       18       16       15       14       13       12       11       10       10       10        9        9        9        9        9        9       10       10       10       11       12       12       13       15       16       18       21       24       27       32       38       47       58       73       94      125      170      236      334      475      655      834      937     931
         957     873      772      697      658      658      701      802      992     1330     1852     2268     1911     1144      626      358      220      144       99       71       53       41       32       26       21       18       15       13       12       10        9        8        8        7        7        6        6        6        5        5        5        5        5        5        5        6        6        6        6        7        7        8        9       10       11       13       15       17       20       24       30       37       48       63       84      117      168      249      376      562      782     941
         585     624      624      608      596      600      626      680      768      883      987      990      836      603      402      264      177      122       87       65       49       38       30       25       20       17       15       13       11       10        9        8        7        7        6        6        5        5        5        5        5        5        5        5        5        5        5        5        6        6        7        7        8        9       10       11       12       14       17       20       24       29       37       46       60       80      108      148      207      289      392     501
        1087     795      544      393      306      255      226      211      207      214      231      261      311      385      484      575      580      469      323      211      139       95       67       49       37       29       23       19       16       13       11       10        9        8        7        7        6        6        5        5        5        5        5        5        5        5        5        5        5        5        6        6        6        7        8        9       10       11       13       15       19       23       28       37       49       67       96      146      236      409      722    1081
         713     471      341      270      230      210      203      208      226      262      326      439      639      931     1060      771      432      239      142       91       62       44       33       25       20       16       13       11        9        8        7        6        6        5        5        4        4        4        4        4        3        3        3        3        3        4        4        4        4        4        5        5        6        6        7        8        9       11       13       16       19       25       32       43       61       90      142      242      449      853     1251    1091
        1353    1253     1046      869      753      688      663      667      694      727      737      689      576      435      309      215      151      108       79       59       46       36       29       23       20       16       14       12       11        9        8        8        7        6        6        6        5        5        5        5        5        5        5        5        5        5        5        6        6        6        7        7        8        9       10       11       13       15       18       21       26       32       40       53       70       97      138      206      320      515      820    1175
         964     953      792      630      514      442      401      382      383      399      430      469      501      499      445      354      259      183      129       93       68       51       39       31       25       20       17       14       12       11        9        8        7        7        6        6        5        5        5        5        5        4        4        4        4        5        5        5        5        5        6        6        7        7        8        9       10       12       13       16       19       23       29       37       48       65       90      130      196      310      497     758
        2521    1321      560      309      206      155      127      112      104      102      105      114      130      156      195      253      315      336      280      191      122       79       53       37       27       20       16       12       10        8        7        6        5        5        4        4        3        3        3        3        3        2        2        2        2        2        2        2        2        3        3        3        3        3        4        4        5        5        6        7        9       10       13       17       22       30       42       64      105      197      447    1312
         633    1007     1111      861      603      441      348      296      268      257      259      275      303      342      385      410      386      314      229      158      109       77       55       41       31       24       19       16       13       11        9        8        7        6        6        5        5        4        4        4        4        3        3        3        3        3        3        3        3        4        4        4        4        5        5        6        6        7        8        9       11       13       15       19       24       31       41       57       82      125      203     352
         435     439      398      344      299      268      248      240      241      250      269      296      325      344      336      293      230      169      121       87       64       47       36       28       23       18       15       13       11        9        8        7        6        6        5        5        5        4        4        4        4        4        4        4        4        4        4        4        4        4        5        5        5        6        6        7        8        9       11       13       15       18       23       28       37       48       66       92      132      192      275     370
         315     340      313      268      230      204      191      189      199      224      271      358      513      735      819      578      315      171      100       63       42       30       22       16       13       10        8        7        6        5        4        4        3        3        3        2        2        2        2        2        2        2        2        2        2        2        2        2        2        2        2        2        3        3        3        4        4        5        5        6        8        9       12       15       19       25       35       49       72      108      165     242
         169     196      227      261      303      359      437      551      720      944     1132     1081      790      499      308      197      131       91       66       49       38       30       24       20       16       14       12       10        9        8        7        7        6        6        5        5        5        4        4        4        4        4        4        4        4        4        4        5        5        5        5        6        6        7        8        9       10       11       13       15       17       20       24       29       35       43       53       65       80       98      119     143
         155     132      116      107      104      107      115      134      167      231      364      656     1039      800      364      171       92       55       36       25       18       13       10        8        7        5        5        4        3        3        3        2        2        2        2        2        2        2        1        1        1        1        1        1        1        2        2        2        2        2        2        3        3        3        4        4        5        6        7        9       12       15       20       28       39       58       86      128      177      212      211     185
         175     166      161      161      167      183      213      268      371      575      961     1275      895      435      218      122       75       49       34       25       19       15       12        9        8        7        6        5        4        4        3        3        3        3        2        2        2        2        2        2        2        2        2        2        2        2        2        3        3        3        3        4        4        5        5        6        7        9       11       13       16       21       27       36       49       66       90      120      152      176      186     184
         248     242      232      223      220      224      238      266      313      391      517      696      840      761      513      306      184      117       78       55       40       30       23       18       15       12       10        9        8        7        6        5        5        4        4        4        4        4        3        3        3        3        3        3        3        3        4        4        4        4        4        5        5        6        7        8        9       10       12       14       17       22       27       35       45       60       81      108      144      184      220     243
         295     237      185      149      126      113      107      106      111      123      144      183      250      369      532      576      398      220      123       74       48       33       23       17       13       10        8        7        6        5        4        4        3        3        3        2        2        2        2        2        2        2        2        2        2        2        2        2        2        2        2        2        3        3        3        4        4        5        6        7        9       11       14       18       24       34       49       73      115      181      265     316
         318     202      137      102       82       71       65       63       64       69       79       96      129      192      332      616      740      406      181       91       52       33       22       16       12        9        7        6        5        4        3        3        2        2        2        2        2        1        1        1        1        1        1        1        1        1        1        1        1        1        2        2        2        2        2        3        3        4        4        5        6        8       10       14       19       27       41       66      116      219      383     441
         315     187      124       91       74       64       59       58       60       66       77       97      136      217      406      696      561      248      114       60       36       23       16       12        9        7        5        4        4        3        3        2        2        2        1        1        1        1        1        1        1        1        1        1        1        1        1        1        1        1        1        1        1        2        2        2        3        3        4        4        5        7        9       12       17       24       37       62      114      234      445     492
         296     203      133       93       71       58       51       46       45       45       48       54       64       81      113      175      301      464      399      206      102       56       34       23       16       11        9        7        5        4        4        3        3        2        2        2        2        1        1        1        1        1        1        1        1        1        1        1        1        1        1        1        1        2        2        2        2        3        3        4        5        6        7        9       12       17       25       38       62      111      202     307
         351     211      140      103       82       71       65       63       64       69       78       95      127      187      312      537      606      350      165       86       50       32       22       15       11        9        7        6        5        4        3        3        2        2        2        2        2        1        1        1        1        1        1        1        1        1        1        1        1        1        2        2        2        2        2        3        3        4        4        5        6        8       10       14       19       27       42       69      126      251      469     530
         203     312      404      413      361      303      263      242      239      254      292      366      495      664      707      502      280      154       90       56       37       26       19       14       11        9        7        6        5        4        3        3        3        2        2        2        2        2        1        1        1        1        1        1        1        1        1        1        1        1        1        2        2        2        2        2        3        3        3        4        5        6        7        8       11       14       18       25       35       52       79     126
