SWAN 1
LOCATIONS
     1
     -67.28  18.38
AFREQ
     56
     0.0300
     0.0400
     0.0500
     0.0600
     0.0700
     0.0800
     0.0900
     0.1000
     0.1100
     0.1200
     0.1300
     0.1400
     0.1500
     0.1600
     0.1700
     0.1800
     0.1900
     0.2000
     0.2100
     0.2200
     0.2300
     0.2400
     0.2500
     0.2600
     0.2700
     0.2800
     0.2900
     0.3000
     0.3100
     0.3200
     0.3300
     0.3400
     0.3500
     0.3600
     0.3700
     0.3800
     0.3900
     0.4000
     0.4100
     0.4200
     0.4300
     0.4400
     0.4500
     0.4600
     0.4700
     0.4800
     0.4900
     0.5000
     0.5100
     0.5200
     0.5300
     0.5400
     0.5500
     0.5600
     0.5700
     0.5800
NDIR
     72
     5.0000
     10.0000
     15.0000
     20.0000
     25.0000
     30.0000
     35.0000
     40.0000
     45.0000
     50.0000
     55.0000
     60.0000
     65.0000
     70.0000
     75.0000
     80.0000
     85.0000
     90.0000
     95.0000
     100.0000
     105.0000
     110.0000
     115.0000
     120.0000
     125.0000
     130.0000
     135.0000
     140.0000
     145.0000
     150.0000
     155.0000
     160.0000
     165.0000
     170.0000
     175.0000
     180.0000
     185.0000
     190.0000
     195.0000
     200.0000
     205.0000
     210.0000
     215.0000
     220.0000
     225.0000
     230.0000
     235.0000
     240.0000
     245.0000
     250.0000
     255.0000
     260.0000
     265.0000
     270.0000
     275.0000
     280.0000
     285.0000
     290.0000
     295.0000
     300.0000
     305.0000
     310.0000
     315.0000
     320.0000
     325.0000
     330.0000
     335.0000
     340.0000
     345.0000
     350.0000
     355.0000
     360.0000
QUANT
     1
VaDens
m2/Hz/degr
     -999.000000
FACTOR
     1.00000E-06
           5       5        5        5        5        5        5        5        5        5        6        6        6        6        7        7        7        7        7        8        8        7        7        7        6        6        5        5        5        4        4        4        3        3        3        3        2        2        2        2        2        2        2        2        2        2        2        2        2        2        3        3        3        3        3        4        4        4        4        5        5        5        6        6        6        6        6        6        6        6        6       5
         105     101       92       81       69       59       50       42       37       32       28       25       23       21       19       18       17       16       16       16       15       15       15       15       16       16       17       17       18       19       20       21       22       23       24       25       25       26       26       26       26       25       25       24       23       22       21       21       20       20       19       19       19       19       19       20       20       21       23       24       26       28       31       35       40       46       53       62       72       83       94     102
         822     546      359      246      177      134      105       84       70       60       52       46       41       38       35       33       31       30       29       29       29       29       29       30       31       33       34       37       39       42       46       50       55       60       66       72       77       81       84       85       85       83       80       76       72       68       64       61       58       56       54       53       52       52       52       54       56       59       63       69       76       86      100      119      147      187      249      349      511      759     1026    1066
        2409    1156      674      442      313      235      183      148      124      105       92       81       73       67       62       58       55       53       52       51       51       51       51       53       55       57       60       64       69       74       82       90      100      112      126      142      160      178      197      213      225      231      232      227      218      206      194      183      172      164      157      151      148      147      147      150      156      164      176      194      217      251      299      370      482      670     1022     1806     4153    15616    27986    7331
       21085    8951     4775     2911     1936     1371     1017      783      621      506      421      357      308      269      239      215      196      180      168      157      149      143      138      135      132      131      131      132      134      138      143      149      156      166      178      192      210      231      257      289      329      378      439      515      611      732      882     1068     1292     1552     1834     2115     2363     2553     2671     2726     2742     2745     2761     2812     2918     3105     3408     3887     4650     5921     8212    12937    25218    72871   189464   75375
       30359   16375    10078     6762     4823     3602     2789     2224     1817     1516     1289     1113      975      866      778      707      649      602      564      532      507      487      471      460      452      447      446      447      452      460      471      486      505      527      554      586      624      668      720      779      848      926     1017     1120     1236     1368     1514     1677     1855     2050     2260     2485     2727     2988     3271     3586     3944     4363     4871     5507     6334     7453     9036    11399    15178    21823    35249    69102   190281   484715   235415   70396
       19047   10388     6410     4294     3050     2266     1744     1382     1123      931      787      675      589      520      465      421      385      355      332      312      296      284      274      267      262      259      258      260      263      268      275      285      297      312      331      353      380      412      450      495      550      615      694      787      900     1034     1194     1383     1605     1860     2148     2466     2807     3165     3533     3908     4295     4708     5172     5727     6436     7393     8759    10831    14211    20317    33193    68420   216532   457938   143909   43024
        7605    3967     2373     1551     1079      787      597      466      374      306      256      218      188      165      146      131      119      110      102       95       90       86       82       80       78       77       77       77       78       79       81       84       88       93       99      106      114      125      138      154      173      198      228      266      315      378      459      566      707      893     1138     1453     1843     2295     2768     3199     3534     3756     3897     4012     4168     4428     4874     5634     6958     9436    14771    29934   113534   461455    82047   18637
       24598   13278     7234     4157     2535     1633     1102      774      563      421      324      255      205      167      139      117      100       87       76       68       61       55       51       47       44       41       39       37       36       35       34       34       33       33       34       34       35       36       38       40       42       45       49       53       58       64       72       82       94      109      128      153      185      228      286      367      481      648      899     1289     1918     2969     4783     7960    13351    21481    31246    40254    47592    53102    52590   40796
       33990   20691    12354     7552     4786     3150     2148     1514     1098      818      624      487      387      313      258      215      182      156      136      119      106       95       86       79       72       67       63       60       57       55       53       52       51       50       50       51       51       52       54       56       58       61       65       69       75       81       89       99      110      125      143      165      193      229      275      336      416      526      676      889     1194     1645     2326     3381     5059     7787    12288    19680    31179    45828    55368   49440
       11634    9159     6602     4513     3035     2058     1425     1012      738      552      422      330      264      214      177      148      126      109       95       84       75       67       61       56       52       49       46       44       42       41       40       39       39       38       39       39       40       41       42       44       47       50       53       57       63       69       77       86       98      112      131      154      185      225      278      350      449      590      793     1095     1551     2253     3335     4953     7181     9781    12132    13673    14377    14534    14270   13391
       13108    8718     5412     3381     2186     1471     1028      743      553      423      331      264      215      178      150      128      110       96       85       76       69       63       58       53       50       47       45       43       42       41       40       39       39       39       40       41       42       43       45       47       50       53       57       62       68       75       84       95      108      124      144      169      201      243      296      367      460      584      750      975     1277     1679     2208     2891     3758     4847     6228     8023    10391    13348    16088   16379
        8696    8415     6165     3795     2258     1388      896      607      429      314      237      184      146      119       98       82       70       61       53       47       42       38       35       32       30       28       27       26       25       24       24       23       23       23       24       24       25       26       27       28       30       32       35       38       42       47       53       61       70       82       97      116      141      175      221      284      371      493      666      906     1231     1639     2099     2544     2910     3187     3426     3710     4132     4806     5861    7338
        2382    2069     1858     1706     1582     1464     1334     1185     1021      853      696      559      446      355      284      230      187      155      129      109       94       81       71       63       56       51       46       42       39       37       35       33       32       31       30       30       29       29       30       30       31       32       33       35       37       39       42       46       50       56       63       72       83       97      115      138      170      214      276      366      501      714     1065     1672     2752     4561     6744     7553     6386     4796     3621    2864
        2025    1480     1143      923      771      663      583      520      471      429      393      361      331      304      277      252      227      205      184      165      147      132      118      107       96       87       79       73       67       62       58       54       51       49       47       45       44       43       42       42       42       42       43       44       45       47       49       52       55       59       64       70       78       87       99      114      134      159      192      238      302      394      534      755     1126     1786     3011     5081     7050     6534     4513    2951
         856     751      666      597      538      488      443      401      362      325      290      257      227      199      174      152      133      116      102       90       80       71       64       58       53       48       44       41       39       36       35       33       32       31       30       30       29       29       29       30       30       31       32       34       35       38       40       43       47       52       58       65       73       84       98      115      138      167      206      258      330      428      561      738      957     1190     1380     1461     1417     1288     1132     983
        1139    1055      992      941      896      850      798      734      661      579      497      418      347      287      237      196      163      137      116       99       86       75       66       59       53       48       44       41       38       35       34       32       31       30       29       29       29       29       29       29       30       31       32       34       36       39       42       45       50       55       62       71       81       95      112      135      164      204      258      333      438      585      788     1055     1365     1655     1827     1836     1719     1552     1387    1248
        4899    4679     4252     3727     3164     2599     2068     1602     1218      918      691      524      401      311      245      195      158      130      108       91       78       67       59       52       46       42       38       35       32       30       28       27       26       25       24       23       23       23       23       23       23       24       25       26       27       28       30       32       35       38       42       47       53       60       69       80       95      113      138      170      213      272      354      472      641      890     1256     1784     2504     3373     4211    4765
        1680    1498     1350     1224     1109      994      875      753      632      519      420      337      269      216      174      142      117       97       82       69       60       52       46       40       36       33       30       27       26       24       23       22       21       20       19       19       19       19       19       19       20       20       21       22       23       25       26       29       31       34       38       43       49       57       67       79       95      116      145      184      239      317      431      598      842     1183     1609     2028     2283     2293     2124    1896
        1088    1401     1828     2311     2595     2385     1814     1250      845      583      416      306      232      181      145      118       98       83       71       62       54       48       44       40       37       34       32       30       29       28       27       26       26       25       25       25       26       26       27       28       29       30       32       34       36       39       42       46       51       56       63       70       79       89      101      114      130      147      167      188      212      237      265      294      327      363      406      457      521      604      715     869
         849     950     1084     1259     1484     1744     1972     2035     1837     1457     1066      756      538      390      290      220      172      137      111       92       77       66       57       50       44       39       36       33       30       28       26       25       24       23       22       22       22       22       22       22       22       23       24       25       26       27       29       32       34       37       41       46       52       59       67       78       90      106      125      149      178      213      255      303      356      413      471      529      586      643      702     769
        3895    5042     5453     4780     3600     2534     1760     1234      881      642      477      361      278      218      173      140      114       95       80       68       58       50       44       39       35       32       29       26       24       23       21       20       19       19       18       17       17       17       17       17       17       17       18       18       19       20       21       22       24       26       28       31       34       38       43       49       57       66       78       93      112      137      170      215      275      360      479      652      907     1291     1874    2738
        4676    3456     2626     2150     1888     1746     1659     1567     1413     1183      913      664      470      331      236      172      128       97       76       60       48       40       33       28       24       21       18       16       15       13       12       11       11       10       10        9        9        9        8        8        8        8        9        9        9        9       10       11       11       12       13       15       16       18       21       24       28       33       40       49       62       79      104      140      197      289      446      735     1302     2431     4250    5414
        2855    3106     2996     2654     2241     1845     1498     1203      956      754      592      463      363      286      226      181      146      119       98       82       69       59       51       44       39       35       31       28       26       24       22       21       19       18       18       17       17       16       16       16       16       16       16       17       17       18       19       20       21       23       25       27       29       33       37       42       48       56       66       78       95      117      146      186      241      320      435      603      852     1216     1718    2318
         726     762      767      754      732      706      676      637      587      524      449      372      299      236      184      144      113       90       72       59       48       40       34       29       25       22       19       17       15       14       13       12       11       10       10       10        9        9        9        9        9        9        9        9        9        9       10       10       11       12       13       14       15       17       19       22       25       29       34       40       48       59       73       92      118      153      200      264      347      448      556     655
         519     464      421      391      372      361      357      354      350      338      314      279      236      192      152      120       94       74       59       47       39       32       27       23       20       17       15       13       12       11       10        9        9        8        8        7        7        7        7        7        7        7        7        7        8        8        8        9        9       10       11       12       14       16       18       21       24       29       35       43       54       69       91      122      167      232      322      436      548      619      624     580
         196     189      186      188      196      210      232      264      307      358      406      425      392      318      238      171      123       90       67       52       41       33       27       22       19       16       14       12       11       10        9        8        8        7        7        7        7        6        6        6        6        6        6        7        7        7        8        8        9       10       11       12       14       15       18       21       25       30       36       45       57       73       93      120      151      185      215      234      239      232      220     207
         373     390      398      401      400      396      387      371      348      316      278      237      196      159      128      103       83       67       55       45       38       32       27       23       20       18       16       14       13       12       11       10       10        9        9        8        8        8        8        8        8        8        8        8        8        8        9        9       10       11       11       12       14       15       17       19       22       26       30       35       42       51       62       77       96      120      150      186      227      270      312     347
         290     340      415      533      723     1005     1283     1244      870      521      311      195      129       90       65       49       38       30       24       20       17       14       12       11       10        9        8        7        7        6        6        5        5        5        5        5        5        5        5        5        5        5        5        6        6        6        7        8        8        9       10       12       13       15       18       21       25       29       36       43       53       64       78       95      113      133      152      171      190      208      229     255
         428     437      445      459      483      522      574      631      664      636      536      404      286      198      138       99       72       54       42       33       26       22       18       15       13       11       10        9        8        7        6        6        6        5        5        5        5        4        4        4        4        4        4        5        5        5        5        6        6        6        7        8        9       10       11       13       15       17       21       25       31       39       50       64       85      112      150      199      258      319      372     408
         336     335      334      342      359      387      421      445      432      368      276      193      131       90       63       45       33       25       20       16       13       10        9        7        6        5        5        4        4        3        3        3        3        2        2        2        2        2        2        2        2        2        2        2        2        2        3        3        3        3        4        4        5        5        6        7        8       10       12       15       19       24       31       41       55       76      106      148      200      256      302     328
         429     439      410      364      319      281      251      229      212      198      187      176      164      150      135      119      102       86       72       59       49       40       34       28       24       20       17       15       13       12       11       10        9        8        7        7        7        6        6        6        6        6        5        5        5        6        6        6        6        6        7        7        8        9       10       11       12       14       16       18       22       26       32       40       50       65       86      116      159      219      295     374
         768     527      358      262      208      176      158      148      144      145      147      150      148      140      125      104       82       63       48       36       28       22       17       14       11        9        8        7        6        5        4        4        4        3        3        3        3        2        2        2        2        2        2        2        2        2        2        2        3        3        3        3        4        4        4        5        6        7        8       10       12       15       19       24       33       46       69      108      181      329      599     854
         200     199      186      169      156      148      146      151      162      183      214      252      282      275      224      158      105       70       48       34       24       18       14       11        9        7        6        5        4        4        3        3        3        2        2        2        2        2        2        2        2        2        1        1        2        2        2        2        2        2        2        2        2        3        3        3        4        5        5        6        8       10       12       15       20       27       37       51       73      103      141     178
         340     362      333      289      253      230      219      221      235      263      304      350      373      337      253      170      110       73       49       35       25       19       15       12        9        8        6        5        5        4        3        3        3        2        2        2        2        2        2        2        2        2        2        2        2        2        2        2        2        2        2        2        3        3        3        4        4        5        5        7        8       10       12       15       20       27       37       53       79      120      183     266
         115     160      216      269      303      310      298      279      260      245      232      219      204      184      159      131      103       80       61       46       35       27       21       17       14       11        9        8        7        6        5        4        4        3        3        3        3        2        2        2        2        2        2        2        2        2        2        2        2        2        2        2        2        3        3        3        4        4        4        5        6        7        8       10       12       15       19       24       32       43       58      82
         150     168      174      170      161      150      141      133      128      124      122      120      118      113      106       96       84       70       58       47       38       30       24       20       16       14       11       10        8        7        6        6        5        5        4        4        4        3        3        3        3        3        3        3        3        3        3        3        3        3        3        4        4        4        5        5        6        6        7        8       10       12       14       17       21       27       34       44       58       76       99     125
         130     101       81       68       61       57       57       59       65       77       97      132      194      280      308      217      121       68       41       26       18       13        9        7        6        4        4        3        2        2        2        2        1        1        1        1        1        1        1        1        1        1        1        1        1        1        1        1        1        1        1        1        1        2        2        2        3        3        4        5        6        7       10       13       18       27       40       64      101      150      179     164
         281     244      187      145      119      104       98       98      104      119      146      194      267      337      310      202      115       66       41       27       18       13       10        7        6        5        4        3        3        2        2        2        1        1        1        1        1        1        1        1        1        1        1        1        1        1        1        1        1        1        1        1        1        1        2        2        2        2        3        4        4        6        7        9       12       17       24       36       57       95      160     243
         186     173      156      141      132      128      130      138      154      180      218      264      296      276      209      139       90       59       40       28       21       16       12       10        8        6        5        4        4        3        3        3        2        2        2        2        2        2        2        1        1        1        1        1        1        1        2        2        2        2        2        2        2        3        3        4        4        5        6        7        9       11       13       17       23       32       44       63       89      124      160     184
          90      93       91       87       83       79       76       74       74       76       79       83       88       93       95       92       85       73       59       47       36       28       22       18       14       11        9        8        7        6        5        4        4        3        3        3        3        2        2        2        2        2        2        2        2        2        2        2        2        2        2        3        3        3        3        4        4        5        6        7        8        9       11       14       17       22       28       36       46       58       71      83
          88      73       60       50       43       39       36       35       35       36       38       41       45       50       54       56       53       46       37       28       21       16       12        9        7        6        5        4        3        3        2        2        2        2        1        1        1        1        1        1        1        1        1        1        1        1        1        1        1        1        1        1        1        2        2        2        2        3        3        4        5        6        8       10       14       19       26       38       55       76       94      98
          57      45       38       33       30       29       28       29       32       36       42       53       69       94      122      131      105       68       42       27       18       13        9        7        5        4        3        3        2        2        2        1        1        1        1        1        1        1        1        1        1        1        1        1        1        1        1        1        1        1        1        1        1        1        2        2        2        3        3        4        6        7       10       13       19       28       43       64       88      100       90      72
          90     112      122      118      108       96       87       81       78       78       80       84       88       91       89       80       67       52       38       28       21       15       12        9        7        6        5        4        3        3        2        2        2        1        1        1        1        1        1        1        1        1        1        1        1        1        1        1        1        1        1        1        1        1        1        2        2        2        2        3        3        4        5        6        7       10       13       17       23       33       47      67
          63      57       47       38       32       28       26       25       25       27       30       36       48       70      118      223      301      180       79       38       21       13        9        6        4        3        2        2        2        1        1        1        1        1        0        0        0        0        0        0        0        0        0        0        0        0        0        0        0        0        0        0        0        0        0        1        1        1        1        1        2        2        3        4        5        6        9       13       20       30       45      59
          30      24       21       18       17       17       17       18       20       23       30       41       66      125      261      282      125       52       26       15        9        6        4        3        2        2        1        1        1        1        1        0        0        0        0        0        0        0        0        0        0        0        0        0        0        0        0        0        0        0        0        0        0        1        1        1        1        1        2        2        3        3        5        6        9       13       20       29       40       46       44      37
         158     142      105       77       60       50       44       41       41       42       46       52       61       71       76       71       56       39       27       18       13        9        7        5        4        3        2        2        1        1        1        1        1        1        1        0        0        0        0        0        0        0        0        0        0        0        0        0        0        0        0        0        0        1        1        1        1        1        1        2        2        3        3        4        6        8       12       17       27       44       76     124
          56      57       46       34       25       20       16       14       13       12       11       12       12       14       16       19       23       30       39       46       45       35       23       15       10        7        5        4        3        2        2        1        1        1        1        1        0        0        0        0        0        0        0        0        0        0        0        0        0        0        0        0        0        0        0        0        0        1        1        1        1        1        2        2        3        4        5        7       11       16       26      41
          28      31       32       33       33       33       33       34       36       38       43       49       59       73       91      108      111       93       67       45       30       21       15       11        8        6        5        4        3        3        2        2        2        1        1        1        1        1        1        1        1        1        1        1        1        1        1        1        1        1        1        1        1        1        1        1        1        2        2        2        3        3        4        4        5        7        8       11       13       17       20      24
          18      18       18       18       18       20       22       25       29       37       49       72      114      188      244      185      100       54       32       21       14       10        8        6        5        4        3        3        2        2        2        1        1        1        1        1        1        1        1        1        1        1        1        1        1        1        1        1        1        1        1        2        2        2        3        3        4        4        5        7        8       10       12       15       18       20       22       23       22       21       20      19
          27      29       29       30       31       31       32       34       36       39       42       46       49       51       49       45       37       30       23       18       14       10        8        7        5        4        4        3        3        2        2        2        1        1        1        1        1        1        1        1        1        1        1        1        1        1        1        1        1        1        1        1        1        1        2        2        2        2        3        3        4        4        5        6        8        9       12       14       17       20       23      25
          19      18       17       16       16       16       16       17       18       20       23       29       37       50       68       88       91       69       45       28       18       12        8        6        5        4        3        2        2        1        1        1        1        1        1        1        1        0        0        0        0        0        0        0        0        0        0        0        0        0        1        1        1        1        1        1        1        2        2        2        3        3        4        5        7        9       11       13       16       18       19      19
          20      20       18       17       15       14       14       14       14       16       17       21       26       35       49       71       86       73       45       26       16       10        7        5        3        2        2        1        1        1        1        1        0        0        0        0        0        0        0        0        0        0        0        0        0        0        0        0        0        0        0        0        0        0        0        0        0        1        1        1        1        2        2        3        3        4        6        8       11       14       17      19
          23      20       18       16       15       15       15       16       17       19       23       29       40       59       93      131      122       75       41       23       14       10        7        5        4        3        2        2        1        1        1        1        1        1        0        0        0        0        0        0        0        0        0        0        0        0        0        0        0        0        0        0        1        1        1        1        1        1        2        2        3        4        5        6        9       12       16       21       26       28       28      26
          18      21       25       27       29       30       30       31       31       32       34       37       41       47       54       61       65       63       53       41       29       21       15       11        8        6        5        4        3        2        2        2        1        1        1        1        1        1        1        1        0        0        0        0        0        0        0        0        0        0        0        0        0        1        1        1        1        1        1        1        1        2        2        2        3        4        5        6        7        9       12      15
          19      19       17       15       14       13       12       12       12       13       14       16       20       27       39       61       96      109       73       38       21       12        8        5        4        3        2        1        1        1        1        1        0        0        0        0        0        0        0        0        0        0        0        0        0        0        0        0        0        0        0        0        0        0        0        0        0        0        1        1        1        1        2        2        3        4        5        7        9       12       16      18
