SWAN 1
LOCATIONS
     1
     -67.28  18.38
AFREQ
     56
     0.0300
     0.0400
     0.0500
     0.0600
     0.0700
     0.0800
     0.0900
     0.1000
     0.1100
     0.1200
     0.1300
     0.1400
     0.1500
     0.1600
     0.1700
     0.1800
     0.1900
     0.2000
     0.2100
     0.2200
     0.2300
     0.2400
     0.2500
     0.2600
     0.2700
     0.2800
     0.2900
     0.3000
     0.3100
     0.3200
     0.3300
     0.3400
     0.3500
     0.3600
     0.3700
     0.3800
     0.3900
     0.4000
     0.4100
     0.4200
     0.4300
     0.4400
     0.4500
     0.4600
     0.4700
     0.4800
     0.4900
     0.5000
     0.5100
     0.5200
     0.5300
     0.5400
     0.5500
     0.5600
     0.5700
     0.5800
NDIR
     72
     5.0000
     10.0000
     15.0000
     20.0000
     25.0000
     30.0000
     35.0000
     40.0000
     45.0000
     50.0000
     55.0000
     60.0000
     65.0000
     70.0000
     75.0000
     80.0000
     85.0000
     90.0000
     95.0000
     100.0000
     105.0000
     110.0000
     115.0000
     120.0000
     125.0000
     130.0000
     135.0000
     140.0000
     145.0000
     150.0000
     155.0000
     160.0000
     165.0000
     170.0000
     175.0000
     180.0000
     185.0000
     190.0000
     195.0000
     200.0000
     205.0000
     210.0000
     215.0000
     220.0000
     225.0000
     230.0000
     235.0000
     240.0000
     245.0000
     250.0000
     255.0000
     260.0000
     265.0000
     270.0000
     275.0000
     280.0000
     285.0000
     290.0000
     295.0000
     300.0000
     305.0000
     310.0000
     315.0000
     320.0000
     325.0000
     330.0000
     335.0000
     340.0000
     345.0000
     350.0000
     355.0000
     360.0000
QUANT
     1
VaDens
m2/Hz/degr
     -999.000000
FACTOR
     1.00000E-06
          43      37       26       17       12        8        6        4        3        3        2        2        2        1        1        1        1        1        1        1        1        1        1        1        1        1        1        1        1        1        1        1        1        1        1        1        2        2        2        2        2        3        3        3        3        3        3        3        3        3        2        2        2        2        2        2        2        2        2        3        3        3        4        4        5        6        7       10       13       19       27      37
         176     108       73       54       42       34       28       25       22       20       18       17       17       16       16       16       16       16       17       17       18       18       19       19       20       20       20       19       18       17       16       14       13       12       11       10        9        8        8        7        7        6        6        6        6        6        5        5        6        6        6        6        7        7        8        8        9       11       12       14       17       21       27       37       51       77      127      236      497      845      658     329
         312     178      115       81       60       47       38       32       27       24       21       20       18       17       16       16       15       15       15       15       16       16       17       18       20       21       23       25       28       31       34       37       40       42       44       44       44       42       39       36       33       31       28       26       24       22       21       20       19       19       19       19       19       19       20       21       23       25       28       31       37       44       54       69       93      135      214      389      837     1665     1419     643
        1259     810      560      411      315      251      206      173      149      131      117      106       98       91       86       82       79       77       76       76       76       77       79       81       84       88       93       98      105      113      121      130      140      151      161      170      179      185      189      191      190      187      183      177      172      166      162      157      154      152      152      153      155      160      166      176      189      206      229      260      302      362      449      580      789     1147     1809     3078     5010     5582     3769    2129
       82702   46681    15488     6792     3673     2261     1517     1084      811      630      505      414      348      298      259      229      205      186      171      159      150      142      136      132      129      127      126      127      128      131      135      141      148      157      168      182      199      219      245      277      317      368      431      512      616      749      917     1126     1374     1648     1917     2133     2258     2278     2214     2104     1981     1871     1785     1731     1712     1733     1800     1925     2129     2447     2949     3774     5231     8140    15181   37477
       61410   41603    27017    17743    12015     8422     6100     4550     3485     2732     2186     1782     1478     1244     1062      919      805      712      638      576      526      485      450      422      399      380      365      353      344      337      333      332      333      337      343      351      363      377      395      417      444      476      515      561      616      683      764      862      982     1130     1312     1539     1823     2181     2633     3207     3936     4862     6034     7507     9341    11606    14384    17793    22027    27414    34488    44012    56674    71537    82464   79088
      113117   52381    26046    14342     8607     5528     3748     2655     1950     1477     1148      913      742      613      515      440      380      333      295      265      240      219      203      189      178      169      161      156      151      148      147      146      146      148      151      155      160      167      176      187      200      216      235      259      288      324      369      425      496      587      706      864     1076     1369     1782     2381     3277     4663     6885    10581    16887    27604    44412    65511    83257    92560    98010   107722   129828   173779   229590  208293
       41862   47004    48154    41415    29835    19491    12496     8188     5557     3913     2850     2140     1651     1305     1053      866      725      616      531      464      411      367      332      304      281      261      246      233      223      215      210      205      203      202      203      206      210      216      224      235      248      263      283      307      336      372      416      471      540      626      738      883     1075     1333     1689     2190     2916     3997     5659     8279    12466    18986    28033    37416    42619    41982    38410    34933    32818    32377    33713   36929
       55739   32549    19198    11808     7605     5111     3567     2573     1910     1454     1132      900      728      600      501      425      365      317      279      248      223      202      185      171      159      149      141      135      130      126      123      121      120      120      120      122      125      128      133      139      146      155      165      178      194      213      235      263      297      339      392      457      541      649      788      973     1220     1555     2019     2670     3600     4947     6927     9869    14274    20906    30926    46023    67863    93657   105965   87253
       50133   20780     9746     5263     3154     2040     1398     1002      745      572      450      362      298      249      211      182      159      141      126      114      104       96       89       84       79       76       73       71       70       69       68       69       69       71       73       75       78       82       87       94      101      110      121      135      151      172      197      230      271      324      393      485      608      776     1009     1335     1792     2432     3305     4435     5772     7175     8474     9608    10702    12048    14108    17704    24653    39625    71210   90401
       42373   17611     8023     4223     2482     1581     1071      761      562      429      336      269      220      184      156      134      117      103       92       83       76       70       65       61       58       56       54       52       51       51       51       51       51       53       54       56       59       62       66       71       77       85       94      105      119      137      160      189      226      277      345      441      577      779     1088     1584     2421     3911     6674    11668    18787    23532    22169    18393    15527    14143    14172    15819    20054    29694    50523   68548
       85565   38544    13752     6046     3152     1845     1172      792      561      413      314      246      196      160      133      113       97       84       74       66       59       54       50       46       43       41       39       38       37       36       35       35       35       35       36       37       38       40       42       45       48       52       57       63       70       79       90      104      122      145      176      218      274      354      470      644      917     1365     2146     3595     6441    11951    20115    24915    22544    18466    15976    15393    16879    21647    34072   65877
       37973   12129     5143     2628     1516      952      636      447      326      246      191      152      123      102       85       73       63       55       49       44       40       36       34       31       30       28       27       26       25       25       25       25       25       25       26       26       27       29       30       32       35       38       41       46       51       58       66       77       91      109      132      164      208      270      361      498      714     1073     1708     2918     5415    10808    20785    29437    27806    22720    20001    20437    25219    40154    86118  109446
       30004   13972     7243     4167     2600     1726     1204      874      656      506      400      323      266      222      189      163      142      125      112      101       92       85       79       74       70       67       64       62       61       60       59       59       60       61       62       64       66       70       73       78       84       91      100      110      122      138      157      181      211      249      299      363      447      561      715      927     1221     1633     2208     3001     4058     5401     7001     8806    10828    13266    16646    22109    32143    51290    74072   61042
       16733    9619     5879     3809     2591     1835     1344     1013      783      618      497      407      339      286      245      212      185      164      147      133      121      111      103       96       91       86       83       80       77       76       75       74       74       75       76       77       79       82       86       90       96      102      110      119      130      143      159      179      203      232      268      313      369      440      531      648      800     1001     1267     1623     2106     2768     3689     4998     6918     9851    14579    22554    35489    49161    46571   29862
       11242    7382     5014     3522     2547     1888     1430     1104      867      691      559      459      381      320      272      234      203      179      158      141      127      116      106       98       91       86       81       77       74       72       70       68       67       67       67       67       68       70       72       74       77       81       86       91       98      106      116      127      142      159      179      205      237      276      327      391      474      584      730      930     1207     1602     2180     3055     4426     6663    10419    16583    24778    29511    25297   17384
        8681    6615     4820     3444     2459     1775     1304      976      746      581      461      372      305      254      215      184      159      140      124      111      100       91       84       78       73       69       66       64       61       60       59       58       58       59       59       60       62       64       67       71       75       80       86       94      103      115      128      145      166      192      226      268      322      394      489      617      792     1034     1374     1855     2533     3473     4728     6287     8029     9729    11156    12177    12735    12745    12068   10643
        6509    5586     4756     3982     3262     2615     2060     1606     1248      972      763      604      485      393      323      269      227      194      167      146      129      114      103       94       86       79       74       70       66       63       61       59       58       57       56       56       57       58       59       61       63       66       70       75       80       87       95      105      117      132      151      175      204      243      293      360      450      575      751     1007     1389     1976     2897     4349     6545     9412    12040    13033    12196    10557     8940    7598
        6161    3408     2034     1309      896      644      481      371      294      239      197      166      142      123      108       96       87       79       72       67       62       59       56       54       52       50       49       49       48       48       49       50       51       52       54       56       59       63       67       72       77       84       92      101      112      125      140      157      178      202      230      263      300      343      392      447      510      580      662      757      871     1012     1195     1442     1793     2323     3177     4661     7374    11801    14689   11045
       11724    5880     3022     1737     1097      744      533      399      308      245      200      166      141      121      106       94       84       76       70       64       60       57       54       52       50       48       48       47       47       47       47       48       50       51       53       56       59       62       67       72       78       85       93      102      114      127      142      159      179      201      226      254      284      317      352      389      428      469      515      567      628      702      797      923     1097     1352     1747     2401     3592     5986    10809   15660
        9717    6190     2858     1429      810      506      340      242      179      138      109       88       73       62       53       46       41       36       33       30       28       26       25       24       23       22       22       21       21       21       22       22       23       24       25       27       29       31       34       38       42       48       55       64       76       92      113      141      181      237      320      442      622      875     1188     1476     1609     1547     1377     1198     1054      954      897      877      897      962     1089     1314     1716     2482     4085    7330
       14458    9111     4224     2120     1203      751      503      356      263      201      158      128      105       88       75       65       57       51       46       42       38       36       34       32       30       29       28       28       27       27       27       28       28       29       30       32       33       35       38       41       45       50       55       62       71       81       94      111      132      158      192      234      288      355      434      526      624      721      808      881      940      991     1044     1111     1207     1352     1578     1945     2579     3770     6235   11133
        5162    2722     1518      927      610      427      312      237      185      148      122      101       86       74       65       57       51       46       42       38       36       33       31       30       29       28       27       26       26       26       25       26       26       26       27       28       29       30       31       33       35       37       40       43       47       51       56       62       68       76       85       95      106      119      135      153      173      198      226      261      303      357      426      518      647      836     1133     1633     2553     4345     7207    8061
        2622    1120      589      355      235      166      123       95       75       61       51       43       38       33       29       26       24       22       21       20       19       18       17       17       17       17       17       17       18       18       19       20       21       22       24       26       29       32       35       39       45       51       59       68       78       91      105      120      135      149      162      172      179      184      187      188      190      193      199      207      220      239      268      309      373      473      645      971     1696     3695     8386    7037
        6454    3512     1907     1132      730      502      363      274      213      170      139      116       98       85       74       65       58       53       48       45       41       39       37       35       34       33       32       31       31       31       31       31       31       32       33       34       35       37       39       41       44       47       50       54       59       64       70       77       84       93      103      114      126      140      156      174      194      217      244      276      315      363      425      507      620      784     1034     1446     2179     3591     6167    8371
        5154    3285     2108     1424     1013      750      574      450      360      293      241      201      169      143      123      106       92       81       71       63       56       51       46       42       39       36       33       31       29       28       27       25       25       24       23       23       23       23       23       23       24       24       25       26       27       28       30       32       34       37       41       45       50       56       63       72       83       97      116      139      170      212      270      352      474      660      962     1478     2408     4054     6226    6868
        1724    1666     1551     1382     1176      960      761      592      458      355      277      218      174      141      116       96       81       69       59       52       46       41       36       33       30       28       26       24       23       22       21       21       20       20       20       20       20       20       20       21       22       23       24       25       27       29       32       35       39       43       49       56       65       75       89      106      129      158      195      245      310      396      506      645      811      998     1191     1369     1518     1628     1700    1733
        3141    3037     2549     1936     1404     1010      734      544      412      319      251      202      165      137      115       98       84       73       65       58       52       47       43       40       37       35       33       31       30       29       28       27       27       27       27       27       27       28       28       29       30       32       33       35       38       41       44       48       53       58       65       73       82       94      108      124      144      169      199      235      281      336      406      492      601      740      920     1154     1461     1860     2344    2838
         638    1036     1794     2643     2284     1298      706      419      271      188      137      105       83       67       56       48       41       36       32       29       27       25       23       22       21       20       20       20       19       19       20       20       20       21       22       23       24       26       28       30       33       36       39       43       47       52       57       62       67       72       76       80       83       85       86       87       88       89       90       91       94       97      101      107      116      127      143      165      196      242      313     430
        2039    2479     2408     1920     1397     1005      741      563      441      356      293      246      210      182      159      141      126      113      102       93       85       78       72       67       62       58       54       51       48       46       43       41       40       38       37       36       35       34       33       33       33       32       32       33       33       33       34       35       36       38       40       42       44       47       51       55       61       67       75       84       96      111      130      155      187      231      292      380      509      705     1007    1460
         934    1232     1522     1639     1481     1166      858      624      460      347      268      212      171      141      118      100       86       75       66       59       53       48       44       40       37       35       33       31       29       28       27       26       26       25       25       24       24       24       24       25       25       25       26       27       28       29       30       32       33       35       37       40       43       46       50       54       60       66       72       81       90      102      116      134      155      183      218      264      326      411      531     699
        1484    1185      941      764      638      547      479      425      380      341      304      269      235      203      174      147      124      105       88       75       63       54       47       40       35       31       28       25       23       21       19       18       16       15       15       14       14       13       13       13       13       13       13       13       13       14       14       15       16       17       19       20       22       25       28       32       37       43       51       62       76       95      122      161      217      304      440      654      979     1392     1716    1731
        1364    1324     1167      989      832      706      605      521      449      384      326      273      226      185      151      123      100       82       68       56       47       40       34       29       25       22       20       18       16       15       13       12       12       11       10       10       10        9        9        9        9        9        9        9        9       10       10       11       11       12       13       14       15       17       19       22       25       29       34       40       49       60       75       96      126      168      231      326      470      679      950    1220
         661     889     1193     1528     1731     1626     1285      923      646      457      331      246      187      146      116       94       77       65       55       47       41       36       32       28       25       23       21       20       18       17       16       15       15       14       14       14       13       13       13       13       13       14       14       14       15       15       16       17       18       19       21       22       24       27       29       33       36       41       46       53       61       70       82       96      113      135      162      197      243      304      386     500
         678     851     1075     1314     1442     1328     1032      728      501      349      249      184      139      108       86       70       58       49       42       36       32       28       25       23       21       20       18       17       16       16       15       15       14       14       14       14       14       15       15       16       16       17       18       19       20       22       24       26       29       32       36       41       46       52       60       69       79       91      105      121      138      156      176      198      220      245      274      306      346      397      463     553
         719     630      545      475      421      378      345      319      296      274      253      230      207      182      158      136      115       97       82       69       58       49       42       36       32       28       25       22       20       18       16       15       14       13       13       12       12       11       11       11       11       11       11       11       11       12       12       13       14       15       16       17       19       21       23       27       31       36       42       51       62       77       98      126      167      225      308      422      561      699      784     785
         836     726      644      592      567      562      572      588      594      570      504      409      310      226      164      120       89       67       52       41       33       27       22       19       16       14       12       11       10        9        8        7        7        6        6        6        6        5        5        5        5        5        5        6        6        6        6        7        7        8        9       10       11       12       14       16       19       22       27       33       42       54       71       97      135      195      290      437      643      858      974     944
         315     228      179      150      134      127      126      132      145      168      209      278      396      568      672      539      325      186      112       72       49       35       26       20       16       13       10        9        7        6        6        5        5        4        4        4        3        3        3        3        3        3        3        3        3        3        3        3        3        4        4        4        5        6        6        7        9       10       12       15       19       25       33       47       68      106      178      322      583      814      707     471
         230     204      184      170      162      159      160      165      173      186      199      211      216      207      186      155      124       96       74       57       45       36       29       24       20       17       14       12       11       10        9        8        7        7        6        6        6        5        5        5        5        5        5        5        5        6        6        6        7        7        8        8        9       11       12       14       16       19       23       28       35       45       58       77      105      142      191      245      288      304      290     261
         261     228      202      185      174      168      168      173      182      194      207      217      218      205      179      145      113       87       66       51       40       31       25       21       17       15       12       11        9        8        8        7        6        6        5        5        5        5        5        4        4        4        4        4        5        5        5        5        6        6        7        7        8        9       10       12       13       16       19       23       29       37       48       64       87      121      169      229      290      328      328     299
         186     181      178      180      186      198      216      242      273      305      326      318      277      218      162      118       86       64       48       38       30       24       20       16       14       12       10        9        8        7        7        6        6        5        5        5        5        5        5        4        4        5        5        5        5        5        5        6        6        7        7        8        9       10       12       14       16       20       24       29       36       45       57       74       94      119      146      171      189      198      198     192
         181     186      190      193      197      202      207      211      211      205      191      170      145      119       95       76       60       48       39       31       26       21       18       15       13       12       10        9        8        7        7        6        6        6        5        5        5        5        5        5        5        5        5        5        5        5        5        6        6        7        7        8        9       10       11       12       14       17       20       23       28       34       41       50       62       76       93      112      131      149      163     174
         281     253      228      208      194      186      183      184      188      192      192      186      170      147      120       94       73       56       43       34       27       21       17       14       12       10        9        8        7        6        5        5        5        4        4        4        4        3        3        3        3        3        3        3        3        4        4        4        4        4        5        5        6        7        7        8       10       11       14       17       20       26       33       43       57       78      108      150      202      256      292     299
         294     289      247      199      159      129      107       92       80       72       64       59       53       49       44       40       35       31       27       24       21       18       15       13       12       10        9        8        7        6        6        5        5        4        4        4        3        3        3        3        3        3        3        3        3        3        3        3        3        3        4        4        4        4        5        5        6        7        8        9       11       13       16       20       26       34       46       63       89      129      186     250
          85      74       65       57       50       46       42       39       38       37       36       37       38       39       41       43       45       47       48       48       46       42       38       33       28       24       20       17       14       12       11        9        8        7        7        6        5        5        5        4        4        4        4        4        4        4        4        4        4        4        4        5        5        6        6        7        8        9       10       12       14       17       20       25       32       41       52       66       80       91       96      93
          73      62       54       49       46       45       45       47       50       56       65       78       99      130      171      207      206      161      109       72       48       34       24       18       14       11        9        7        6        5        5        4        4        3        3        3        3        2        2        2        2        2        2        2        2        2        2        3        3        3        3        4        4        5        5        6        7        9       11       13       17       23       31       43       61       87      120      148      153      136      111      89
         126     113      103       97       95       96      102      113      131      160      204      265      321      320      247      163      103       67       45       32       23       18       14       11        9        7        6        5        5        4        4        3        3        3        2        2        2        2        2        2        2        2        2        2        2        2        2        2        3        3        3        3        4        4        5        6        7        8        9       12       14       18       24       32       44       60       83      111      138      154      153     141
         118      97       82       72       65       62       60       61       64       70       79       93      113      137      160      166      146      111       78       54       38       28       20       16       12       10        8        7        6        5        4        4        3        3        3        2        2        2        2        2        2        2        2        2        2        2        2        2        2        2        3        3        3        4        4        5        5        6        8        9       11       15       19       25       35       49       71      101      137      162      162     142
          32      29       28       28       28       30       33       37       44       55       73      102      145      186      180      127       79       49       32       22       15       11        9        7        6        5        4        3        3        2        2        2        2        2        2        1        1        1        1        1        1        1        1        1        1        2        2        2        2        2        2        3        3        4        5        5        7        8       11       14       18       25       34       46       58       67       69       63       55       47       40      35
          52      55       59       64       71       82       96      117      146      186      230      257      241      188      132       90       62       44       33       25       19       15       12       10        9        7        6        6        5        4        4        4        3        3        3        3        3        3        3        3        3        3        3        3        3        3        3        3        4        4        4        5        5        6        7        7        9       10       11       13       16       18       21       24       28       32       35       38       41       44       47      49
          72      75       76       75       74       73       72       72       74       77       82       88       95      101      103      100       91       77       62       48       37       29       22       18       14       11        9        8        7        6        5        4        4        4        3        3        3        3        2        2        2        2        2        2        2        2        2        2        2        2        3        3        3        3        3        4        4        5        6        7        8        9       11       13       16       20       25       31       39       48       57      65
          44      50       56       65       77       93      116      149      192      237      259      235      181      128       89       63       46       34       26       21       17       14       11       10        8        7        6        6        5        5        4        4        4        4        4        3        3        3        3        3        3        3        3        3        4        4        4        4        5        5        5        6        6        7        8        9       10       11       12       14       15       17       19       21       23       25       27       29       32       34       37      40
          51      51       51       52       53       55       58       64       73       85      102      123      143      151      136      106       75       52       36       26       19       15       11        9        7        6        5        4        4        3        3        2        2        2        2        2        2        2        1        1        1        1        1        1        1        1        2        2        2        2        2        2        2        3        3        3        4        5        6        7        8       10       12       15       18       22       28       33       39       44       48      50
          66      65       63       61       59       59       60       63       68       75       85       96      108      115      110       94       73       54       39       29       21       16       12       10        8        6        5        5        4        3        3        3        2        2        2        2        2        2        1        1        1        1        1        1        1        1        1        2        2        2        2        2        2        3        3        3        4        4        5        6        7        9       11       14       18       22       29       36       45       54       61      65
          54      53       52       52       52       53       56       60       65       73       83       93      102      105       98       83       65       49       36       27       21       16       13       10        8        7        6        5        4        4        3        3        3        2        2        2        2        2        2        2        2        2        2        2        2        2        2        2        2        2        2        3        3        3        4        4        5        6        7        8       10       12       15       18       23       28       34       40       46       51       53      54
          54      60       65       70       76       81       86       90       94       97       97       95       89       80       70       59       48       40       32       26       22       18       15       13       11        9        8        7        6        6        5        5        4        4        4        3        3        3        3        3        3        3        3        3        3        3        3        3        3        3        4        4        4        4        5        5        6        7        7        8       10       11       13       15       18       20       24       28       33       38       43      49
