SWAN 1
LOCATIONS
     1
     -67.28  18.38
AFREQ
     56
     0.0300
     0.0400
     0.0500
     0.0600
     0.0700
     0.0800
     0.0900
     0.1000
     0.1100
     0.1200
     0.1300
     0.1400
     0.1500
     0.1600
     0.1700
     0.1800
     0.1900
     0.2000
     0.2100
     0.2200
     0.2300
     0.2400
     0.2500
     0.2600
     0.2700
     0.2800
     0.2900
     0.3000
     0.3100
     0.3200
     0.3300
     0.3400
     0.3500
     0.3600
     0.3700
     0.3800
     0.3900
     0.4000
     0.4100
     0.4200
     0.4300
     0.4400
     0.4500
     0.4600
     0.4700
     0.4800
     0.4900
     0.5000
     0.5100
     0.5200
     0.5300
     0.5400
     0.5500
     0.5600
     0.5700
     0.5800
NDIR
     72
     5.0000
     10.0000
     15.0000
     20.0000
     25.0000
     30.0000
     35.0000
     40.0000
     45.0000
     50.0000
     55.0000
     60.0000
     65.0000
     70.0000
     75.0000
     80.0000
     85.0000
     90.0000
     95.0000
     100.0000
     105.0000
     110.0000
     115.0000
     120.0000
     125.0000
     130.0000
     135.0000
     140.0000
     145.0000
     150.0000
     155.0000
     160.0000
     165.0000
     170.0000
     175.0000
     180.0000
     185.0000
     190.0000
     195.0000
     200.0000
     205.0000
     210.0000
     215.0000
     220.0000
     225.0000
     230.0000
     235.0000
     240.0000
     245.0000
     250.0000
     255.0000
     260.0000
     265.0000
     270.0000
     275.0000
     280.0000
     285.0000
     290.0000
     295.0000
     300.0000
     305.0000
     310.0000
     315.0000
     320.0000
     325.0000
     330.0000
     335.0000
     340.0000
     345.0000
     350.0000
     355.0000
     360.0000
QUANT
     1
VaDens
m2/Hz/degr
     -999.000000
FACTOR
     1.00000E-06
          62      53       46       40       36       32       29       27       25       24       24       23       23       23       24       25       26       28       30       33       35       38       41       44       45       45       43       40       37       33       28       25       22       19       17       15       13       12       11       10        9        9        8        8        8        8        7        7        8        8        8        8        9        9       10       11       12       14       16       18       21       25       30       37       45       55       65       75       82       83       79      71
        1078    1028      765      522      361      262      199      157      129      110       96       85       78       72       69       66       65       65       66       67       70       74       80       87       96      107      121      137      154      171      184      190      187      175      157      136      117       99       85       73       63       56       49       44       41       37       35       33       32       31       30       30       30       30       31       32       34       36       39       42       47       53       61       72       87      108      138      184      257      374      567     845
       10581    8860     4948     2740     1675     1120      803      608      480      392      329      283      249      222      202      187      175      165      158      153      150      148      147      148      150      153      156      161      167      173      180      188      195      203      209      215      219      221      221      220      216      212      206      200      194      188      182      177      173      170      168      167      168      170      174      180      188      198      212      230      254      285      326      381      458      567      730      985     1415     2204     3790    6980
      605147   53820    17668     8614     5056     3313     2338     1741     1351     1084      893      754      649      568      506      457      418      388      364      345      331      320      313      309      308      310      315      323      334      349      368      392      422      459      503      558      626      709      811      936     1089     1273     1490     1738     2005     2268     2497     2658     2731     2717     2635     2514     2380     2252     2143     2059     2003     1979     1988     2036     2129     2278     2501     2829     3314     4053     5236     7287    11309    21046    57253  552120
     1398010 1233750   111419    37735    18746    11167     7413     5293     3986     3127     2535     2111     1800     1565     1386     1247     1138     1053      987      936      898      870      853      845      845      854      872      899      936      985     1047     1125     1222     1342     1490     1673     1899     2177     2520     2938     3438     4017     4652     5291     5849     6232     6373     6269     5976     5576     5145     4735     4375     4077     3843     3672     3561     3509     3517     3589     3734     3967     4312     4808     5522     6568     8153    10693    15115    23865    45374  128060
      578675 1174430   172826    49090    21800    11914     7351     4917     3486     2584     1985     1570     1273     1055      890      764      666      588      526      476      436      404      377      356      339      326      316      309      304      302      303      306      312      321      333      348      367      391      420      455      499      552      619      701      803      933     1098     1312     1592     1961     2456     3122     4020     5221     6775     8661    10703    12543    13797    14308    14236    13897    13580    13486    13764    14568    16138    18924    23901    33484    55148  122991
      484191  605952   147100    51117    24791    14334     9222     6377     4645     3522     2757     2215     1820     1523     1297     1120      981      869      779      706      645      596      555      521      492      470      451      436      425      417      412      409      409      412      417      425      435      449      465      486      509      537      570      608      652      703      762      829      906      995     1096     1213     1346     1498     1673     1873     2102     2368     2676     3039     3470     3994     4643     5472     6563     8062    10223    13544    19094    29549    53244  127261
      140696  146316    84270    42411    23231    14013     9114     6276     4516     3366     2583     2030     1630     1332     1107      933      798      690      604      534      477      430      392      360      333      311      292      277      264      254      246      239      235      232      231      231      233      236      241      248      256      267      280      295      314      336      362      393      430      474      526      589      664      754      864      999     1163     1367     1620     1938     2339     2851     3514     4383     5549     7152     9438    12856    18295    27689    45594   82187
       82070  122375   123552    68597    31413    15578     8619     5212     3377     2310     1650     1221      931      729      584      477      396      335      287      249      219      195      176      160      147      136      127      120      114      109      106      103      101      100      100      101      102      104      108      112      117      123      131      141      152      167      184      205      231      264      305      356      423      509      622      775      983     1272     1684     2281     3160     4470     6415     9218    12979    17438    21941    25966    29753    34401    41838   55550
       32657   34118    38368    45251    50912    46227    31471    18220    10380     6186     3901     2592     1802     1301      971      745      586      471      386      322      273      234      204      180      160      145      132      121      113      106      100       95       92       89       87       85       85       85       86       87       89       92       96      101      107      114      123      134      147      163      183      208      239      278      329      395      483      601      764      995     1332     1838     2626     3901     6040     9701    15789    24493    32966    36619    35572   33457
        6663    8600    12201    19371    32715    42012    28465    13943     7134     4073     2549     1711     1213      897      687      542      438      362      305      261      227      200      178      161      147      136      127      119      114      109      106      103      101      101      101      102      104      107      110      115      122      129      139      151      165      183      205      232      267      310      366      439      535      663      837     1076     1405     1859     2467     3232     4081     4837     5297     5386     5205     4922     4662     4497     4463     4592     4929    5561
        9730   12431    17056    25233    37987    46160    35320    19853    10843     6346     4004     2690     1901     1399     1065      835      670      549      459      390      336      294      260      233      211      194      179      167      158      150      144      139      135      133      132      131      132      134      137      141      146      153      162      172      184      200      218      240      267      300      341      391      453      531      629      752      909     1107     1355     1663     2036     2472     2956     3462     3958     4420     4845     5256     5699     6242     6983    8064
        7309   12893    27871    61740    54764    22035     9748     5247     3228     2175     1563     1179      925      748      621      527      456      402      359      326      300      279      262      249      240      233      228      226      225      227      231      237      245      256      270      287      308      334      364      401      445      498      560      633      716      810      912     1017     1119     1208     1276     1318     1332     1323     1297     1262     1225     1191     1164     1148     1145     1156     1186     1236     1314     1427     1587     1816     2148     2648     3436    4777
        6303    7883    10516    14860    20826    23966    19013    11595     6732     4092     2646     1809     1297      966      743      588      476      394      332      284      247      218      194      175      160      148      138      130      123      118      114      111      110      109      109      109      111      114      118      123      129      137      147      158      173      191      212      239      272      314      367      434      521      634      783      979     1237     1573     1998     2505     3057     3575     3971     4193     4257     4226     4172     4155     4217     4398     4747    5338
        2626    3793     5966    10058    15368    14897     9089     4985     2924     1868     1281      928      703      552      446      370      313      270      237      211      191      175      162      151      143      137      132      129      126      125      125      126      129      132      136      142      149      158      169      181      197      214      235      260      288      320      356      395      437      480      522      561      594      619      637      648      652      653      653      653      656      663      677      700      734      782      850      943     1074     1261     1534    1952
        3267    4553     6665     9859    12953    12598     9046     5746     3681     2476     1753     1299     1000      795      649      542      462      401      354      317      287      264      245      230      218      209      202      197      194      193      193      194      197      202      208      216      226      238      252      268      287      309      333      361      391      424      458      493      529      563      594      622      645      663      678      689      697      706      715      726      742      764      794      834      888      960     1055     1183     1359     1602     1951    2468
        3196    4797     7666    11919    13979    10517     6279     3746     2388     1629     1175      887      695      562      466      395      341      300      268      242      222      206      194      184      176      171      167      164      163      164      165      168      173      179      186      195      206      219      234      251      271      293      317      344      371      400      428      454      478      498      513      524      530      534      534      534      534      536      540      547      560      578      604      641      689      755      843      963     1131     1371     1727    2282
        1976    2480     3239     4378     5938     7450     7668     6198     4308     2882     1967     1393     1026      782      615      496      410      346      297      259      230      206      188      173      161      151      144      138      134      131      129      128      128      130      133      136      142      148      156      166      179      193      211      232      257      287      323      364      413      468      530      597      666      733      794      843      879      899      908      907      902      895      892      896      908      932      971     1030     1114     1232     1399    1635
        2311    3320     4801     6326     6561     5183     3545     2379     1651     1197      906      711      576      480      409      356      316      285      261      243      229      218      210      205      203      202      204      208      214      223      235      249      267      290      316      349      387      431      482      538      597      654      703      738      754      748      724      686      641      594      550      509      474      444      420      402      389      380      377      378      385      398      417      444      481      531      599      692      820     1002     1269    1675
        2041    3799     8388    14762     9871     4230     2085     1209      784      551      410      319      257      214      182      159      141      127      117      108      102       98       95       93       92       92       93       95       99      104      110      119      129      142      159      181      208      243      287      344      415      500      596      688      757      781      754      690      610      529      459      400      353      316      288      266      251      240      233      231      232      238      248      263      286      318      362      425      517      657      881    1274
         501     631      821     1104     1516     2049     2526     2595     2185     1629     1173      856      644      501      402      332      281      243      215      193      176      164      154      147      142      140      138      139      141      144      150      158      167      180      195      214      237      264      296      332      372      413      450      477      491      487      468      437      400      362      326      294      266      243      224      209      197      187      181      176      174      175      177      182      190      201      216      236      262      298      345     410
         523     822     1498     3486    10273    11551     4001     1617      850      524      357      262      202      162      135      115      101       90       82       76       72       69       67       65       65       66       68       70       74       79       86       95      107      123      144      173      212      268      348      461      612      782      904      895      765      600      457      352      277      223      185      158      138      123      111      103       97       93       90       89       90       91       95      100      108      118      132      151      178      217      275     367
         976    1667     3023     4534     3884     2243     1270      788      533      387      296      237      196      167      146      131      119      111      105      101       98       97       98       99      103      108      115      124      136      152      173      200      234      279      336      405      479      545      580      569      516      442      368      303      250      210      178      154      135      121      110      101       95       90       86       84       83       83       85       87       91       97      104      114      127      145      170      203      252      324      438     629
        1036    1515     2168     2692     2571     1948     1345      932      671      505      395      320      268      230      202      181      166      154      146      140      137      135      136      139      143      151      161      174      192      215      246      287      343      417      518      650      814      985     1108     1118     1007      836      667      528      422      343      285      241      209      184      165      151      140      132      126      122      120      120      121      124      129      136      145      158      175      198      229      271      329      414      538     731
        2220    2896     2515     1637     1015      663      462      341      264      213      177      152      133      119      109      101       96       92       90       89       90       92       95      101      108      118      131      149      173      207      255      326      435      610      904     1386     2021     2330     1917     1288      840      571      409      308      242      197      165      143      126      113      104       97       92       88       86       86       86       88       91       96      103      113      125      142      165      197      242      309      412      581      872    1391
        2919    2568     1810     1207      829      598      453      357      292      247      214      190      172      159      149      143      139      138      138      141      146      154      166      181      202      231      270      325      405      525      711     1012     1500     2204     2807     2668     1951     1295      870      612      451      348      278      229      194      169      149      135      124      116      110      106      103      102      103      105      108      113      120      130      143      160      182      213      255      315      402      535      745     1092     1657    2425
        2337    2595     2329     1796     1311      963      729      572      463      387      333      293      264      242      227      216      209      206      207      211      219      231      248      272      305      350      413      503      635      839     1168     1722     2647     3905     4558     3720     2442     1556     1036      730      542      420      337      279      237      206      183      165      152      142      134      129      126      124      124      126      129      134      141      151      164      182      204      234      274      328      404      513      673      915     1277    1786
         161     183      210      243      280      322      366      409      445      469      477      470      452      426      398      371      347      326      310      298      290      286      287      292      303      319      343      375      420      481      565      680      837     1045     1298     1543     1665     1569     1305     1007      756      570      437      343      276      227      190      163      142      125      112      102       94       88       83       79       76       74       73       72       72       73       75       77       81       85       90       97      105      115      128     143
         267     317      374      436      492      528      534      509      461      405      350      302      261      229      203      183      167      155      146      139      134      132      131      132      136      141      149      159      173      192      216      248      290      345      417      508      614      719      791      797      731      622      508      409      330      270      224      190      163      143      127      115      106       98       93       89       86       84       83       83       85       87       90       95      101      109      119      132      148      168      194     226
         190     250      333      440      549      610      583      492      389      303      239      193      160      136      119      106       97       90       85       82       81       81       83       86       91       98      109      123      143      172      214      279      382      556      854     1301     1631     1408      925      575      373      257      186      142      112       91       77       66       57       51       47       43       40       38       36       35       35       35       35       36       37       39       41       44       48       54       60       69       81       97      118     148
         241     271      302      330      352      364      364      353      334      311      287      263      242      224      209      197      188      181      176      174      175      178      183      192      204      220      242      272      311      364      435      532      663      831     1025     1193     1252     1158      964      756      583      451      356      286      236      198      170      148      131      118      108      100       94       89       86       83       82       81       82       83       85       88       92       97      104      112      122      134      149      167      188     213
         532     640      731      773      749      673      576      482      403      340      291      253      225      203      186      174      165      160      157      156      158      162      169      179      193      211      236      268      311      367      439      530      634      737      807      809      741      631      515      414      333      271      224      189      162      141      125      113      103       95       89       85       82       79       78       78       78       80       82       86       91       97      105      116      129      146      169      197      235      285      349     432
         345     353      344      321      290      257      226      198      174      155      139      127      117      109      103       99       96       94       94       94       96      100      105      112      121      133      149      170      198      235      285      353      443      557      683      786      816      753      633      507      400      317      256      211      177      152      133      118      107       98       92       87       83       81       80       79       80       82       84       88       93      100      108      119      133      149      170      194      224      257      291     322
         583     582      556      511      456      401      350      306      268      238      212      192      176      162      152      144      137      133      130      128      128      129      131      135      140      147      155      165      177      192      209      228      248      270      292      312      327      336      338      331      318      301      281      260      240      222      205      191      180      170      162      156      152      149      148      148      150      154      159      167      176      189      205      225      249      279      316      359      409      462      515     558
         396     400      388      364      332      298      266      237      212      190      173      158      147      137      130      124      120      117      115      115      115      116      119      122      126      131      137      144      151      158      165      172      176      179      180      178      174      167      160      151      142      133      125      117      110      104       99       95       91       88       87       85       85       85       86       88       91       95       99      106      113      123      135      149      166      188      213      242      276      312      348     378
         594     579      490      383      292      225      177      143      118      100       87       77       70       64       60       57       55       54       53       54       55       57       59       63       68       75       84       95      109      128      151      180      213      248      277      291      284      258      223      188      156      131      110       94       82       72       65       59       54       51       48       46       45       45       45       45       46       48       51       55       59       66       74       85       99      119      146      185      239      315      415     523
         255     206      163      129      104       85       71       61       53       47       43       40       37       35       34       33       33       33       34       35       36       39       42       46       51       57       66       78       93      114      140      173      208      239      252      242      213      177      144      117       96       80       67       58       51       46       42       39       36       35       33       33       32       33       33       35       36       39       42       46       51       59       68       81       98      121      153      194      242      288      310     297
         167     163      152      138      123      108       95       84       75       68       61       57       53       50       47       46       45       44       44       45       46       47       50       53       57       61       67       75       83       94      106      119      133      145      153      156      152      143      131      117      103       91       80       71       64       58       53       49       46       43       41       40       39       39       39       39       40       42       44       47       50       54       60       66       74       84       96      110      125      141      155     164
         124     144      166      188      207      218      218      209      192      173      153      135      120      107       96       88       81       76       72       70       68       67       67       68       70       73       77       82       89       98      108      122      138      156      177      197      215      224      223      211      191      168      145      124      107       92       80       71       63       57       52       48       45       43       41       39       39       38       38       39       39       41       43       45       48       52       57       63       71       80       92     106
         237     206      173      144      120      101       86       75       66       60       54       50       48       45       44       43       43       44       45       46       49       52       56       62       69       79       91      106      124      146      171      194      210      213      202      181      155      131      109       92       78       67       59       52       47       43       40       37       35       34       33       33       33       33       34       35       37       40       43       47       52       59       67       79       93      112      136      166      200      233      254     255
         158     167      160      140      116       95       77       64       54       46       41       36       33       31       29       28       27       27       27       27       28       29       31       34       37       42       47       55       64       76       90      104      117      123      120      110       94       79       65       53       44       37       32       28       25       22       20       18       17       16       16       15       15       15       15       15       16       16       17       18       20       22       25       28       32       38       46       56       70       88      110     136
          99     101      100       95       87       79       70       62       55       49       44       41       37       35       33       31       30       29       29       29       29       30       31       32       34       37       40       44       48       54       61       69       78       88       97      104      107      106      101       92       82       73       64       56       49       44       40       36       33       31       29       28       27       26       26       26       26       26       27       28       30       32       34       38       41       46       52       59       67       75       84      93
          39      41       43       46       48       51       54       57       60       63       66       68       69       70       70       69       68       66       64       62       60       58       56       54       52       50       49       48       47       46       46       46       45       45       45       46       46       46       47       47       47       47       47       47       46       46       45       44       43       42       41       39       38       37       36       35       34       33       32       32       31       31       31       31       31       31       32       33       33       35       36      37
          90      82       74       66       60       54       50       46       43       41       40       39       38       38       38       39       40       42       45       48       52       57       64       71       80       90      100      110      116      119      116      109       98       87       76       66       57       50       44       39       35       32       30       28       26       25       24       23       23       23       23       23       24       25       26       27       29       32       35       39       43       49       55       63       72       81       91       99      104      106      103      98
          86      91       95       99      101      103      103      102      101       98       94       91       87       83       79       75       72       69       66       63       61       59       58       56       55       54       53       53       52       52       51       51       51       51       50       50       49       49       48       48       47       46       46       45       44       43       43       42       41       41       41       40       40       40       40       41       41       42       43       44       45       47       49       51       54       57       60       64       68       72       77      82
          54      57       61       65       69       74       78       83       87       91       94       96       98       98       97       96       93       91       88       85       82       80       77       75       74       72       71       71       70       70       71       71       72       73       74       75       76       77       78       78       78       78       77       75       73       71       68       66       63       60       57       54       52       49       47       46       44       43       42       41       40       40       40       40       41       41       42       43       45       47       49      51
          53      51       48       45       42       40       38       37       35       34       33       33       33       33       33       34       35       36       37       39       41       44       46       49       51       53       55       56       56       55       54       51       48       45       42       39       36       33       31       29       27       26       25       24       23       22       22       22       21       22       22       22       23       24       25       26       28       30       32       35       38       41       44       48       52       55       57       59       60       59       58      56
          86     113      124      110       83       60       44       33       26       21       17       15       13       12       11       10        9        9        9        9        9        9       10       10       11       12       14       16       19       24       30       39       52       69       89      103       99       81       60       44       33       25       20       16       13       11       10        8        8        7        6        6        6        6        6        6        6        6        6        6        7        7        8        9       11       13       15       19       24       32       44      61
          38      36       33       29       25       21       18       16       14       12       11       10        9        9        8        8        8        7        7        7        8        8        8        9        9       10       12       13       15       18       22       27       34       45       60       80      102      115      110       91       70       53       41       32       26       21       18       16       14       13       12       11       10       10       10       10       10       10       10       11       11       12       14       15       17       19       22       25       29       33       36      38
          51      49       45       41       37       32       29       25       23       20       19       17       16       15       14       14       13       13       13       13       14       14       15       15       16       18       19       21       24       27       30       34       38       42       45       48       48       47       44       41       37       33       29       26       23       21       19       18       16       15       15       14       14       14       14       14       14       15       15       16       17       19       20       23       25       28       32       36       41       45       49      51
          44      47       49       50       49       48       45       42       38       35       32       29       27       25       24       22       21       20       20       20       19       20       20       20       21       22       23       25       27       29       31       34       38       41       44       47       49       50       50       48       45       42       38       34       31       28       26       23       22       20       19       18       17       16       16       16       16       16       16       16       17       17       18       20       21       23       25       27       30       33       37      40
          49      46       43       39       36       33       30       27       25       23       21       20       19       18       17       16       16       15       15       15       15       16       16       16       17       18       19       20       22       24       26       29       32       35       40       44       49       53       57       61       63       63       62       60       57       54       50       47       44       42       39       38       36       35       34       34       34       34       35       36       37       39       40       43       45       47       49       51       53       53       53      52
          83      81       74       65       55       46       39       33       28       24       21       19       17       15       14       13       13       12       12       12       11       12       12       12       13       13       14       15       16       18       20       23       26       30       35       40       46       52       57       60       61       59       55       50       44       39       35       31       28       25       24       22       21       20       19       19       19       19       20       21       22       23       25       28       31       35       41       47       55       64       73      80
          45      57       71       81       82       74       61       48       38       31       25       21       18       16       14       13       12       11       11       11       10       11       11       11       12       13       14       15       17       20       23       28       34       41       50       57       62       62       55       47       38       30       25       20       17       14       12       11        9        9        8        7        7        7        6        6        6        6        6        7        7        7        8        9       10       11       13       15       18       22       27      35
          33      32       31       30       29       28       27       26       25       25       24       23       22       22       21       21       20       20       20       20       19       19       19       19       19       19       19       18       18       18       18       18       18       18       18       19       19       19       19       19       19       19       20       20       20       20       21       21       22       22       23       24       25       25       26       27       28       29       30       32       33       34       34       35       36       36       36       36       36       36       35      34
          25      20       16       14       11       10        9        8        7        6        6        6        5        5        5        5        5        5        5        6        6        7        7        8        9       10       12       14       17       20       24       29       33       36       36       33       30       25       21       18       15       13       12       10        9        8        8        7        7        7        7        7        7        7        7        8        8        9       10       12       14       16       19       24       29       35       42       47       48       45       38      31
