SWAN 1
LOCATIONS
     1
     681726.07 2033118.57
AFREQ
     56
     0.0300
     0.0400
     0.0500
     0.0600
     0.0700
     0.0800
     0.0900
     0.1000
     0.1100
     0.1200
     0.1300
     0.1400
     0.1500
     0.1600
     0.1700
     0.1800
     0.1900
     0.2000
     0.2100
     0.2200
     0.2300
     0.2400
     0.2500
     0.2600
     0.2700
     0.2800
     0.2900
     0.3000
     0.3100
     0.3200
     0.3300
     0.3400
     0.3500
     0.3600
     0.3700
     0.3800
     0.3900
     0.4000
     0.4100
     0.4200
     0.4300
     0.4400
     0.4500
     0.4600
     0.4700
     0.4800
     0.4900
     0.5000
     0.5100
     0.5200
     0.5300
     0.5400
     0.5500
     0.5600
     0.5700
     0.5800
NDIR
     72
     5.0000
     10.0000
     15.0000
     20.0000
     25.0000
     30.0000
     35.0000
     40.0000
     45.0000
     50.0000
     55.0000
     60.0000
     65.0000
     70.0000
     75.0000
     80.0000
     85.0000
     90.0000
     95.0000
     100.0000
     105.0000
     110.0000
     115.0000
     120.0000
     125.0000
     130.0000
     135.0000
     140.0000
     145.0000
     150.0000
     155.0000
     160.0000
     165.0000
     170.0000
     175.0000
     180.0000
     185.0000
     190.0000
     195.0000
     200.0000
     205.0000
     210.0000
     215.0000
     220.0000
     225.0000
     230.0000
     235.0000
     240.0000
     245.0000
     250.0000
     255.0000
     260.0000
     265.0000
     270.0000
     275.0000
     280.0000
     285.0000
     290.0000
     295.0000
     300.0000
     305.0000
     310.0000
     315.0000
     320.0000
     325.0000
     330.0000
     335.0000
     340.0000
     345.0000
     350.0000
     355.0000
     360.0000
QUANT
     1
VaDens
m2/Hz/degr
     -999.000000
FACTOR
     1.00000E-06
          25      28       31       35       39       43       45       46       44       39       34       28       23       19       16       13       11        9        8        7        6        5        5        4        4        4        4        3        3        3        3        3        3        3        3        3        3        3        3        4        4        4        5        5        6        6        7        8        9       10       11       12       13       14       16       17       17       18       18       18       18       18       18       17       17       18       18       18       19       20       21      23
         337     376      394      385      351      305      257      214      179      150      128      111       97       86       78       71       65       61       58       55       53       52       51       51       51       52       53       54       56       58       61       64       68       71       75       79       83       86       89       91       91       91       90       88       85       82       79       76       73       70       68       66       64       63       63       63       64       65       67       69       73       78       84       91      101      113      129      149      174      206      245     290
       14197   14832     6312     2786     1504      934      637      464      356      283      233      197      170      150      134      122      112      105       99       95       92       90       89       88       89       90       92       95       98      102      107      113      120      128      136      144      153      162      170      177      182      186      187      187      185      181      177      173      168      164      160      158      156      156      157      159      163      170      179      191      207      228      256      294      348      423      536      712     1010     1569     2788    6032
      173964   26182     9790     5031     3039     2027     1448     1088      849      685      567      480      414      363      324      293      268      249      233      221      212      205      201      198      197      198      201      206      212      221      233      247      265      286      313      345      384      431      489      558      642      741      856      986     1125     1265     1392     1492     1554     1575     1561     1522     1471     1418     1371     1335     1314     1311     1329     1372     1445     1557     1722     1963     2320     2867     3755     5326     8515    16723    51841  424927
      669892  217359    47190    19146    10145     6214     4174     2990     2248     1755     1413     1167      985      848      742      660      595      543      503      470      444      424      410      399      393      390      391      395      404      416      433      455      482      517      560      613      678      760      861      989     1150     1355     1617     1952     2379     2914     3562     4297     5043     5675     6058     6130     5932     5572     5160     4770     4443     4194     4028     3947     3953     4056     4273     4635     5199     6066     7426     9671    13714    22109    44522  145975
      888329  180547    45028    19016    10145     6177     4100     2893     2138     1640     1295     1050      870      734      630      549      485      435      394      361      334      312      295      281      270      262      256      253      251      252      255      260      267      277      290      306      325      349      378      414      458      511      577      659      762      891     1054     1263     1531     1876     2318     2876     3564     4370     5247     6104     6830     7344     7637     7768     7832     7924     8131     8536     9243    10414    12345    15645    21770    34967    72696  275235
      177851  129137    51704    22865    11981     7086     4561     3125     2245     1675     1290     1019      824      679      570      486      420      368      326      292      265      242      224      209      197      187      178      172      167      164      162      161      161      163      166      170      175      182      191      202      215      231      250      273      301      334      375      425      485      560      653      768      913     1094     1322     1607     1963     2402     2934     3567     4303     5139     6081     7151     8408     9980    12105    15245    20366    29771    49854   99298
       74225  158001   171434    68178    26175    12452     6905     4247     2811     1967     1437     1087      847      676      552      459      388      334      291      257      229      207      189      174      162      153      145      138      133      130      127      126      125      126      128      130      134      139      145      153      163      175      190      208      230      257      290      332      385      452      538      650      800     1001     1278     1662     2206     2978     4071     5576     7511     9703    11745    13207    13991    14377    14786    15619    17315    20574    26917   40427
       38125   73372    72995    31790    13219     6547     3718     2324     1557     1100      810      617      483      388      318      265      225      194      170      150      135      122      112      103       96       91       86       83       80       78       76       76       75       76       77       79       81       84       88       93       99      107      116      127      141      157      178      203      235      276      328      395      483      600      757      969     1257     1643     2152     2791     3534     4304     4995     5538     5943     6296     6721     7370     8451    10336    13836   21059
       36775   83450   126993    64029    24781    11760     6581     4111     2772     1977     1473     1136      902      733      608      514      442      386      341      305      276      252      233      218      205      195      187      180      176      173      171      170      171      173      177      182      188      196      206      219      233      251      272      298      328      364      407      459      521      595      683      788      912     1056     1222     1407     1611     1828     2054     2285     2520     2761     3018     3308     3655     4098     4694     5541     6812     8856    12449   19624
        7595   10134    14895    24648    43539    56416    36868    17770     9149     5289     3356     2284     1640     1228      952      759      621      518      440      381      334      297      268      244      225      210      198      188      180      175      171      168      167      168      170      173      178      185      194      206      220      237      258      284      317      357      407      471      552      657      795      976     1219     1546     1985     2565     3297     4142     4970     5585     5836     5733     5416     5039     4701     4453     4316     4302     4427     4724     5254    6133
        5870    8707    14249    25473    40790    37799    21286    11252     6540     4182     2881     2101     1602     1266     1030      860      733      637      562      504      459      422      393      371      353      340      330      323      320      319      321      326      334      344      358      375      397      422      452      488      530      578      633      695      764      839      918      997     1074     1143     1201     1245     1274     1289     1291     1286     1276     1267     1261     1261     1271     1294     1332     1389     1471     1584     1740     1954     2253     2679     3307    4276
        4637    7835    16372    44885    68645    27489    10207     4988     2904     1889     1326      984      762      611      503      425      366      321      287      260      238      222      209      199      191      186      183      182      182      184      189      195      203      214      228      245      267      294      326      367      418      481      558      654      771      910     1068     1234     1390     1511     1574     1572     1514     1422     1316     1213     1121     1044      984      941      913      902      907      929      972     1040     1140     1286     1498     1816     2310    3131
        2478    4101     8237    22883    55994    28465     9176     4151     2332     1492     1040      771      599      482      400      340      296      262      237      217      202      190      181      175      171      169      169      171      174      180      188      198      212      228      249      275      307      347      396      455      527      609      702      796      882      943      968      954      906      838      762      689      624      568      521      485      456      435      421      414      413      418      431      452      483      527      588      673      794      972     1243    1686
        2146    3562     7297    21877    56079    23453     7056     3153     1759     1118      774      569      438      350      288      243      210      184      165      149      138      128      121      116      112      109      108      108      109      111      114      119      125      133      143      155      171      190      214      245      282      329      388      460      545      641      739      827      885      903      878      823      754      682      616      560      514      478      451      433      422      418      423      435      457      490      539      609      710      859     1089    1466
        1279    2030     3763     8605    17467    12280     4861     2273     1278      813      563      415      320      256      211      179      155      136      122      112      103       97       92       89       86       85       85       86       87       90       94      100      107      116      127      142      161      186      219      263      323      406      521      681      896     1154     1394     1504     1424     1217      988      792      642      532      451      392      349      317      295      280      271      267      269      276      290      310      341      384      446      536      674     895
        1299    2218     4519    10160    11997     5685     2512     1336      818      551      398      303      240      196      165      142      125      112      102       95       89       84       81       79       78       78       79       81       84       89       95      102      112      125      141      163      192      232      288      367      486      665      941     1344     1822     2115     1968     1541     1130      831      630      495      403      339      294      261      238      221      210      203      201      202      207      217      231      253      283      326      388      479      623     861
        5579   12320    23271    16623     6996     3365     1919     1232      858      635      492      395      327      278      242      214      193      177      164      155      148      143      140      139      139      141      145      151      159      170      184      202      226      256      297      351      426      532      686      918     1282     1867     2788     3999     4832     4454     3344     2349     1675     1245      967      782      655      566      502      457      426      405      393      389      393      404      425      457      503      568      662      798     1006     1339     1916    3035
        2026    3619     7219    11391     8361     4070     2119     1258      827      586      439      344      279      233      199      175      156      141      130      122      116      112      109      107      107      109      111      115      121      129      140      154      171      195      226      267      324      403      518      689      945     1327     1841     2340     2485     2157     1650     1216      908      700      558      460      391      341      304      278      259      247      239      236      237      243      253      269      292      325      370      435      529      670      897    1286
        3393    4837     6156     6091     4665     3166     2132     1488     1085      825      650      529      442      378      330      293      265      244      227      215      205      199      196      194      195      199      205      213      225      241      261      287      321      364      420      494      593      725      903     1142     1452     1817     2168     2377     2341     2093     1758     1439     1177      974      822      707      622      558      510      476      451      436      428      428      434      449      473      508      556      623      715      845     1030     1303     1718    2370
        2431    3902     5686     5828     4063     2467     1541     1028      730      546      426      345      287      245      214      190      173      159      149      141      136      132      131      131      133      136      142      149      160      173      191      215      246      287      343      422      535      701      955     1348     1936     2675     3191     3016     2352     1694     1221      908      702      563      467      398      349      313      287      268      255      247      244      245      250      259      275      296      327      368      427      509      628      809     1096    1578
        1163    1768     2945     5239     7983     7170     4214     2363     1443      962      688      520      410      335      282      244      215      194      178      166      157      151      148      146      147      149      154      161      171      185      204      228      262      307      369      460      596      812     1179     1863     3269     6178     9466     7755     4266     2371     1466      994      725      558      449      374      321      283      255      235      220      210      204      202      203      207      214      226      243      267      299      343      404      492      623     826
        2132    3115     4695     6761     7926     6811     4758     3172     2180     1573     1190      938      766      645      557      492      445      409      383      365      353      346      345      349      359      375      397      429      471      528      606      711      860     1073     1391     1884     2673     3940     5746     7308     7038     5257     3550     2413     1710     1270      984      791      655      558      487      434      394      364      342      327      316      311      310      314      322      336      355      382      418      465      529      616      736      905     1154    1532
         999    1430     2157     3336     4744     5133     4003     2661     1758     1218      890      682      545      451      384      335      300      274      255      241      232      228      226      229      235      246      261      283      313      353      408      486      597      764     1026     1462     2240     3680     5999     7490     5862     3541     2130     1375      953      701      541      434      359      306      267      238      216      199      187      178      173      169      168      170      174      180      190      203      220      244      275      316      373      452      566     735
        1118    1737     2904     4852     6233     4951     3001     1812     1177      823      612      477      387      325      280      248      224      207      194      185      180      178      178      182      188      198      213      232      259      295      346      417      521      680      935     1373     2181     3688     5770     6105     4118     2404     1470      972      689      516      405      329      276      237      209      188      172      160      151      145      141      140      140      143      147      154      164      177      195      218      250      293      353      440      570     775
         710     925     1226     1624     2057     2343     2291     1950     1533     1178      914      725      591      495      424      372      334      305      285      270      260      255      253      256      264      275      293      317      350      395      456      541      660      832     1087     1469     2024     2723     3271     3207     2579     1868     1327      963      723      562      451      373      315      273      241      217      198      184      174      166      161      158      157      158      161      167      175      186      200      219      243      276      318      375      452     559
         649     798      973     1153     1296     1352     1302     1173     1013      859      727      621      538      474      424      387      359      338      324      316      312      314      320      332      350      375      410      455      515      593      695      827      990     1178     1361     1483     1487     1363     1163      950      764      615      501      414      348      297      259      229      205      187      172      161      152      146      141      138      137      137      139      143      148      155      165      177      193      213      239      271      313      368      438     530
         562     688      842     1012     1167     1258     1250     1149     1000      846      710      598      510      443      391      351      320      297      281      269      262      259      260      265      274      288      308      336      372      421      486      573      691      850     1060     1318     1589     1780     1784     1591     1303     1024      798      628      504      412      345      294      256      226      204      186      172      162      154      148      145      143      143      144      148      153      160      170      183      200      221      248      283      328      387     463
         813     984     1112     1137     1048      891      727      586      476      392      330      283      248      221      201      185      174      166      161      158      157      159      164      171      182      196      216      242      278      327      396      495      642      870     1228     1780     2488     2951     2679     1970     1347      932      671      504      393      318      264      225      197      175      159      147      138      131      126      124      123      123      125      129      135      144      155      169      188      212      244      287      343      419      520     651
         696     705      691      658      611      558      504      453      407      368      334      305      282      262      246      234      224      217      211      208      207      207      210      214      220      228      238      250      263      279      297      316      335      355      373      388      399      404      403      396      385      369      351      332      313      295      279      264      252      241      232      226      221      218      217      218      222      227      234      244      257      273      293      317      346      381      422      468      519      572      624     668
         671     658      605      531      452      380      320      271      233      202      178      160      145      133      124      117      112      109      106      105      106      107      110      114      119      127      136      148      162      180      201      227      258      292      330      367      399      419      423      410      385      351      315      281      250      223      201      183      168      156      147      140      135      132      130      130      131      135      140      147      156      169      185      206      232      266      308      362      426      500      576     639
         287     287      276      257      234      209      186      165      147      132      119      109      100       93       88       84       81       79       77       77       78       79       81       85       89       95      103      113      125      140      158      182      210      243      281      321      357      382      388      375      346      309      271      236      205      180      159      143      129      119      110      104       99       96       93       92       92       94       96       99      104      110      118      128      140      155      172      192      215      238      260     278
         213     231      251      271      290      305      316      319      316      305      289      270      250      229      210      193      178      165      153      144      136      130      125      121      119      117      117      117      119      122      125      130      136      143      151      160      171      182      194      207      219      229      237      242      243      240      234      225      214      203      191      179      169      159      151      144      138      134      130      128      126      126      127      129      132      136      142      149      158      169      182     196
         774     720      614      497      395      315      254      209      176      151      131      117      105       96       90       85       81       78       77       76       77       78       81       84       89       96      104      115      130      148      173      205      248      305      380      476      584      683      735      714      634      530      433      352      290      243      207      180      160      144      133      124      118      113      111      110      111      113      118      124      133      144      160      180      207      243      291      355      439      543      655     746
         778     684      551      429      333      263      212      175      148      128      113      102       93       87       82       79       76       75       75       76       78       82       86       92      100      111      125      142      165      195      234      282      340      402      454      479      465      419      358      298      246      204      172      147      127      112      101       92       85       80       76       73       72       71       71       73       75       79       83       90       99      110      125      145      171      208      258      327      422      545      679     776
         453     507      525      497      434      358      289      232      187      154      128      109       94       83       74       66       61       57       53       51       49       48       47       47       47       48       49       51       54       57       61       67       73       82       92      105      120      139      162      189      217      245      268      280      280      269      248      225      201      180      161      146      133      124      116      110      106      104      103      104      106      110      116      124      135      149      168      193      226      268      321     385
         405     527      655      724      682      559      424      317      239      185      147      120      100       86       75       66       60       55       51       48       46       45       44       44       44       44       46       48       50       54       58       64       71       80       91      106      124      146      174      206      239      268      285      285      268      241      211      182      157      137      120      107       97       89       83       78       75       73       72       73       74       76       80       86       93      103      117      135      159      193      241     310
         495     501      474      424      365      307      257      216      184      158      138      121      109       99       91       85       80       76       74       72       71       71       72       74       76       79       84       89       97      106      117      130      147      167      191      219      249      280      307      326      333      326      308      283      255      228      204      183      165      151      139      130      123      118      114      112      112      113      115      119      125      133      143      157      174      196      225      260      303      354      409     461
         107     122      140      162      188      217      248      273      286      283      265      236      205      175      148      127      110       96       85       76       69       64       59       56       54       52       51       51       51       52       53       55       58       62       68       74       82       93      106      122      143      168      198      230      261      284      293      283      260      230      199      171      147      127      112       99       90       82       76       72       68       66       65       64       64       65       67       70       74       80       87      96
         204     207      204      197      187      174      161      148      136      125      115      107      100       95       90       87       84       82       81       81       82       84       86       90       95      101      108      117      128      142      158      176      197      219      241      260      273      278      273      259      240      218      196      175      157      141      128      117      108      100       94       90       86       84       82       81       81       82       84       86       90       94      100      107      115      125      136      148      161      174      187     197
          55      56       58       60       62       63       65       66       66       65       64       63       61       58       55       53       50       47       45       43       41       40       38       37       36       36       36       36       36       37       38       40       42       44       47       51       56       61       68       77       88      101      116      134      154      174      191      201      203      195      181      163      145      128      112      100       89       80       73       67       63       59       56       54       52       51       50       50       51       51       52      53
         149     136      121      105       92       80       69       61       54       49       44       40       37       35       33       31       30       29       29       28       28       28       29       30       31       32       33       35       38       40       43       47       51       55       60       65       70       74       77       79       80       80       79       76       74       70       67       64       62       60       58       56       55       55       55       56       57       59       62       66       70       76       83       91      102      113      126      139      151      159      162     159
          83      76       70       65       60       56       52       49       46       44       43       42       41       41       40       41       42       43       44       46       49       52       56       61       67       73       81       89       98      107      116      123      127      129      126      121      114      106       97       89       81       75       69       64       60       57       54       53       51       50       50       50       51       52       53       55       58       61       65       69       74       80       85       91       96      101      103      104      103      100       95      89
          89      89       87       83       78       73       68       63       58       54       51       48       46       44       43       42       41       41       42       43       44       46       48       51       55       60       65       72       79       87       96      104      110      114      114      111      105       96       87       78       69       62       56       50       46       42       39       36       34       33       31       31       30       30       30       30       31       32       33       35       37       39       42       46       50       55       60       66       72       78       83      87
          54      54       55       55       54       54       53       52       51       49       48       46       45       44       42       41       40       39       38       37       37       36       36       36       37       37       38       39       40       41       43       45       47       50       53       56       60       64       67       71       75       78       80       82       83       83       81       80       77       74       71       68       65       62       60       58       56       54       53       51       51       50       50       49       50       50       50       51       51       52       53      53
          81      96      110      122      127      124      114      100       85       72       62       53       46       40       36       32       30       28       26       25       24       24       24       24       24       25       26       28       30       32       35       39       44       49       56       63       71       79       84       87       86       81       74       66       58       51       45       39       35       32       29       27       25       23       22       22       21       21       21       21       22       23       24       25       27       30       33       37       43       49       58      68
          88      91       91       89       85       79       73       67       61       56       51       48       45       42       40       39       38       37       37       38       38       40       41       44       47       50       55       61       68       76       85       95      105      113      118      119      115      107       97       86       76       66       58       51       46       41       37       34       32       30       28       27       27       26       26       26       26       27       27       29       30       32       34       37       41       45       50       55       62       69       76      82
         107     120      124      119      105       90       75       63       53       45       39       34       31       28       26       24       23       22       22       21       21       22       22       23       24       25       27       29       31       33       35       37       39       40       40       39       38       36       33       30       28       25       23       21       19       18       16       15       15       14       13       13       13       13       13       13       13       14       15       15       17       18       20       22       25       29       34       41       50       61       74      91
         108     108      105       99       91       82       74       66       60       54       50       46       43       41       39       38       37       37       37       37       38       39       41       44       47       51       56       62       69       77       86       95      104      111      115      115      110      102       92       82       72       64       56       50       45       41       37       35       33       31       29       29       28       28       28       28       28       29       31       32       34       37       40       44       49       55       62       70       79       88       97     104
         101     106      106       99       87       74       62       51       42       35       30       26       22       20       17       16       14       13       12       12       11       11       11       10       10       10       11       11       11       12       13       14       15       16       18       21       24       28       33       39       47       58       70       84       99      110      115      113      104       93       81       71       62       55       50       46       42       40       39       38       38       38       39       41       43       46       51       56       64       72       82      92
          55      56       54       50       44       38       33       28       23       20       17       15       13       12       11       10        9        9        8        8        8        8        8        8        8        8        8        9        9       10       11       12       14       15       18       21       25       31       39       49       63       80       97      110      112      103       89       73       60       50       42       36       32       28       26       24       23       22       21       21       21       22       23       24       26       28       31       34       38       43       48      52
          82      72       63       56       49       44       39       36       33       30       28       27       25       24       24       23       23       23       24       24       25       26       28       30       32       35       39       43       49       55       63       73       84       95      106      116      122      123      120      112      103       94       84       76       69       63       58       54       51       49       47       46       45       46       46       48       49       52       55       59       65       71       78       86       94      102      109      113      113      109      101      92
          55      51       47       43       40       37       35       34       32       31       30       30       30       30       30       30       30       31       32       33       34       35       36       37       38       38       39       39       38       38       37       36       35       33       32       31       30       28       27       26       26       25       25       24       24       24       25       25       26       26       28       29       31       33       35       38       42       46       51       56       62       68       74       79       83       85       84       81       77       72       66      61
          23      20       18       16       14       13       12       11       10        9        9        9        8        8        8        8        8        8        9        9        9       10       10       11       12       13       14       15       17       19       21       23       26       29       31       33       35       36       36       35       35       34       32       31       30       29       28       27       27       27       27       28       28       30       31       33       36       39       42       46       51       55       58       60       60       57       52       47       41       36       31      26
          37      38       40       41       41       41       40       38       36       34       32       29       27       25       23       22       20       19       18       18       17       16       16       16       16       16       16       16       17       18       19       20       21       23       24       27       29       32       36       39       43       47       50       53       54       55       54       51       49       45       42       39       36       34       32       30       28       27       26       26       25       25       25       25       26       27       28       29       30       32       33      35
          39      36       33       30       27       25       22       21       19       18       16       16       15       14       14       13       13       13       13       13       14       14       15       15       16       17       19       20       22       24       26       29       32       34       37       39       41       42       42       41       39       37       35       33       31       29       27       26       25       24       23       23       22       22       22       23       23       24       25       27       28       30       32       35       37       39       42       43       44       44       43      41
