SWAN 1
LOCATIONS
     1
     -67.28  18.38
AFREQ
     56
     0.0300
     0.0400
     0.0500
     0.0600
     0.0700
     0.0800
     0.0900
     0.1000
     0.1100
     0.1200
     0.1300
     0.1400
     0.1500
     0.1600
     0.1700
     0.1800
     0.1900
     0.2000
     0.2100
     0.2200
     0.2300
     0.2400
     0.2500
     0.2600
     0.2700
     0.2800
     0.2900
     0.3000
     0.3100
     0.3200
     0.3300
     0.3400
     0.3500
     0.3600
     0.3700
     0.3800
     0.3900
     0.4000
     0.4100
     0.4200
     0.4300
     0.4400
     0.4500
     0.4600
     0.4700
     0.4800
     0.4900
     0.5000
     0.5100
     0.5200
     0.5300
     0.5400
     0.5500
     0.5600
     0.5700
     0.5800
NDIR
     72
     5.0000
     10.0000
     15.0000
     20.0000
     25.0000
     30.0000
     35.0000
     40.0000
     45.0000
     50.0000
     55.0000
     60.0000
     65.0000
     70.0000
     75.0000
     80.0000
     85.0000
     90.0000
     95.0000
     100.0000
     105.0000
     110.0000
     115.0000
     120.0000
     125.0000
     130.0000
     135.0000
     140.0000
     145.0000
     150.0000
     155.0000
     160.0000
     165.0000
     170.0000
     175.0000
     180.0000
     185.0000
     190.0000
     195.0000
     200.0000
     205.0000
     210.0000
     215.0000
     220.0000
     225.0000
     230.0000
     235.0000
     240.0000
     245.0000
     250.0000
     255.0000
     260.0000
     265.0000
     270.0000
     275.0000
     280.0000
     285.0000
     290.0000
     295.0000
     300.0000
     305.0000
     310.0000
     315.0000
     320.0000
     325.0000
     330.0000
     335.0000
     340.0000
     345.0000
     350.0000
     355.0000
     360.0000
QUANT
     1
VaDens
m2/Hz/degr
     -999.000000
FACTOR
     1.00000E-06
          75      74       70       63       55       48       42       36       32       29       26       24       22       21       20       19       18       18       18       18       18       18       19       19       20       20       21       22       22       22       22       22       22       21       20       19       18       17       16       15       14       13       12       11       11       10       10       10        9        9        9        9        9       10       10       10       11       12       13       14       15       17       19       21       25       29       34       40       48       56       65      72
         427     374      325      283      248      221      199      181      167      155      145      137      129      122      115      107      100       93       86       78       71       65       59       53       48       43       39       36       33       30       28       26       24       22       21       20       19       19       18       18       17       17       17       17       18       18       18       19       20       21       22       24       26       29       32       35       40       46       53       62       74       90      111      138      174      222      282      353      423      475      492     471
        2596    1705     1157      825      616      480      387      321      272      237      209      188      172      159      149      141      135      130      127      125      123      123      123      124      125      127      129      132      134      137      139      141      142      143      143      143      142      140      137      135      132      130      127      125      123      121      120      120      120      122      124      127      132      138      146      155      168      184      205      232      267      314      378      469      601      803     1123     1652     2516     3679     4375    3761
       69666  531366   114931    21339     8555     4540     2793     1886     1358     1026      805      651      540      458      396      348      311      281      258      239      224      213      204      197      192      190      189      189      192      196      202      210      220      233      249      268      291      320      354      394      444      502      572      653      747      852      965     1078     1185     1275     1340     1376     1386     1375     1351     1323     1297     1279     1272     1281     1309     1361     1443     1565     1742     1999     2381     2970     3937     5680     9329   19308
     1964900  360130    74578    30470    16184     9904     6632     4730     3536     2744     2194     1799     1508     1288     1118      985      881      797      730      676      632      597      570      548      532      522      515      513      516      522      533      549      570      596      629      670      719      778      849      935     1038     1163     1313     1493     1709     1967     2272     2626     3028     3470     3935     4397     4826     5197     5494     5717     5882     6017     6152     6322     6562     6910     7417     8154     9233    10845    13349    17481    24980    40859    85295  325091
      573186  178402    60970    28239    15632     9677     6469     4576     3381     2587     2037     1645     1356     1140      974      844      743      661      596      543      500      465      437      414      396      381      371      364      360      358      360      365      372      383      398      417      440      468      504      546      598      662      741      837      958     1109     1300     1546     1862     2276     2822     3546     4506     5770     7396     9391    11657    13947    15930    17359    18224    18735    19196    19918    21214    23482    27379    34228    47169    75298   153534  435600
       28100   60427   192031   217883    56512    19292     9037     5048     3147     2115     1503     1115      857      677      548      454      382      328      285      251      224      203      185      171      160      151      143      137      133      130      128      127      127      128      130      134      139      145      152      162      174      188      206      228      256      290      332      387      457      548      669      832     1057     1372     1823     2476     3422     4760     6505     8417     9916    10479    10159     9429     8709     8210     8014     8179     8799    10083    12509   17286
       47235  134552   224682    74345    23766    10635     5780     3539     2349     1654     1218      930      731      590      486      408      349      303      266      237      214      195      180      167      157      149      143      138      134      132      131      131      131      133      137      141      147      154      163      174      188      205      226      251      283      322      371      434      514      618      754      936     1182     1515     1968     2577     3371     4335     5372     6295     6912     7162     7142     7020     6939     7006     7308     7958     9151    11286    15313   23928
       12486   19178    38888   122882   163778    40858    12944     5800     3138     1907     1254      875      638      482      376      300      245      204      173      149      130      115      103       93       85       79       73       69       66       63       61       59       58       58       58       58       59       61       63       65       69       73       78       85       92      102      114      128      146      170      199      238      289      358      453      586      781     1073     1524     2243     3407     5240     7771    10242    11283    10672     9448     8414     7828     7744     8245    9585
       16201   21363    31040    48495    66553    55624    30224    15435     8563     5196     3391     2344     1695     1272      985      783      636      528      445      382      332      293      261      236      215      199      185      174      165      158      153      149      146      144      144      145      147      150      155      161      169      179      191      206      224      246      273      306      348      400      466      551      661      806     1000     1263     1625     2130     2837     3817     5126     6743     8469     9924    10777    11003    10859    10657    10628    10940    11759   13347
       10125   16327    31960    71930    82566    34900    14115     7032     4070     2605     1790     1298      980      766      615      506      425      363      316      278      249      225      206      191      179      169      161      155      151      148      146      146      147      149      153      158      164      173      184      197      213      233      258      289      327      375      435      512      612      742      914     1141     1442     1835     2331     2918     3531     4056     4373     4437     4304     4074     3834     3637     3511     3471     3531     3711     4050     4620     5561    7166
       11733   19375    35001    53160    42769    21997    11315     6502     4116     2804     2020     1521     1186      951      782      657      562      489      432      387      350      321      298      279      263      251      242      235      231      228      227      228      231      235      242      251      262      276      293      313      337      366      400      440      488      544      610      686      773      871      980     1098     1221     1344     1463     1571     1666     1747     1817     1879     1940     2007     2090     2196     2340     2535     2805     3184     3729     4540     5806    7913
        4305    6722    12139    25262    39338    24813    10812     5353     3076     1966     1356      989      754      595      483      402      342      296      260      233      211      193      179      168      160      153      148      145      143      142      143      145      149      153      160      168      179      192      207      227      250      279      315      358      411      476      554      648      758      881     1012     1138     1246     1321     1357     1354     1323     1276     1224     1176     1137     1112     1102     1111     1141     1196     1284     1416     1611     1900     2344    3059
        4228    7565    18228    69967    79282    18911     6732     3325     1955     1280      901      669      518      415      341      287      246      215      191      173      158      146      137      129      124      120      117      115      115      115      117      120      124      129      136      145      156      170      187      208      233      266      306      356      419      497      594      710      844      988     1124     1231     1288     1291     1248     1177     1096     1019      952      899      861      839      832      842      871      923     1004     1126     1307     1584     2025    2780
        2581    4665    11121    36009    36555    10619     4083     2086     1254      835      596      449      352      285      237      202      175      155      139      127      117      110      104      100       97       95       94       94       95       97      101      105      111      118      128      139      154      173      196      226      264      313      376      456      558      681      819      955     1057     1097     1067      986      883      780      688      613      553      507      474      450      436      431      435      447      471      507      561      639      753      927     1202    1675
        3529    6998    20024    66045    35191     9484     4001     2172     1360      934      683      525      419      345      291      251      221      198      180      166      155      147      141      136      133      132      132      134      137      141      147      155      165      178      194      213      237      266      302      345      397      457      526      599      669      729      767      777      761      724      675      623      573      528      490      459      435      418      408      403      405      414      430      455      492      545      618      723      876     1110     1489    2162
        1489    2503     4916     9881    10440     5157     2400     1304      804      542      390      295      232      189      157      134      117      104       93       85       79       74       71       68       66       65       65       65       66       68       70       74       78       84       92      101      113      128      147      172      204      247      303      376      471      587      713      822      879      863      790      690      592      507      438      385      345      315      293      279      270      267      269      277      292      314      347      395      464      567      729     998
       21509    8525     3106     1505      873      566      397      294      228      183      151      127      110       97       86       78       72       67       63       61       59       57       57       56       57       58       60       63       66       71       77       84       94      106      122      142      170      208      262      339      455      634      916     1345     1895     2301     2216     1766     1306      967      741      591      489      419      371      338      316      302      297      298      307      325      352      394      456      549      694      937     1382     2327     4855   13515
        1961    3309     6212    10481     9585     5156     2678     1558     1005      700      518      401      321      266      226      196      174      156      143      133      125      120      116      114      113      113      115      118      123      130      139      150      165      184      209      242      286      346      427      543      708      944     1270     1665     2010     2104     1890     1530     1189      925      735      599      502      432      381      344      317      299      286      280      278      282      291      307      330      363      409      475      569      709      929    1295
         676     928     1354     2096     3243     4150     3608     2354     1448      933      639      463      352      278      227      190      163      143      128      116      107      100       95       91       89       88       88       89       91       95       99      106      115      126      141      160      186      220      268      337      439      596      848     1268     1949     2817     3241     2727     1903     1287      903      666      515      415      347      299      264      239      222      209      202      198      198      202      209      221      239      264      299      347      417     519
        4560    3433     2096     1279      830      575      420      321      255      209      175      150      132      118      107       98       92       87       83       80       79       78       79       80       82       86       90       97      104      115      128      145      167      196      236      290      366      475      631      855     1149     1462     1644     1574     1320     1036      803      632      511      425      363      318      286      263      247      236      230      229      233      241      254      274      303      343      400      483      607      801     1121     1676     2647    4006
        4157    3988     3020     2057     1394      978      716      545      430      349      291      248      216      192      173      158      147      139      132      128      125      123      123      125      127      132      138      147      158      172      190      213      242      281      332      400      492      617      787     1010     1280     1551     1727     1721     1548     1303     1066      872      722      610      526      464      418      384      360      344      334      331      333      342      358      381      416      463      529      623      756      952     1250     1712     2423    3379
        2834    2957     2469     1796     1260      900      665      509      403      329      276      236      207      184      167      154      144      136      131      127      125      125      126      128      132      138      146      157      170      187      208      234      268      311      364      429      506      592      678      747      781      770      720      647      568      494      430      377      335      301      274      254      238      227      219      215      214      217      222      232      246      265      292      327      376      443      537      672      872     1173     1625    2240
        2085    2159     1973     1641     1302     1022      811      657      543      460      397      351      315      288      268      253      243      236      233      234      237      245      256      272      294      323      361      413      483      579      715      909     1193     1607     2183     2846     3281     3136     2539     1889     1385     1035      797      633      518      435      374      329      295      269      250      236      225      219      216      215      218      223      233      246      263      287      318      358      411      483      579      710      890     1133     1446    1798
        2332    2041     1554     1129      827      624      486      392      325      277      241      215      195      180      169      162      157      154      154      156      161      168      179      193      213      239      275      324      393      493      645      886     1291     1997     3159     4417     4374     3089     1945     1257      863      628      479      381      314      266      231      205      186      171      161      153      148      146      145      147      150      157      166      178      194      216      245      284      338      412      519      674      907     1249     1711    2174
        3106    3826     3231     2139     1364      912      648      486      381      310      260      225      199      180      166      155      148      144      142      142      144      149      157      168      182      202      229      267      318      393      503      673      948     1409     2154     3061     3349     2631     1738     1134      773      557      420      331      269      226      194      171      154      141      131      124      119      115      114      114      116      119      125      133      143      157      176      201      234      281      348      447      601      850     1277    2016
        1033    1306     1577     1734     1685     1461     1181      929      732      586      479      401      343      299      266      241      222      208      197      190      186      185      186      190      197      206      220      239      263      296      339      396      474      582      731      939     1216     1549     1850     1963     1808     1490     1161      894      697      555      453      378      323      282      251      228      210      197      187      180      176      175      176      179      185      194      206      223      244      273      310      360      427      517      641     810
         608     885     1318     1857     2132     1833     1304      887      620      453      347      276      227      193      168      150      136      126      119      114      112      111      112      114      119      126      136      150      169      194      230      281      357      476      673     1023     1683     2845     3902     3286     1986     1165      735      501      363      277      221      182      154      133      118      107       98       92       87       84       82       82       82       84       86       91       97      104      115      129      147      172      207      256      328     436
         945    1127     1260     1286     1190     1023      842      684      558      461      388      333      290      258      233      214      200      189      181      176      173      173      175      179      185      194      207      222      242      267      298      336      381      433      490      548      598      630      635      611      565      507      447      391      341      300      265      237      215      197      183      171      163      156      152      150      150      151      154      159      167      177      191      208      231      261      299      349      416      504      619     768
         598    1225     2961     4348     2231      955      499      305      207      151      117       94       78       67       59       53       49       46       43       42       41       41       41       42       44       47       51       56       63       72       84      101      126      162      217      303      433      605      740      714      553      389      272      197      148      115       93       78       66       58       52       47       44       41       39       38       38       38       38       39       41       44       48       52       59       68       80       97      123      163      228     348
         692    1057     1667     2416     2603     1975     1279      831      570      414      316      252      207      176      154      137      125      116      109      105      102      101      102      104      108      114      122      133      148      168      195      232      283      356      460      609      809     1028     1166     1117      920      698      519      391      302      241      197      165      142      125      112      102       94       88       84       82       80       80       80       82       85       90       96      104      115      130      150      177      215      269      351     480
         675     836      998     1108     1115     1017      864      707      574      469      389      329      284      249      223      203      187      176      168      162      159      158      159      162      168      176      186      200      218      241      269      303      344      392      444      496      539      563      561      533      486      430      374      324      281      245      215      192      173      158      146      136      129      123      120      117      116      117      119      122      127      134      144      156      171      191      218      252      297      356      435     540
         307     369      447      542      648      746      809      810      750      654      550      456      379      318      270      233      204      182      164      150      139      131      124      119      116      114      112      112      113      114      117      120      123      128      133      138      143      148      153      156      159      160      159      157      153      148      142      136      130      124      118      113      109      105      102      100       98       97       98       98      100      103      107      112      119      128      139      153      171      193      222     259
         151     178      213      255      303      347      374      371      340      292      241      197      161      133      111       94       82       72       64       58       53       49       47       44       43       42       41       41       41       42       43       45       48       51       54       59       65       71       80       89      100      113      126      139      151      158      162      160      153      143      132      120      110      100       92       85       79       75       72       69       68       67       67       68       70       73       77       83       91      100      113     129
         479     525      546      537      503      456      405      358      316      282      253      231      213      199      188      180      174      170      168      167      167      169      171      174      177      180      181      182      181      177      172      165      156      146      136      126      116      107       98       91       84       78       73       69       66       63       60       58       57       56       56       56       56       57       59       61       64       67       72       77       84       93      103      116      132      153      178      210      250      299      356     419
         258     313      377      439      486      501      478      428      368      311      262      223      192      167      148      133      122      113      106      101       97       95       94       94       94       96       99      103      107      113      119      126      133      140      147      151      154      154      151      145      138      129      119      110      101       93       85       79       74       69       65       62       60       58       57       56       56       56       57       59       61       64       68       73       80       88       98      111      128      149      177     213
         157     182      212      248      285      321      348      361      355      332      300      265      231      201      176      155      138      124      112      103       96       90       85       81       78       76       74       73       72       72       72       72       73       74       74       75       75       76       76       75       75       74       72       71       69       67       65       63       61       59       57       56       54       53       53       52       52       52       53       54       55       57       60       63       67       72       78       85       94      105      119     136
         109     115      120      124      127      128      128      128      126      124      121      119      117      116      114      114      114      115      117      119      122      126      131      136      142      148      153      158      161      162      161      157      151      142      133      122      112      102       93       84       77       71       65       60       56       53       50       47       45       44       43       42       41       41       41       41       42       43       44       46       48       50       53       57       61       65       70       76       82       88       95     102
         252     309      348      350      316      264      214      173      141      118      101       88       78       71       65       61       59       57       56       57       58       60       63       67       72       79       88       98      111      126      142      156      166      169      163      150      132      113       96       81       69       59       52       45       40       36       33       31       29       27       26       25       25       24       24       25       25       26       27       29       31       34       37       42       47       55       65       78       96      120      153     197
         200     247      305      374      440      486      492      459      401      339      283      237      201      173      152      136      123      114      106      101       98       95       94       95       96       99      103      108      114      122      131      141      152      162      171      178      180      177      170      159      145      131      118      105       94       85       76       69       64       59       55       52       50       48       46       46       45       45       46       47       49       51       54       57       62       68       76       86       98      114      136     163
          90      90       90       90       88       86       84       82       79       77       75       73       71       69       68       67       66       66       65       65       65       65       65       66       66       66       66       65       65       64       63       61       60       58       56       54       52       50       48       46       44       43       41       40       39       38       38       37       37       37       37       37       37       38       39       40       41       43       45       47       50       52       56       59       63       67       71       75       79       82       85      88
          74      81       87       93       98      101      101       99       96       91       85       79       73       67       62       57       54       50       48       45       44       42       41       41       41       41       41       42       43       44       45       47       49       51       54       56       59       61       62       64       64       64       63       61       59       57       54       51       49       46       44       42       40       39       37       36       36       35       35       35       36       37       38       39       41       43       46       49       53       57       62      68
         197     219      223      208      179      148      120       97       79       66       56       48       42       37       33       31       28       27       25       24       24       23       23       24       24       25       26       27       29       31       34       38       42       47       53       61       69       77       86       93       98       99       97       92       85       77       69       62       56       51       47       44       41       39       38       37       36       36       37       38       39       41       44       48       53       60       69       80       95      115      139     168
         127     141      152      158      157      150      139      125      112      100       89       79       71       65       60       56       52       50       48       46       45       44       44       44       45       46       47       48       50       51       53       55       57       58       59       60       60       59       57       55       53       50       48       45       42       40       38       36       34       33       32       31       31       30       30       30       31       31       32       34       35       37       40       43       48       53       59       66       75       86       98     113
          30      31       32       33       34       35       36       38       39       41       43       45       47       49       51       53       56       57       59       61       62       63       63       63       63       62       62       60       59       58       57       55       54       52       51       50       49       47       46       45       44       44       43       42       41       40       40       39       38       37       36       36       35       34       34       33       32       32       31       31       30       30       29       29       29       29       29       29       29       29       29      30
          73      70       65       58       51       44       39       34       30       27       25       23       21       20       19       18       18       17       17       18       18       19       20       21       23       24       27       30       34       38       43       49       54       60       63       65       64       60       55       49       43       38       34       30       27       24       22       20       19       18       17       17       16       16       16       16       17       18       18       20       21       23       25       28       32       37       42       49       56       63       69      73
          48      47       45       44       43       43       42       41       41       41       41       41       42       42       43       44       45       47       48       49       51       52       53       54       55       56       56       56       55       54       53       51       50       48       47       45       43       42       41       40       39       38       37       37       36       36       36       37       37       38       38       39       41       42       43       45       46       48       50       51       53       54       55       56       56       56       55       54       53       52       51      49
          29      29       29       29       30       31       32       33       35       37       39       42       46       51       56       63       71       80       90      101      111      118      121      119      112      102       91       79       69       60       52       46       40       36       33       30       27       25       24       22       21       21       20       19       19       19       19       19       19       19       20       20       21       21       22       23       24       24       25       26       27       27       28       28       29       29       29       29       29       29       29      29
          22      22       23       24       25       27       29       32       35       39       43       48       54       60       64       67       67       65       60       54       48       42       36       32       28       25       22       20       18       17       16       15       14       14       13       13       13       13       13       14       14       15       16       17       18       20       22       24       27       30       34       38       42       45       48       50       50       49       47       44       40       37       34       31       29       27       25       24       23       22       22      22
          46      47       48       50       51       53       55       57       59       62       65       68       71       74       77       80       82       83       84       84       83       81       79       75       72       68       64       61       57       54       51       48       45       43       41       40       38       37       36       35       34       34       34       33       33       33       34       34       34       35       35       36       36       37       37       38       39       39       40       40       41       41       42       42       43       43       43       44       44       44       45      46
          36      36       36       36       36       35       35       34       33       31       30       29       28       26       25       24       23       22       21       21       20       19       19       19       19       19       19       19       19       19       20       20       21       22       23       24       25       27       28       30       32       34       36       37       39       41       42       43       43       44       43       43       42       41       40       40       39       38       37       36       36       35       35       35       34       34       35       35       35       35       36      36
          42      48       54       59       62       62       58       53       46       39       33       28       24       21       18       16       14       13       12       11       10       10        9        9        9        8        8        8        8        8        9        9        9       10       10       11       12       13       13       14       16       17       18       19       19       20       20       21       20       20       20       19       19       18       17       17       17       16       16       16       16       17       17       18       19       20       21       23       26       29       33      37
          15      15       14       14       14       14       15       15       15       16       17       18       19       20       21       23       24       25       26       27       28       28       28       27       26       24       23       21       20       18       17       16       15       14       14       13       13       12       12       12       12       12       12       13       13       14       14       15       16       17       19       20       21       23       24       26       27       28       28       28       28       27       25       24       23       21       20       19       18       17       16      16
          12      12       11       11       11       11       11       11       11       11       11       11       12       12       13       13       14       15       15       16       17       18       18       19       19       19       19       19       18       18       17       16       15       15       14       13       13       12       12       11       11       11       10       10       10       10       10       11       11       11       11       12       12       12       13       13       14       14       15       15       15       16       16       16       15       15       15       14       14       13       13      12
          16      17       19       20       22       23       25       26       28       29       30       30       31       30       29       28       27       26       25       23       22       21       20       19       19       18       17       17       17       16       16       16       16       15       15       15       15       15       15       15       15       14       14       14       14       13       13       13       12       12       12       11       11       11       10       10       10       10       10       10       10       10       10       10       11       11       11       12       13       13       14      15
          10      10       10       10       11       11       11       11       12       12       13       13       14       14       15       15       16       16       16       16       15       15       14       14       13       12       12       11       10       10        9        9        9        8        8        8        8        8        7        7        7        8        8        8        8        8        9        9        9       10       10       10       11       11       12       12       12       12       12       12       12       12       12       12       12       11       11       11       11       10       10      10
