SWAN 1
LOCATIONS
     1
     681726.07 2033118.57
AFREQ
     56
     0.0300
     0.0400
     0.0500
     0.0600
     0.0700
     0.0800
     0.0900
     0.1000
     0.1100
     0.1200
     0.1300
     0.1400
     0.1500
     0.1600
     0.1700
     0.1800
     0.1900
     0.2000
     0.2100
     0.2200
     0.2300
     0.2400
     0.2500
     0.2600
     0.2700
     0.2800
     0.2900
     0.3000
     0.3100
     0.3200
     0.3300
     0.3400
     0.3500
     0.3600
     0.3700
     0.3800
     0.3900
     0.4000
     0.4100
     0.4200
     0.4300
     0.4400
     0.4500
     0.4600
     0.4700
     0.4800
     0.4900
     0.5000
     0.5100
     0.5200
     0.5300
     0.5400
     0.5500
     0.5600
     0.5700
     0.5800
NDIR
     72
     5.0000
     10.0000
     15.0000
     20.0000
     25.0000
     30.0000
     35.0000
     40.0000
     45.0000
     50.0000
     55.0000
     60.0000
     65.0000
     70.0000
     75.0000
     80.0000
     85.0000
     90.0000
     95.0000
     100.0000
     105.0000
     110.0000
     115.0000
     120.0000
     125.0000
     130.0000
     135.0000
     140.0000
     145.0000
     150.0000
     155.0000
     160.0000
     165.0000
     170.0000
     175.0000
     180.0000
     185.0000
     190.0000
     195.0000
     200.0000
     205.0000
     210.0000
     215.0000
     220.0000
     225.0000
     230.0000
     235.0000
     240.0000
     245.0000
     250.0000
     255.0000
     260.0000
     265.0000
     270.0000
     275.0000
     280.0000
     285.0000
     290.0000
     295.0000
     300.0000
     305.0000
     310.0000
     315.0000
     320.0000
     325.0000
     330.0000
     335.0000
     340.0000
     345.0000
     350.0000
     355.0000
     360.0000
QUANT
     1
VaDens
m2/Hz/degr
     -999.000000
FACTOR
     1.00000E-06
         367     233      140       90       62       46       36       29       24       21       18       17       15       15       14       14       13       14       14       14       15       16       17       19       20       22       25       27       29       31       32       31       29       27       24       21       19       16       14       12       11       10        9        8        8        7        7        6        6        6        6        6        6        6        7        7        8        8        9       10       11       13       16       19       24       32       43       62       96      161      277     402
         580     692      695      590      453      339      256      199      159      131      111       96       85       76       70       65       62       59       57       57       56       57       58       60       62       65       68       72       77       82       87       91       95       97       98       96       93       88       83       77       70       65       59       54       50       47       44       41       39       38       37       36       36       36       36       37       38       39       42       45       48       53       60       68       79       93      113      141      180      237      321     438
       14601    7643     3792     2175     1408      993      747      589      483      408      354      313      283      260      242      228      218      210      204      201      198      197      197      197      198      198      198      198      197      195      192      188      183      177      170      163      155      148      141      134      129      123      119      115      111      109      107      106      106      106      108      110      114      119      125      133      143      155      172      192      219      254      301      366      459      597      814     1178     1855     3282     6718   13684
      167970  431722    58116    16432     7477     4209     2677     1846     1349     1030      814      662      552      470      408      359      321      292      268      249      234      223      214      208      203      201      201      203      206      212      220      231      244      261      283      309      342      384      436      503      588      698      843     1035     1290     1630     2073     2626     3250     3833     4209     4266     4036     3650     3238     2870     2573     2347     2188     2087     2039     2044     2105     2230     2440     2769     3279     4095     5485     8113    14036   32731
      181594 1766930   832890    99353    34725    17095     9977     6459     4490     3289     2508     1977     1601     1326     1122      965      844      749      674      613      565      526      495      470      451      437      428      422      420      422      427      437      451      469      493      523      561      608      665      737      827      939     1082     1265     1503     1818     2240     2818     3622     4756     6361     8599    11539    14889    17736    18944    18242    16413    14377    12627    11306    10404     9878     9700     9873    10446    11541    13415    16599    22316    33851   62885
      261406  877836   489410   115989    44364    22232    12958     8318     5713     4128     3103     2409     1921     1567     1305     1106      952      831      736      659      597      547      506      473      446      424      407      394      385      379      376      376      379      385      394      407      424      445      471      503      542      590      648      718      804      910     1042     1206     1413     1674     2009     2438     2991     3703     4611     5746     7119     8689    10353    11956    13348    14461    15345    16148    17071    18355    20312    23426    28595    37779    56109  100989
      135156  489921   411159    97008    35480    17491    10150     6521     4495     3263     2466     1925     1544     1267     1060      903      781      686      610      549      499      459      426      400      378      361      348      337      330      326      324      324      327      333      342      353      367      385      407      434      466      505      552      607      674      754      851      968     1108     1277     1481     1723     2009     2342     2721     3141     3593     4063     4536     5004     5466     5937     6443     7028     7756     8723    10078    12081    15233    20614    30979   55214
       16420   34700   136966   352785    67360    18031     7801     4210     2581     1721     1218      903      694      550      447      371      314      270      236      209      187      170      156      145      136      129      123      119      116      114      113      112      113      115      118      122      128      135      143      154      167      183      203      228      259      299      350      416      503      621      783     1010     1336     1813     2519     3551     4965     6594     7884     8231     7673     6744     5866     5198     4757     4525     4489     4663     5097     5913     7389   10208
       40683   40563    39287    34966    27507    19371    12841     8408     5593     3824     2696     1958     1463     1120      877      702      572      474      399      340      294      258      228      205      185      169      156      146      137      130      124      119      116      113      112      111      111      112      114      117      121      126      132      140      149      161      175      192      213      239      270      310      360      424      507      617      762      961     1239     1636     2218     3099     4471     6664    10217    15847    23936    33150    40052    42543    42103   41109
        9595   13588    23319    53255   107441    56573    17947     7521     3889     2294     1479     1016      734      550      426      339      276      229      194      167      145      128      115      104       95       88       82       77       73       71       68       67       66       65       65       66       67       69       72       75       79       84       90       98      107      119      133      152      175      204      242      293      361      455      589      785     1084     1562     2364     3789     6412    10988    16616    18495    15423    11660     9081     7573     6799     6567     6832    7712
       10568   12449    15671    21419    32130    50594    65321    50084    26863    14116     8076     5029     3353     2359     1732     1318     1032      829      681      570      485      419      368      327      294      267      245      228      213      202      193      185      180      176      174      173      174      176      180      185      192      201      212      226      243      263      288      319      357      405      463      537      632      753      911     1118     1394     1763     2257     2914     3764     4805     5965     7077     7940     8432     8591     8564     8515     8577     8857    9467
        6866    9167    13504    22721    43690    69303    49437    22181    10705     5957     3695     2478     1762     1311     1012      804      656      546      464      401      352      313      282      257      237      221      208      198      190      184      180      178      177      177      179      183      189      196      206      218      233      251      274      302      336      379      433      500      585      694      836     1020     1261     1576     1980     2482     3067     3676     4205     4545     4648     4553     4348     4117     3918     3782     3726     3765     3919     4218     4720    5533
        3771    4922     7035    11446    22374    48321    53115    23392     9851     5021     2951     1911     1327      970      739      582      471      390      329      284      248      220      198      180      166      155      146      139      133      129      126      125      124      125      127      129      134      139      147      156      167      181      198      220      247      280      322      376      445      535      654      811     1021     1298     1657     2098     2583     3027     3314     3378     3250     3016     2763     2538     2364     2247     2189     2192     2262     2413     2672    3091
        1730    2402     3677     6508    14296    33427    30287    11712     5072     2707     1660     1117      803      606      476      386      321      273      237      209      188      171      158      147      139      133      129      125      124      123      124      126      130      134      141      149      159      172      188      208      233      263      301      348      407      480      568      673      790      911     1019     1094     1123     1104     1049      975      896      823      759      708      669      641      625      620      626      645      679      732      810      922     1087    1336
        1528    2298     4015     9102    30188    40534    11821     4214     2065     1208      789      555      412      319      256      211      178      153      134      119      108       99       92       86       82       79       76       75       74       74       75       77       79       82       87       92       99      108      118      132      149      170      196      230      274      329      400      487      592      707      818      900      935      917      861      785      707      637      579      534      499      476      463      459      465      481      510      556      624      725      877    1119
        2637    4209     7904    15880    17575     8454     3695     1901     1118      723      501      365      277      218      175      145      122      105       91       81       72       65       60       56       52       50       47       46       45       44       43       43       44       45       46       47       49       52       56       60       65       71       79       88      100      115      133      156      186      224      273      335      413      507      616      729      832      907      943      944      921      888      856      833      825      834      865      925     1024     1183     1438    1864
        1994    3079     5263     9197    11386     7637     3980     2191     1335      884      625      464      359      286      235      197      169      147      130      117      106       98       91       86       82       79       76       75       74       74       74       75       77       80       83       87       92       98      106      114      125      137      152      169      189      212      237      264      293      322      350      374      393      406      413      416      415      412      409      408      409      414      424      440      464      499      548      616      714      856     1070    1412
         637     979     1765     4277    17797    23916     5339     1838      903      533      351      249      187      146      118       98       84       73       65       58       53       49       46       44       42       41       40       40       40       41       42       44       46       49       53       58       65       73       83       96      114      138      170      214      274      358      467      595      708      756      718      622      514      420      347      292      252      222      201      185      175      169      166      167      172      181      194      215      245      288      354     459
         573     838     1376     2671     5968     8305     4347     1861      951      565      371      263      196      153      123      102       86       75       66       59       54       50       47       44       43       41       41       40       41       41       42       44       46       49       53       58       64       72       82       95      113      136      168      214      278      371      501      671      848      953      920      785      629      497      399      327      277      240      214      195      182      174      170      170      173      181      193      211      238      277      335     425
        1454    1946     2682     3704     4786     5218     4561     3411     2417     1726     1271      969      763      620      516      440      383      339      305      279      258      242      230      221      215      211      209      209      211      215      221      229      238      250      264      281      299      319      341      363      385      405      423      436      443      445      441      432      420      405      390      374      360      347      336      327      321      318      318      320      327      337      352      372      399      435      482      545      628      742      900    1124
         728    1283     2578     4759     4441     2302     1181      693      454      323      244      193      159      135      118      105       96       89       84       81       79       78       78       80       83       87       93      101      112      125      143      167      197      237      288      347      410      460      477      453      397      332      272      221      182      152      129      112       98       88       80       74       69       66       63       62       61       61       62       64       67       71       77       84       94      107      125      150      185      238      322     464
        1159    1742     2906     5148     7123     5296     2767     1480      878      570      396      290      222      175      142      118      101       87       77       69       62       57       53       50       47       45       44       43       42       42       42       42       43       45       47       49       52       56       60       66       72       80       90      102      116      133      154      178      205      236      267      297      322      341      350      351      346      337      327      317      309      305      304      308      318      335      360      397      451      530      650     840
         773    1338     2557     3931     2966     1476      767      451      293      205      151      117       93       77       65       56       49       44       40       36       34       32       31       30       29       29       29       29       30       31       32       34       36       39       43       48       54       62       73       86      104      129      161      205      262      330      399      446      453      418      363      305      256      216      186      164      147      135      126      121      118      117      119      124      131      143      160      184      219      273      358     502
        1179    1640     1657     1185      739      467      313      222      165      128      103       85       71       62       54       49       44       41       38       36       34       33       33       32       32       33       33       34       36       38       40       43       47       52       57       64       72       82       94      106      120      134      147      156      161      161      156      148      138      128      118      109      102       96       92       88       86       85       86       88       91       96      103      113      127      146      172      211      269      360      509     764
         527     889     1554     2156     1756     1025      593      373      254      185      142      113       94       79       69       62       56       52       48       46       45       44       43       44       45       46       48       52       56       61       68       76       87      101      118      140      165      193      219      237      241      229      206      179      153      130      111       95       83       74       66       61       56       53       51       49       48       48       48       49       51       54       58       63       70       80       93      111      137      176      238     340
        1388    1274      991      718      518      384      294      232      189      158      135      118      105       95       87       81       77       73       71       70       69       69       70       71       74       77       81       86       91       98      106      114      124      134      143      152      159      163      164      162      157      150      142      133      124      116      109      103       97       93       90       87       86       85       86       87       90       94       99      106      116      128      144      166      196      237      295      379      503      687      943    1230
         480     468      444      410      370      329      289      253      221      193      169      149      132      117      105       95       86       79       73       68       63       59       56       54       51       50       48       47       46       45       45       45       45       45       46       47       48       49       51       52       55       57       60       63       66       70       75       80       85       91       97      105      112      121      130      141      152      164      178      193      210      228      249      272      297      324      354      385      415      443      465     479
         403     428      444      449      441      418      384      345      303      264      228      197      170      148      130      115      102       92       83       75       69       64       60       57       54       51       49       48       46       46       45       45       45       45       45       46       47       49       50       52       55       57       60       64       67       71       76       81       87       92       99      105      112      119      126      134      142      149      158      166      175      185      195      207      220      235      253      272      295      319      347     375
         623     761      822      763      629      490      378      295      236      194      163      140      123      110      100       93       87       83       80       78       77       77       78       79       81       84       88       92       97      101      106      111      115      117      118      117      114      110      104       98       91       84       78       73       68       63       59       56       54       52       50       49       49       49       49       50       51       53       56       60       64       70       78       88      101      118      140      171      214      275      360     477
         404     478      518      505      447      370      299      240      195      162      136      117      102       91       82       76       70       66       63       61       59       58       58       58       59       60       61       63       65       68       70       73       75       77       78       79       79       78       77       74       71       68       65       62       58       55       53       51       49       47       46       45       44       44       45       45       46       48       50       53       57       62       68       76       86       98      115      137      167      206      259     326
         555     576      516      412      311      232      176      136      108       88       73       62       54       47       42       38       35       32       30       29       28       27       26       26       26       26       27       28       29       30       32       34       36       39       42       46       51       56       61       67       74       80       85       90       93       94       94       92       90       87       84       80       78       75       74       73       72       73       74       77       81       86       93      103      116      133      156      188      233      295      376     473
         538     484      383      286      214      163      128      103       86       73       63       56       51       46       43       41       39       38       37       37       37       37       38       40       41       43       46       49       52       56       60       63       67       69       71       71       70       68       65       61       57       53       49       46       42       40       38       36       34       33       32       32       32       32       33       34       35       37       40       43       48       53       61       71       85      103      130      167      222      300      401     499
         288     357      414      427      383      309      236      178      136      106       84       69       57       49       42       37       33       30       28       26       24       23       23       22       22       22       22       22       23       23       25       26       28       30       33       36       40       45       50       57       65       73       83       92      100      106      109      109      106      101       94       88       82       76       72       68       65       63       62       62       62       64       66       70       75       83       92      106      124      148      182     228
         173     172      170      166      162      156      150      142      134      125      116      108       99       91       84       77       71       65       60       55       51       48       45       42       40       38       36       34       33       32       31       30       30       30       29       29       30       30       30       31       32       33       34       36       37       39       41       44       47       50       54       58       63       68       73       79       86       93      100      108      116      123      131      138      145      151      157      162      166      169      171     172
         442     432      362      276      204      152      115       90       72       59       50       43       37       33       30       27       25       24       22       21       21       20       20       20       20       20       20       21       22       23       24       25       27       29       31       33       35       38       40       43       45       46       48       48       48       48       47       46       45       44       43       42       42       41       41       42       42       44       46       48       52       56       62       70       81       95      114      142      180      234      306     387
          92      95       95       93       89       83       77       69       62       56       50       45       40       36       33       30       28       26       24       23       22       21       20       20       19       19       19       19       19       19       20       20       20       21       22       23       23       24       25       26       28       29       30       31       32       33       34       34       35       35       36       36       37       37       38       38       39       40       41       42       44       45       48       50       54       57       61       66       72       77       83      88
         185     153      122       96       77       63       53       45       40       36       33       30       29       28       27       27       27       27       28       30       31       34       36       39       43       46       50       53       55       55       53       50       46       41       36       32       28       25       22       20       18       16       15       14       13       12       12       12       11       11       11       11       12       12       13       14       15       16       18       20       22       26       31       37       46       58       74       98      129      165      195     203
         120     114      105       96       86       77       69       62       55       50       46       42       39       36       34       32       30       29       28       28       27       27       27       27       27       27       27       28       29       29       30       31       32       33       34       35       36       36       37       38       38       38       38       38       38       38       38       38       38       38       38       39       39       40       41       42       44       46       49       52       56       60       65       71       78       86       95      103      111      118      122     123
          22      22       22       23       23       24       24       25       26       27       27       28       29       29       29       29       29       28       28       27       26       25       24       23       22       21       20       19       19       18       18       18       17       17       17       17       17       18       18       19       19       20       21       22       23       24       25       26       28       29       30       31       32       32       32       32       32       31       30       29       28       27       26       25       24       24       23       23       22       22       22      22
          86      91       94       97       98       97       93       88       81       74       66       59       52       46       41       37       33       30       27       25       23       22       20       19       18       18       17       17       16       16       16       16       16       16       17       17       18       19       20       21       22       23       25       26       28       30       32       34       37       39       41       43       45       47       49       50       51       52       52       53       54       55       56       57       58       60       63       66       69       73       77      81
         111     128      140      144      136      121      102       84       69       57       47       40       34       30       26       23       21       19       18       17       16       15       15       14       14       14       14       14       15       15       16       16       17       18       19       21       22       24       25       27       28       30       31       32       32       32       32       31       31       30       29       28       27       27       26       26       26       26       26       27       28       29       31       33       36       39       44       50       58       67       80      94
          52      50       48       46       44       43       42       41       40       39       39       38       37       36       35       34       33       32       30       29       27       26       24       23       22       20       19       18       17       16       16       15       15       14       14       14       13       13       13       13       14       14       14       15       16       16       17       18       20       21       23       26       28       31       35       39       44       49       55       60       66       70       74       75       76       75       72       69       65       62       58      55
          24      26       28       30       33       36       39       41       43       43       43       41       38       35       31       28       25       22       20       18       16       15       14       13       12       11       11       10       10       10       10       10       10       10       10       10       11       11       12       13       13       14       15       16       17       18       19       20       21       22       23       23       23       22       22       21       21       20       19       19       18       18       18       18       18       18       18       19       19       20       21      22
          16      16       16       15       15       15       15       16       16       17       17       18       19       20       21       22       23       24       25       25       25       25       24       24       22       21       20       18       17       16       15       14       13       12       12       11       11       11       10       10       10       10       10       10       11       11       11       12       13       13       14       15       16       18       19       20       22       23       24       25       25       25       25       24       23       22       21       20       19       18       18      17
           6       6        6        6        6        7        7        8        9       10       11       13       15       19       23       28       34       39       41       38       33       26       21       16       13       11        9        8        6        6        5        5        4        4        4        4        3        3        3        3        4        4        4        4        5        5        6        7        8        9       11       14       19       25       34       47       61       70       68       56       42       32       24       19       15       12       11        9        8        7        7       7
          20      18       16       14       13       12       11       11       11       11       10       11       11       11       11       12       12       13       14       14       15       16       16       17       17       16       16       15       14       13       12       11       10       10        9        8        8        7        7        7        7        6        6        6        6        7        7        7        7        8        9        9       11       12       14       16       19       23       28       35       44       54       65       73       75       70       60       50       41       33       28      23
          27      22       18       15       13       12       11       10        9        8        8        8        8        8        8        8        8        8        9        9       10       11       12       14       15       17       19       20       22       23       24       23       22       21       19       17       16       14       13       12       11       10        9        9        8        8        8        8        8        8        8        9        9       10       11       12       14       16       18       22       27       35       45       59       77       93      100       93       76       59       45      35
          29      25       22       19       16       14       12       11       10        9        8        8        7        7        7        6        6        6        7        7        7        7        8        8        9       10       10       11       12       13       14       14       15       15       14       14       13       12       11       10        9        8        8        7        7        6        6        6        6        6        6        6        6        6        6        6        7        7        8        9       10       11       13       15       17       20       24       28       31       33       34      32
           7       6        5        5        5        4        4        4        4        4        4        4        5        5        5        5        6        6        7        7        8        8        9        9        9        8        8        7        7        6        6        5        5        4        4        4        4        3        3        3        3        3        3        3        3        3        4        4        4        5        5        6        7        9       11       14       18       25       34       48       64       74       69       54       39       28       21       16       13       10        9       7
           5       5        5        5        5        5        5        5        6        6        6        7        7        8        8        9        9        9        9        9        9        8        8        7        7        6        5        5        5        4        4        4        3        3        3        3        3        3        3        3        3        3        3        4        4        4        5        5        6        7        9       10       13       16       20       24       29       33       34       32       28       24       19       16       13       11       10        8        7        7        6       6
           5       4        4        4        4        4        4        4        5        5        5        5        6        6        7        7        8        8        9        9        9        9        8        8        7        7        6        5        5        4        4        4        4        3        3        3        3        3        3        3        3        3        3        3        3        4        4        5        5        6        7        8       10       12       14       17       20       23       25       25       23       20       17       14       12       10        9        8        7        6        5       5
           3       3        3        3        3        2        2        2        2        2        3        3        3        3        3        3        4        4        5        5        6        6        7        7        7        7        7        7        7        6        6        5        5        4        4        4        4        3        3        3        3        3        3        3        4        4        4        4        5        6        6        8        9       11       14       18       23       29       35       37       34       28       21       16       13       10        8        7        6        5        4       4
          13      10        8        7        6        5        5        4        4        3        3        3        3        3        3        3        3        3        3        3        3        3        4        4        4        4        5        5        6        6        7        7        7        7        7        7        7        7        6        6        6        5        5        5        5        5        5        4        4        5        5        5        5        5        6        7        7        8       10       12       15       18       24       31       39       47       50       46       37       29       22      17
          12      10        8        7        6        5        4        4        4        3        3        3        3        3        3        3        3        3        3        3        3        4        4        4        5        5        6        7        8       10       11       13       15       17       19       19       19       18       16       14       13       11       10        9        8        8        7        7        6        6        6        6        6        7        7        8        8        9       11       12       14       17       20       24       28       31       32       30       27       22       18      14
           5       4        4        3        3        2        2        2        2        2        2        2        2        2        2        2        2        2        2        2        2        3        3        3        4        4        5        6        6        7        8        9       10       11       11       11       10        9        9        8        7        7        6        6        5        5        5        5        5        5        5        6        6        7        8        9       10       12       14       18       22       26       30       31       28       24       19       15       11        9        7       6
           5       4        4        3        3        3        2        2        2        2        2        2        2        2        2        2        2        2        2        2        2        2        3        3        3        3        4        4        5        5        6        6        7        7        7        8        8        8        7        7        7        7        6        6        6        6        5        5        5        5        6        6        6        6        7        7        8        9       10       11       13       14       15       15       15       14       13       11       10        8        7       6
