SWAN 1
LOCATIONS
     1
     681726.07 2033118.57
AFREQ
     56
     0.0300
     0.0400
     0.0500
     0.0600
     0.0700
     0.0800
     0.0900
     0.1000
     0.1100
     0.1200
     0.1300
     0.1400
     0.1500
     0.1600
     0.1700
     0.1800
     0.1900
     0.2000
     0.2100
     0.2200
     0.2300
     0.2400
     0.2500
     0.2600
     0.2700
     0.2800
     0.2900
     0.3000
     0.3100
     0.3200
     0.3300
     0.3400
     0.3500
     0.3600
     0.3700
     0.3800
     0.3900
     0.4000
     0.4100
     0.4200
     0.4300
     0.4400
     0.4500
     0.4600
     0.4700
     0.4800
     0.4900
     0.5000
     0.5100
     0.5200
     0.5300
     0.5400
     0.5500
     0.5600
     0.5700
     0.5800
NDIR
     72
     5.0000
     10.0000
     15.0000
     20.0000
     25.0000
     30.0000
     35.0000
     40.0000
     45.0000
     50.0000
     55.0000
     60.0000
     65.0000
     70.0000
     75.0000
     80.0000
     85.0000
     90.0000
     95.0000
     100.0000
     105.0000
     110.0000
     115.0000
     120.0000
     125.0000
     130.0000
     135.0000
     140.0000
     145.0000
     150.0000
     155.0000
     160.0000
     165.0000
     170.0000
     175.0000
     180.0000
     185.0000
     190.0000
     195.0000
     200.0000
     205.0000
     210.0000
     215.0000
     220.0000
     225.0000
     230.0000
     235.0000
     240.0000
     245.0000
     250.0000
     255.0000
     260.0000
     265.0000
     270.0000
     275.0000
     280.0000
     285.0000
     290.0000
     295.0000
     300.0000
     305.0000
     310.0000
     315.0000
     320.0000
     325.0000
     330.0000
     335.0000
     340.0000
     345.0000
     350.0000
     355.0000
     360.0000
QUANT
     1
VaDens
m2/Hz/degr
     -999.000000
FACTOR
     1.00000E-06
         134     128      106       81       61       47       36       29       24       20       17       15       14       12       11       11       10       10       10        9        9       10       10       10       11       11       12       13       14       15       16       18       19       21       22       23       23       23       23       21       20       18       17       15       14       13       12       11       11       10       10       10        9        9        9       10       10       10       11       12       13       14       16       19       22       27       33       42       54       72       95     120
         903     834      590      389      265      191      146      116       96       82       72       64       59       55       53       51       50       50       51       52       54       57       60       64       68       72       75       78       78       77       74       70       64       58       51       46       40       36       32       29       26       24       22       21       19       18       18       17       17       16       16       17       17       17       18       19       20       22       24       26       30       34       40       48       58       73       96      130      186      280      442     691
        9202    9532     7351     4901     3220     2190     1554     1146      873      684      548      447      372      313      267      231      201      177      158      141      128      116      106       98       91       85       80       76       72       69       67       65       63       62       61       60       60       60       61       61       63       64       66       68       71       74       78       83       88       94      102      110      120      132      147      164      184      208      238      275      321      379      454      551      683      863     1119     1496     2075     3000     4506    6792
      897651  365585    26566     9051     4464     2628     1720     1210      897      693      553      454      381      326      284      252      226      206      190      177      167      159      154      149      147      146      146      148      151      156      162      171      182      195      213      234      261      295      338      394      467      563      694      873     1122     1475     1969     2638     3451     4227     4649     4531     4027     3416     2872     2445     2129     1904     1751     1655     1610     1611     1660     1765     1943     2224     2669     3398     4684     7259    13716   40176
     1290560 1679920    74915    23741    11374     6587     4266     2978     2195     1687     1341     1095      916      782      680      600      538      489      450      419      394      375      360      350      343      339      339      342      348      358      371      389      412      441      477      522      577      647      735      847      990     1177     1422     1748     2187     2778     3565     4577     5774     6973     7846     8101     7735     7005     6190     5455     4861     4411     4094     3892     3796     3802     3916     4157     4563     5204     6211     7850    10708    16325    29938   81196
      642864  472154    59384    20443    10056     5896     3843     2692     1988     1529     1216      993      830      708      614      542      485      440      404      375      352      334      320      310      303      299      297      299      303      310      320      334      351      373      401      435      477      529      593      674      776      905     1071     1284     1560     1916     2374     2944     3619     4344     5005     5461     5616     5486     5171     4789     4420     4111     3878     3728     3662     3685     3808     4051     4454     5088     6084     7708    10556    16199    30044   82883
      190858  394560   110844    31883    13802     7387     4483     2959     2074     1523     1160      910      733      603      506      432      374      329      293      264      241      222      206      194      184      176      170      166      163      161      161      162      165      168      174      181      190      202      216      233      255      281      313      353      403      466      547      652      789      972     1220     1562     2040     2714     3662     4963     6630     8486    10098    10997    11078    10642    10076     9643     9482     9686    10376    11776    14374    19353    30130   60092
       51387   76549    98871    82105    46495    24443    13703     8320     5407     3712     2663     1982     1520     1197      964      792      662      562      485      423      374      335      303      277      255      238      224      212      203      195      190      186      183      182      183      185      188      193      199      208      218      231      247      266      289      317      351      393      445      508      588      688      814      977     1188     1463     1826     2305     2939     3769     4836     6161     7720     9440    11209    12949    14682    16567    18916    22242    27423   36109
       19956   32275    64987   137131   112362    40805    16688     8400     4861     3091     2103     1506     1123      865      685      556      460      388      332      289      254      227      205      187      172      160      151      143      137      132      129      126      125      125      126      127      130      134      140      147      155      166      178      194      213      237      266      302      347      404      477      572      696      862     1086     1391     1812     2391     3177     4200     5422     6687     7739     8377     8603     8592     8554     8662     9056     9904    11481   14366
       11489   19603    44042   124239   107873    31574    12011     5952     3447     2207     1516     1097      826      643      515      422      353      300      260      228      203      182      166      153      142      134      127      121      117      114      112      111      111      112      114      116      120      125      132      140      149      161      176      194      216      243      277      319      372      440      527      640      788      980     1230     1550     1943     2397     2870     3293     3600     3763     3806     3782     3751     3759     3844     4044     4412     5036     6086    7930
       17641   24018    35645    56973    83692    78749    46009    23929    13322     8099     5298     3671     2663     2005     1556     1240     1011      840      710      610      532      469      419      379      346      320      298      280      266      254      245      238      234      231      230      231      234      238      245      253      264      278      295      316      340      370      406      450      503      568      647      744      865     1014     1199     1430     1716     2067     2491     2994     3569     4200     4861     5520     6156     6771     7390     8069     8895     9992    11551   13898
       11341   15520    23549    40099    67020    68156    37217    17858     9495     5631     3633     2498     1804     1355     1051      837      683      568      481      414      362      320      287      260      238      220      206      194      185      178      172      168      166      164      164      166      169      173      179      186      196      207      221      239      260      285      316      354      401      458      529      618      730      871     1049     1273     1553     1896     2305     2770     3266     3754     4193     4556     4843     5081     5317     5604     6006     6605     7521    8965
        5217    6380     8088    10570    13842    16864    17123    13824     9580     6341     4256     2956     2130     1589     1222      965      779      643      540      461      400      351      312      281      256      235      219      205      194      185      178      173      169      166      165      165      167      169      173      179      186      194      205      218      234      252      275      301      333      371      416      469      533      610      700      805      927     1067     1222     1390     1568     1750     1930     2107     2281     2456     2641     2850     3101     3419     3838    4411
       11621   12102     9970     7025     4718     3207     2253     1640     1233      955      758      615      509      429      367      318      279      248      223      202      185      171      160      150      142      136      131      127      124      121      120      120      120      121      123      125      128      133      138      144      152      160      170      182      195      211      229      249      272      299      329      364      402      446      496      552      615      686      767      860      969     1096     1250     1439     1679     1990     2408     2987     3818     5040     6834    9255
        2009    3107     5369     9816    13252     9211     4699     2531     1522     1002      706      524      405      324      266      224      193      169      150      135      124      115      108      102       98       95       93       92       91       92       93       96       99      103      109      116      125      135      148      163      182      204      230      261      297      337      382      427      470      507      533      546      547      537      520      499      479      460      445      434      428      428      434      448      471      504      553      621      719      862     1078    1422
        1730    2833     5478    12534    19230    10463     4353     2175     1272      828      581      430      333      266      219      184      158      138      123      111      101       94       88       83       79       77       75       73       73       73       73       75       76       79       82       86       91       97      103      111      120      130      141      154      167      181      196      210      223      235      245      253      258      261      263      264      264      265      267      271      276      285      298      315      339      371      415      475      560      684      874    1182
        3441    6501    11270    10966     6161     3256     1916     1249      880      658      515      418      350      300      264      236      215      199      187      177      171      167      164      164      165      168      173      180      188      198      211      225      241      260      279      299      318      335      348      355      356      350      339      324      306      288      269      253      237      224      213      204      197      192      190      189      190      193      199      208      220      236      258      286      324      376      447      548      698      931     1318    2022
        6375    7906     5003     2554     1422      885      601      436      333      264      216      182      157      138      124      113      105       98       93       90       88       86       86       87       89       91       95      100      107      115      126      139      155      174      197      225      257      293      331      366      394      409      409      394      369      339      308      279      253      231      213      199      188      179      174      171      170      172      177      184      196      211      233      263      305      364      449      580      792     1163     1881    3415
        1407    2608     5720    10094     6861     2958     1457      843      546      383      285      221      178      148      126      109       97       87       80       74       70       66       64       63       62       62       62       63       65       68       72       77       83       90      100      111      126      143      165      191      222      257      294      329      357      371      369      353      328      298      270      243      221      202      187      176      167      161      158      157      159      163      170      181      197      219      250      294      358      454      610     880
         687    1108     2021     3988     5662     3824     1902     1029      630      424      306      233      185      152      128      111       98       89       81       76       72       69       67       66       66       66       68       70       74       79       85       93      103      115      132      153      179      213      254      303      355      401      430      430      404      361      312      266      228      196      171      151      136      124      115      108      103      100       98       98      100      103      107      114      124      137      155      180      216      267      344     469
         887    1472     2633     4153     3892     2301     1274      768      507      360      270      212      172      144      124      109       97       89       82       77       74       72       70       70       70       72       74       77       82       88       96      106      120      137      158      187      223      269      326      391      456      503      516      491      438      376      316      266      226      194      170      151      136      125      116      110      106      104      103      104      106      110      116      125      137      153      176      207      251      317      419     587
        1502    1954     2228     2082     1640     1190      854      626      472      368      295      242      204      175      152      135      121      111      102       95       89       85       82       79       77       75       75       74       74       75       76       77       79       81       83       85       88       91       94       96       99      102      104      106      108      110      111      112      113      114      115      117      118      120      123      126      130      136      142      151      161      175      192      213      241      278      327      394      487      621      817    1103
         741     894      983      956      829      671      528      415      332      271      226      192      167      147      132      121      112      105      100       96       94       92       91       92       93       95       98      102      106      111      117      124      130      137      144      149      153      155      155      152      148      142      136      128      121      114      108      102       97       93       89       87       85       84       84       84       85       88       91       96      102      109      120      133      149      171      200      238      290      361      458     585
         135     174      230      310      408      483      476      388      285      204      148      110       85       68       55       46       40       35       31       28       26       24       22       21       21       20       20       20       20       21       21       22       23       25       27       30       33       37       43       49       57       67       79       93      108      122      133      137      133      125      113      100       88       78       70       63       58       54       51       48       47       46       46       47       49       52       55       60       67       77       90     109
         405     414      391      342      285      231      185      150      123      102       86       73       64       56       50       45       41       38       36       34       33       31       31       30       30       30       30       31       32       33       34       36       38       41       44       48       53       58       64       70       77       85       93      100      107      112      115      117      117      116      113      110      107      104      101      100       99       98       99      102      105      110      117      126      138      154      174      201      234      275      322     369
         451     550      651      720      717      639      522      409      316      246      194      157      129      108       92       80       71       63       57       52       49       46       43       42       40       39       39       39       39       39       40       41       43       45       48       51       55       59       64       70       77       85       94      103      112      122      131      138      144      147      148      148      145      142      138      134      131      128      127      126      127      130      134      140      148      159      175      195      222      258      305     369
         644     721      689      573      440      331      251      194      155      126      106       90       78       69       63       57       53       50       47       45       44       43       42       42       42       43       44       45       47       49       51       53       56       59       62       65       67       70       71       72       73       72       71       69       67       65       63       61       59       57       56       55       54       54       54       55       57       59       61       65       70       76       84       94      108      126      151      185      233      300      393     515
         971     885      720      555      426      332      265      217      182      156      137      122      110      102       95       90       86       83       81       80       79       79       80       81       82       84       86       88       89       90       91       91       91       89       87       85       81       78       74       71       67       64       61       59       56       55       53       52       51       51       51       51       52       54       56       59       62       67       72       79       89      101      116      136      163      201      252      325      429      573      749     912
         252     248      236      218      196      173      152      132      116      101       89       79       71       64       59       54       50       47       44       42       40       39       38       37       37       36       36       37       37       38       39       40       41       42       44       46       48       50       52       55       57       60       62       64       66       68       70       72       73       75       76       77       79       80       82       84       86       89       93       97      103      109      117      126      137      150      165      182      200      218      235     247
         161     183      207      230      248      255      251      235      213      187      163      141      122      106       94       84       75       69       63       59       55       53       51       49       48       48       48       48       49       50       52       54       57       60       63       68       72       77       82       87       91       95       97       99       99       97       95       91       87       83       79       75       72       68       66       64       62       61       61       61       62       63       65       68       71       76       82       89       98      110      124     141
         275     262      239      212      184      158      136      118      103       91       81       73       67       62       57       54       51       49       48       47       46       46       45       46       46       47       48       49       51       52       54       56       57       59       60       61       62       63       63       62       62       61       60       58       57       56       55       54       53       53       52       53       53       54       55       57       59       62       66       71       77       85       94      105      119      136      157      181      208      236      259     274
         425     342      258      193      147      115       92       76       65       56       50       45       41       38       36       34       33       33       32       32       33       34       35       36       38       40       43       45       48       51       54       56       58       58       58       57       54       52       48       45       42       39       36       34       32       30       29       27       27       26       26       26       26       26       27       28       30       32       35       39       43       49       57       68       83      104      134      177      239      322      409     456
         376     394      386      354      307      257      212      175      145      122      103       89       78       69       62       56       51       48       45       42       41       39       38       38       38       38       38       39       40       41       43       45       48       51       54       58       63       68       73       79       84       90       94       98      101      103      104      103      102      100       98       96       93       92       90       90       90       91       92       95       99      104      111      120      132      147      166      190      219      255      297     340
         170     170      168      162      154      144      133      122      111      101       91       83       75       69       63       58       53       49       46       43       40       38       36       34       32       31       30       29       28       28       27       27       26       26       26       26       26       26       26       27       27       28       28       29       30       31       32       33       35       37       38       40       43       45       48       51       55       59       63       68       74       80       87       95      103      112      122      132      142      152      160     166
          27      28       29       31       33       36       39       42       46       50       53       55       55       52       48       42       37       31       27       23       19       17       15       13       11       10        9        8        8        7        7        7        6        6        6        6        6        6        6        6        7        7        7        8        9        9       10       12       13       15       17       19       22       25       28       32       35       38       40       41       40       39       38       36       34       32       30       29       28       27       27      27
         142     144      139      127      112       97       82       70       59       51       44       38       34       30       27       25       23       21       20       19       18       17       17       16       16       16       16       16       16       16       16       16       16       17       17       18       18       19       19       20       20       21       21       21       22       22       23       23       23       24       24       25       25       26       27       28       29       30       32       34       37       40       43       48       54       60       69       79       91      105      119     132
          95     105      112      114      110      100       87       73       61       50       42       35       29       25       22       19       17       15       14       12       12       11       10       10        9        9        9        9        9        9        9        9        9       10       10       11       11       12       13       14       15       17       18       20       22       25       27       30       32       34       37       38       39       40       41       41       41       40       40       40       41       41       42       43       45       48       51       55       61       68       76      85
          39      42       46       51       56       62       69       75       80       83       83       79       72       65       56       49       42       37       32       28       25       22       20       18       17       16       15       14       14       13       13       13       13       13       13       14       14       15       16       17       18       19       21       23       25       27       30       33       36       39       42       44       45       46       46       44       43       41       39       37       36       34       33       32       31       31       31       31       32       33       34      36
          12      11       11       10       10       10       10       10       11       11       12       13       14       16       18       20       22       25       28       31       33       34       33       32       29       26       23       20       17       15       14       12       11       10        9        9        8        8        8        8        8        8        8        8        9       10       10       11       13       15       17       20       25       31       39       50       66       83       97      101       92       76       59       46       36       29       24       20       18       15       14      13
          21      19       18       17       17       16       16       17       17       18       19       21       23       25       28       30       33       35       36       35       33       30       26       22       19       16       14       12       11        9        8        7        7        6        6        5        5        5        5        5        5        5        5        5        5        6        6        7        7        8        9       11       12       15       18       23       30       41       58       83      121      163      182      162      123       89       65       50       39       32       27      24
          42      35       29       25       22       20       18       16       15       14       13       13       12       12       12       12       12       12       13       13       14       14       15       15       16       17       17       18       18       18       18       17       17       16       15       14       13       13       12       11       11       10       10       10        9        9        9        9        9       10       10       10       11       12       13       14       16       18       20       24       28       34       41       50       60       71       80       83       79       71       60      50
          47      45       43       42       40       39       38       38       37       36       35       34       33       32       30       29       27       25       24       22       20       19       17       16       15       14       13       12       11       11       10       10       10        9        9        9        9        9        9        9        9       10       10       10       11       12       13       14       15       16       18       20       22       25       29       33       38       43       49       55       61       66       69       71       70       69       66       62       59       55       52      49
          20      18       16       15       15       14       14       14       15       16       17       18       20       23       26       30       34       37       39       39       36       32       27       22       18       15       12       10        9        8        7        6        5        5        4        4        4        4        3        3        3        3        3        3        4        4        4        4        5        5        6        6        7        9       11       13       16       21       28       39       55       79      106      124      118       94       71       53       41       32       27      23
          26      22       20       17       16       15       14       13       12       12       12       11       11       11       12       12       12       12       12       12       13       13       13       12       12       12       11       11       10       10        9        8        8        8        7        7        6        6        6        6        6        6        6        6        6        6        6        6        7        7        8        9       10       11       12       14       17       20       24       30       38       48       60       73       82       83       77       66       55       45       37      31
          18      17       17       17       17       17       17       16       16       16       16       15       15       14       14       13       12       12       11       10       10        9        8        8        8        7        7        7        6        6        6        6        6        6        6        6        6        6        7        7        7        8        8        9       10       11       12       14       16       18       21       25       28       33       37       41       45       47       47       45       42       39       35       32       29       27       25       23       21       20       19      18
          11       9        9        8        7        7        7        6        6        6        6        6        6        6        7        7        7        7        7        7        7        8        8        7        7        7        7        6        6        6        6        5        5        5        4        4        4        4        4        4        4        4        4        4        4        4        5        5        5        6        7        7        8       10       12       14       17       21       26       32       38       44       46       45       40       34       28       23       19       16       14      12
          12      11       10        9        8        8        7        7        7        7        7        7        7        7        7        7        8        8        9        9       10       10       11       11       12       12       13       13       13       12       12       12       11       11       10       10        9        9        8        8        8        8        8        8        8        8        8        8        9        9       10       11       12       14       16       18       21       25       29       34       38       42       43       42       39       34       30       25       21       18       16      14
          16      16       15       15       15       15       15       16       17       17       18       19       20       21       21       22       21       20       19       17       15       13       12       11        9        8        7        7        6        6        5        5        5        4        4        4        4        4        4        4        4        4        4        5        5        5        6        6        7        8        9       11       13       15       18       22       28       34       41       48       53       54       51       46       40       34       30       26       23       20       19      17
          10      11       11       12       13       14       16       18       20       23       25       26       25       22       19       16       12       10        8        6        5        4        4        3        3        2        2        2        2        2        2        1        1        1        1        1        1        1        1        1        2        2        2        2        2        3        3        4        4        5        6        8       10       14       20       28       41       57       71       72       61       46       35       27       21       18       15       13       12       11       11      10
          13      14       15       16       17       18       18       19       19       19       18       16       15       13       11       10        9        8        7        6        5        5        4        4        3        3        3        3        3        3        3        3        3        3        3        3        3        3        3        3        4        4        4        5        5        6        7        8        9       11       13       15       17       19       21       22       23       22       21       20       18       17       16       15       14       13       13       12       12       12       12      13
           5       4        4        4        4        4        5        5        5        6        6        7        8        9       10       11       11       11       11       10        9        7        6        5        5        4        3        3        3        2        2        2        2        2        1        1        1        1        1        1        1        1        2        2        2        2        2        2        3        3        4        5        6        7        9       11       14       18       22       24       24       22       19       15       12       10        9        7        6        6        5       5
           4       4        3        3        3        3        3        3        3        4        4        4        4        4        5        5        5        6        6        6        7        7        7        7        7        6        6        6        5        5        5        5        4        4        4        4        4        4        4        4        4        4        4        4        5        5        5        6        7        8        9       11       13       15       18       21       23       24       23       22       19       16       13       11        9        8        7        6        5        5        4       4
           4       4        4        4        4        4        4        5        5        5        6        7        7        8        9        9       10       10        9        9        8        7        6        5        4        4        3        3        3        2        2        2        2        2        2        2        2        1        1        2        2        2        2        2        2        2        2        3        3        4        4        5        6        8        9       11       14       16       18       18       17       16       13       11       10        8        7        6        6        5        5       4
           2       3        3        3        3        3        4        4        5        5        6        8        9       11       12       13       13       11       10        8        6        5        4        4        3        2        2        2        2        1        1        1        1        1        1        1        1        1        1        1        1        1        2        2        2        2        3        3        4        5        7        9       12       16       19       22       21       18       15       12        9        7        6        5        4        4        3        3        3        3        3       2
           5       5        5        4        4        4        4        4        4        4        4        4        4        4        4        4        4        4        4        4        4        4        4        4        4        4        4        4        3        3        3        3        3        3        3        3        3        3        3        3        4        4        4        4        4        5        5        5        6        6        7        7        8        8        9        9       10       10       11       11       10       10       10        9        9        8        7        7        6        6        6       5
           6       5        5        4        4        4        4        4        4        4        4        4        4        5        5        5        5        6        6        6        6        6        6        6        6        5        5        5        4        4        3        3        3        3        2        2        2        2        2        2        2        2        2        2        2        2        2        3        3        3        3        4        4        5        6        7        9       11       14       17       20       23       24       23       20       17       14       12       10        8        7       6
