SWAN 1
LOCATIONS
     1
     -67.28  18.38
AFREQ
     56
     0.0300
     0.0400
     0.0500
     0.0600
     0.0700
     0.0800
     0.0900
     0.1000
     0.1100
     0.1200
     0.1300
     0.1400
     0.1500
     0.1600
     0.1700
     0.1800
     0.1900
     0.2000
     0.2100
     0.2200
     0.2300
     0.2400
     0.2500
     0.2600
     0.2700
     0.2800
     0.2900
     0.3000
     0.3100
     0.3200
     0.3300
     0.3400
     0.3500
     0.3600
     0.3700
     0.3800
     0.3900
     0.4000
     0.4100
     0.4200
     0.4300
     0.4400
     0.4500
     0.4600
     0.4700
     0.4800
     0.4900
     0.5000
     0.5100
     0.5200
     0.5300
     0.5400
     0.5500
     0.5600
     0.5700
     0.5800
NDIR
     72
     5.0000
     10.0000
     15.0000
     20.0000
     25.0000
     30.0000
     35.0000
     40.0000
     45.0000
     50.0000
     55.0000
     60.0000
     65.0000
     70.0000
     75.0000
     80.0000
     85.0000
     90.0000
     95.0000
     100.0000
     105.0000
     110.0000
     115.0000
     120.0000
     125.0000
     130.0000
     135.0000
     140.0000
     145.0000
     150.0000
     155.0000
     160.0000
     165.0000
     170.0000
     175.0000
     180.0000
     185.0000
     190.0000
     195.0000
     200.0000
     205.0000
     210.0000
     215.0000
     220.0000
     225.0000
     230.0000
     235.0000
     240.0000
     245.0000
     250.0000
     255.0000
     260.0000
     265.0000
     270.0000
     275.0000
     280.0000
     285.0000
     290.0000
     295.0000
     300.0000
     305.0000
     310.0000
     315.0000
     320.0000
     325.0000
     330.0000
     335.0000
     340.0000
     345.0000
     350.0000
     355.0000
     360.0000
QUANT
     1
VaDens
m2/Hz/degr
     -999.000000
FACTOR
     1.00000E-06
          88     113      132      134      116       92       70       54       42       34       28       23       20       18       16       15       14       13       12       12       12       12       13       13       14       15       16       18       20       23       28       33       41       52       66       83       98      107      102       88       70       55       43       34       28       23       20       17       15       13       12       11       11       10       10       10       10       10       10       10       11       12       13       14       16       18       21       25       31       39       50      66
         560     762      896      834      639      452      319      232      176      138      112       93       79       69       62       56       51       48       46       44       43       42       42       43       44       45       47       50       54       59       64       71       79       89      101      114      127      139      148      153      153      146      136      124      111      100       89       80       73       67       62       58       55       52       51       50       50       50       51       53       56       60       65       72       81       93      109      132      165      213      285     396
       22583    5144     2033     1071      658      446      324      247      196      160      134      115      101       90       82       75       70       66       63       61       60       59       59       60       61       63       66       69       74       80       87       97      109      123      142      166      197      235      284      342      409      476      531      559      555      521      472      418      369      327      293      265      245      229      219      212      209      211      216      226      242      264      297      344      413      518      687      985     1582     3071     8645   36292
      479629  105730    24159    10126     5460     3382     2290     1650     1247      978      790      655      555      479      421      375      340      311      289      271      257      247      239      234      231      231      233      237      244      253      266      282      302      328      360      401      452      518      603      716      867     1073     1363     1782     2404     3348     4787     6863     9335    11062    10823     9085     7133     5584     4485     3730     3216     2870     2645     2514     2463     2486     2588     2785     3108     3618     4432     5794     8291    13607    28521  106369
      240858 1687110   344752    67175    27259    14543     8977     6075     4385     3320     2610     2116     1760     1496     1296     1143     1023      929      854      796      750      714      687      669      657      652      653      661      675      697      726      765      814      876      953     1049     1169     1320     1511     1754     2067     2473     3003     3697     4599     5741     7109     8577     9868    10629    10659    10060     9123     8123     7220     6474     5894     5466     5173     5002     4947     5007     5195     5535     6074     6892     8133    10075    13287    19112    31390   65308
      131778 1305680   341618    53367    20623    10797     6605     4450     3204     2423     1904     1543     1283     1090      945      832      745      676      621      577      543      516      495      480      470      464      463      465      472      483      498      518      543      575      613      659      714      779      856      946     1052     1173     1311     1464     1628     1798     1965     2118     2247     2344     2405     2432     2432     2415     2390     2366     2351     2353     2377     2430     2519     2654     2849     3124     3511     4065     4876     6115     8130    11728    19152   38901
      288118  222512   100724    46463    24539    14471     9255     6291     4484     3320     2537     1991     1598     1309     1092      925      795      693      611      546      492      449      413      384      359      340      324      311      301      294      290      287      287      288      292      299      308      319      334      351      373      400      432      471      517      574      643      728      832      962     1124     1328     1588     1920     2347     2900     3617     4542     5725     7215     9045    11221    13731    16564    19775    23567    28405    35226    45935    64801   102453  183116
      289768  302097   136632    58882    30054    17484    11137     7573     5408     4014     3075     2417     1944     1593     1329     1125      967      841      740      659      593      538      493      456      426      400      379      362      349      338      330      324      321      320      322      325      331      339      350      363      380      400      425      454      488      529      578      636      705      787      886     1005     1148     1322     1533     1790     2105     2490     2963     3544     4262     5152     6265     7676     9500    11935    15326    20334    28328    42482    71309  140428
       23649   31022    44381    62803    65148    41591    21405    11350     6552     4089     2718     1901     1385     1044      810      644      523      433      365      312      271      238      212      191      174      160      148      139      131      125      120      116      114      112      111      112      113      115      118      121      127      133      141      151      163      178      196      218      246      280      323      377      447      539      660      824     1049     1366     1821     2487     3474     4938     7045     9829    12912    15449    16761    16997    16843    16938    17742   19724
       52540   69072    78390    67559    44877    26586    15713     9659     6224     4192     2935     2126     1586     1214      951      760      619      512      431      367      317      277      245      219      197      180      165      154      144      136      129      124      120      116      114      113      112      113      114      116      119      123      128      135      142      152      163      177      194      214      238      269      306      352      409      482      576      697      855     1066     1350     1737     2272     3021     4077     5571     7683    10641    14731    20318    27931   38381
        4458    6323    10066    19122    45756    81904    43915    16395     7679     4309     2719     1859     1347     1021      802      648      537      455      392      344      306      276      252      233      218      206      196      189      184      181      179      179      180      183      188      195      203      214      228      244      265      289      319      355      400      453      518      597      691      803      932     1077     1230     1382     1518     1624     1691     1719     1715     1690     1656     1625     1604     1599     1617     1662     1743     1870     2060     2340     2759    3405
        7111   10445    17487    35305    77734    82200    35427    15134     7844     4678     3069     2154     1592     1224      972      792      661      563      488      429      383      347      317      294      275      260      248      240      233      229      227      227      229      232      238      246      257      271      287      308      332      363      399      443      497      562      641      736      851      987     1146     1327     1525     1728     1921     2088     2213     2290     2324     2325     2309     2291     2282     2294     2336     2418     2554     2762     3070     3526     4216    5299
        4181    6386    11778    30816   103686    63150    15781     6200     3186     1904     1252      881      651      501      398      324      270      230      199      175      156      141      129      119      112      106      101       97       95       93       92       92       93       95       98      102      107      113      121      130      142      157      176      200      229      267      317      382      468      586      747      971     1280     1695     2207     2744     3146     3265     3102     2788     2452     2164     1942     1785     1688     1643     1651     1716     1850     2078     2452    3075
        1984    2820     4473     8434    21074    53946    36016    11747     5083     2758     1717     1170      850      647      512      418      350      300      262      233      210      192      178      168      159      153      149      146      145      146      148      151      157      164      173      185      200      218      242      271      307      353      411      485      578      694      836      999     1171     1326     1430     1458     1410     1310     1188     1065      956      864      791      735      694      667      653      651      661      686      727      790      881     1013     1208    1505
        2754    4022     6511    11649    18971    17574     9590     4919     2798     1759     1195      860      648      507      409      338      285      246      215      192      173      158      146      137      129      124      119      116      115      114      114      116      118      122      126      133      141      150      162      177      195      217      244      276      316      365      423      493      575      666      763      857      937      994     1022     1022     1000      965      926      888      858      836      826      829      847      882      939     1025     1151     1336     1613    2043
        4958    7867    12837    16982    13763     7991     4504     2732     1789     1248      916      700      552      448      372      316      272      239      213      192      175      162      151      142      136      130      126      124      122      122      122      123      126      129      134      140      147      156      167      179      194      212      232      256      284      316      351      391      435      480      527      573      615      653      684      709      729      745      759      774      793      817      851      897      961     1048     1168     1337     1578     1934     2485    3384
        1107    1691     2860     5258     8286     7236     4007     2163     1292      848      599      447      349      282      235      200      174      155      140      129      120      113      108      104      102      101      101      102      104      108      112      119      126      136      147      161      177      197      219      244      272      300      326      349      363      368      364      351      332      310      288      267      249      233      219      208      200      195      192      191      193      198      206      218      234      257      287      329      387      470      593     785
         755    1144     1981     4191    10077    11294     4735     2006     1051      638      427      306      231      181      147      123      105       91       81       73       66       62       58       55       53       51       50       50       50       51       52       54       56       59       63       68       74       82       91      102      116      133      154      179      208      240      273      302      325      336      334      322      302      280      258      238      220      206      196      188      183      181      182      187      195      207      226      252      289      342      422     546
         827    1333     2479     5211     7784     4845     2201     1135      675      444      315      236      184      149      124      106       92       82       74       68       63       59       57       55       53       53       53       54       55       57       60       63       68       74       81       91      104      119      140      167      202      248      308      382      464      541      588      588      544      477      406      344      294      254      223      200      183      170      161      155      152      152      155      161      171      185      205      233      274      333      423     570
        1654    3047     5135     4957     2803     1480      865      559      390      289      224      180      149      127      110       98       88       81       76       71       68       66       65       65       65       66       68       71       75       80       87       95      106      119      136      158      186      222      267      321      381      439      482      497      479      437      384      331      285      247      216      192      173      159      148      140      135      132      131      132      136      142      151      163      181      205      239      288      361      473      658     992
        1023    1405     1906     2372     2471     2106     1579     1138      829      622      483      386      318      268      231      203      182      166      153      144      136      131      127      125      124      125      127      130      134      140      147      155      165      177      191      205      220      236      250      263      272      276      276      271      262      250      237      223      210      197      186      177      169      162      158      155      153      153      155      158      164      172      183      198      217      242      275      320      380      465      585     761
         984    1772     3372     4615     3184     1644      909      562      381      277      211      168      139      118      102       91       82       75       70       67       64       62       62       62       63       64       67       70       75       81       89       98      111      127      147      172      202      239      278      316      345      355      344      316      280      242      208      180      157      138      123      112      103       96       91       87       85       84       85       86       89       94      100      109      121      137      160      192      237      307      419     613
         838    1489     2910     4511     3426     1741      928      559      372      266      201      158      129      109       94       83       74       68       63       60       57       55       54       54       55       56       58       60       64       69       75       83       93      105      121      142      168      200      237      278      316      342      347      330      298      260      223      191      165      144      127      114      104       96       90       86       83       82       81       82       84       88       94      101      112      126      146      173      213      272      367     530
         733    1184     1895     2409     2006     1276      788      516      361      267      208      168      140      120      105       94       86       80       76       73       71       71       71       73       75       79       84       91      101      113      130      152      182      223      278      353      450      557      642      659      598      495      391      306      242      195      161      136      117      103       92       84       78       73       70       68       67       67       68       69       72       77       82       90      100      114      133      160      197      253      340     483
         967    1438     2049     2416     2119     1505     1010      693      498      375      293      237      198      169      148      132      120      111      104       99       96       93       92       92       94       96       99      104      110      118      127      139      153      169      186      206      226      244      259      268      268      261      247      230      210      191      173      157      144      132      123      115      109      105      102      100       99       99      101      104      109      115      124      136      151      172      199      237      291      369      486     670
         969    1175     1245     1127      907      693      527      407      323      263      219      187      163      145      132      121      114      108      104      101      100      100      101      103      107      112      119      128      138      151      166      184      204      226      248      267      282      289      286      274      256      234      212      190      171      154      139      127      118      110      103       99       95       93       91       91       92       94       98      102      109      118      129      144      163      189      224      271      337      430      563     745
         302     402      541      709      851      877      773      614      470      361      284      229      190      162      142      126      115      107      101       97       95       94       95       98      102      108      117      129      144      165      193      230      280      346      429      521      595      615      568      477      381      298      235      188      153      127      108       94       83       74       67       62       58       55       53       52       51       51       51       53       55       57       61       66       72       80       90      104      123      148      183     231
         593     612      573      498      415      342      282      236      201      175      155      140      128      120      114      110      108      107      108      111      116      122      131      143      159      180      207      241      285      337      396      451      488      491      456      398      333      273      224      185      155      131      113       99       89       80       73       68       64       61       59       57       57       56       57       58       60       63       67       72       78       87       97      111      129      152      183      224      278      348      434     524
         618     776      784      635      458      325      236      179      140      114       95       82       72       65       59       55       52       50       49       49       50       51       53       57       61       67       76       87      103      125      157      206      283      408      614      902     1109      993      698      458      308      218      162      126      101       84       71       62       55       50       46       43       41       40       39       39       39       40       42       44       47       51       57       64       73       86      104      130      167      223      309     440
         599     774      892      866      720      551      414      315      246      198      164      140      122      108       98       91       85       82       79       79       79       80       83       87       94      102      114      129      151      181      225      290      391      555      827     1249     1687     1705     1274      836      551      381      277      211      167      137      115       99       88       79       72       67       63       61       59       58       58       59       61       63       67       72       78       87       98      113      133      160      198      252      331     445
         945     614      400      275      199      152      121       99       84       73       65       59       54       51       49       47       46       47       47       49       51       55       59       65       74       86      102      125      160      214      305      473      817     1563     2643     2402     1311      697      415      274      195      147      116       95       81       70       62       56       52       49       46       45       44       44       45       46       48       51       55       61       68       78       92      111      139      181      245      352      534      832     1183    1252
         539     382      272      199      152      120       98       82       71       62       56       51       48       45       43       42       42       42       43       45       47       50       55       60       68       79       93      113      142      184      248      347      492      664      764      694      526      372      265      195      149      118       96       81       70       61       55       51       47       45       43       42       41       42       43       44       46       49       54       59       67       77       91      111      139      180      242      338      480      653      763     706
         521     544      507      432      349      278      223      182      151      128      111       98       88       80       75       71       68       66       65       65       66       67       70       74       79       87       96      108      123      143      169      202      243      291      340      379      393      375      333      283      234      193      161      135      116      100       89       80       73       67       63       60       58       57       56       56       57       59       61       65       70       76       84       95      109      127      152      185      230      290      366     451
         307     278      231      184      145      115       94       78       66       57       51       46       42       39       37       36       35       34       34       35       36       38       40       44       48       53       61       71       84      101      125      156      195      236      269      277      256      217      175      139      111       90       74       63       54       48       42       39       36       33       32       31       30       30       30       30       31       33       35       37       41       46       52       60       70       85      104      131      167      212      262     300
         139     138      134      128      120      112      103       95       88       81       76       71       67       64       62       60       59       59       59       60       62       64       68       72       78       86       96      108      125      147      175      213      261      322      390      452      487      477      428      361      295      240      196      163      137      118      103       92       83       76       71       66       63       61       60       59       59       60       61       63       66       69       74       79       85       92       99      108      117      125      132     137
         156     167      169      163      151      134      117      102       88       77       68       60       54       49       46       43       40       39       38       37       37       37       38       39       41       43       47       51       56       63       72       83       97      115      138      166      195      222      238      237      220      193      164      137      115       98       84       73       64       58       53       49       46       43       42       41       40       41       41       42       44       46       49       53       58       65       73       83       95      109      125     141
          96     114      128      135      133      121      106       90       77       65       56       49       43       39       36       34       32       31       30       30       30       31       32       34       37       41       46       53       63       77       99      132      188      284      452      684      778      591      367      228      150      105       78       60       48       40       34       29       26       23       22       20       19       18       18       17       17       17       18       18       19       20       22       24       26       30       34       39       46       55       66      80
         146     159      166      165      157      144      130      115      102       91       81       74       68       63       59       56       55       53       53       53       55       57       59       63       69       76       85       98      114      136      164      200      244      291      328      338      315      270      220      176      141      114       94       79       67       58       52       46       42       39       37       35       33       32       32       32       32       33       33       35       37       39       42       46       51       57       65       74       85       98      114     130
         109     129      144      150      144      130      113       96       82       71       61       54       49       45       42       40       39       38       38       39       40       43       46       51       57       66       79       99      128      174      252      387      597      774      691      458      282      181      123       89       67       52       43       35       30       26       23       21       19       18       17       16       16       15       15       15       15       16       16       17       18       20       21       24       27       30       35       41       49       60       73      90
         137     108       86       68       56       47       40       35       31       28       26       24       23       23       22       22       23       23       25       26       29       32       36       42       51       63       81      110      157      241      386      581      644      480      298      187      124       88       66       51       41       35       30       26       23       21       19       18       17       17       17       16       17       17       18       19       20       21       24       26       30       35       42       51       63       80      103      131      163      185      187     167
         101      81       65       53       44       37       32       28       25       23       21       20       19       18       18       18       18       19       19       20       22       24       26       30       35       41       50       63       82      112      156      221      296      335      300      225      159      114       84       64       51       42       35       30       26       24       22       20       19       18       18       18       18       18       19       20       21       23       25       28       31       36       43       52       63       79       98      120      138      147      140     122
          40      35       32       28       26       24       22       20       19       19       18       18       18       18       18       18       19       20       21       23       25       28       31       35       41       47       56       67       80       94      108      118      122      117      107       94       80       68       59       51       44       39       36       33       30       28       27       26       26       26       26       26       27       28       30       32       35       38       42       46       52       58       64       70       74       76       75       71       66       59       52      46
          76      60       48       39       32       27       23       21       18       17       15       14       13       13       13       12       12       12       13       13       14       15       16       18       20       24       28       34       42       54       72      102      150      229      333      391      335      233      156      107       78       59       47       39       33       28       25       23       21       20       19       19       18       19       19       20       21       22       24       27       31       36       42       50       62       76       94      112      124      125      113      95
          41      37       33       29       25       22       20       18       16       15       14       13       12       12       11       11       11       11       11       12       12       13       14       16       18       20       23       28       34       43       56       76      107      152      209      247      231      177      126       89       66       50       40       32       27       23       21       18       17       16       15       14       14       14       14       14       14       15       16       17       18       20       22       25       28       31       35       39       42       45       45      44
          52      43       34       27       22       18       15       13       11       10        9        8        8        8        7        7        7        7        7        8        8        9        9       10       12       14       16       20       26       34       49       75      130      259      526      593      318      155       87       55       38       29       22       18       15       13       11       10        9        9        8        8        8        8        8        8        9        9       10       11       12       14       16       19       23       28       35       44       54       62       65      61
          63      54       45       38       32       27       24       21       19       17       16       15       14       13       13       13       13       13       14       14       15       16       18       20       23       27       32       40       50       66       90      128      180      237      258      223      164      116       83       62       48       38       31       26       23       20       18       17       16       15       14       14       14       14       14       15       16       17       18       20       22       25       29       34       40       47       56       66       74       79       78      73
          40      37       33       30       27       25       23       21       20       19       18       17       17       16       16       16       16       17       17       18       20       21       23       26       29       33       39       46       57       70       89      115      146      177      198      197      174      143      113       90       72       59       50       42       37       33       30       27       26       24       23       23       22       22       23       23       24       25       26       28       30       32       35       38       41       44       46       48       48       48       46      43
          21      17       15       13       11       10        9        8        7        7        6        6        6        6        6        6        6        6        7        7        8        9       10       11       13       16       20       25       34       48       72      118      207      339      368      248      144       89       59       42       32       26       21       18       16       14       13       12       11       11       11       11       11       12       12       13       14       16       18       20       24       28       34       40       46       52       54       51       45       38       31      26
          59      50       40       32       26       21       17       15       13       11       10        9        9        8        8        8        8        8        8        8        9        9       10       11       13       15       19       23       30       42       62      101      183      355      486      330      169       93       58       39       28       22       17       14       12       11        9        8        8        7        7        7        7        7        7        7        7        8        8        9       10       11       13       15       18       23       28       36       45       55       62      64
          40      31       24       19       15       13       11        9        8        7        6        6        5        5        5        5        5        5        5        5        5        5        6        6        7        8        9       11       13       15       20       26       36       53       84      142      232      283      218      134       83       55       39       30       24       19       16       14       13       12       11       11       10       10       10       10       11       12       13       14       16       18       22       26       32       41       51       63       72       73       65      52
          17      14       13       11       10        9        8        7        7        7        6        6        6        6        6        6        6        6        7        7        8        8        9       10       12       14       17       20       25       33       44       62       91      136      196      239      221      166      117       83       61       47       38       32       27       24       22       20       19       18       18       17       18       18       19       20       21       23       25       28       31       35       38       41       42       41       39       35       31       27       23      19
          17      15       13       12       11       10        9        8        8        7        7        7        7        7        7        7        7        7        8        8        9       10       11       13       15       17       21       26       33       43       58       80      112      151      182      181      151      115       86       65       51       41       35       30       26       24       22       20       20       19       19       19       19       20       21       23       24       27       30       33       37       41       45       47       48       46       42       38       33       28       24      20
          18      18       17       16       15       14       13       12       11       11       10       10       10        9        9        9        9       10       10       11       11       12       13       15       17       19       23       28       34       44       57       75       99      124      137      129      106       81       61       46       36       29       24       20       17       15       14       12       11       11       10       10        9        9        9        9        9       10       10       10       11       12       12       13       14       15       16       17       18       19       19      19
          16      14       12       10        9        8        7        7        6        6        6        5        5        5        5        5        5        5        5        6        6        7        7        8        9       11       12       15       18       23       30       40       55       79      113      150      168      150      115       84       62       48       38       31       26       23       20       18       17       16       16       16       16       16       17       17       19       20       22       25       28       32       35       39       41       42       40       37       32       28       23      19
           8       7        6        5        5        4        4        3        3        3        3        3        3        3        3        3        3        3        3        3        4        4        5        5        6        8        9       12       16       22       32       50       89      177      320      310      172       92       55       37       27       20       16       14       12       10       10        9        8        8        8        8        8        9        9       10       11       12       14       16       18       21       24       26       27       26       24       21       18       15       12      10
          11      10       10       10        9        9        8        8        7        7        6        6        6        6        6        6        5        5        6        6        6        6        7        7        8        9       10       11       13       15       19       24       31       42       58       82      113      137      135      109       79       57       42       32       25       20       17       14       12       11       10        9        9        8        8        8        7        7        7        8        8        8        8        9        9        9       10       10       10       11       11      11
