SWAN 1
LOCATIONS
     1
     681726.07 2033118.57
AFREQ
     56
     0.0300
     0.0400
     0.0500
     0.0600
     0.0700
     0.0800
     0.0900
     0.1000
     0.1100
     0.1200
     0.1300
     0.1400
     0.1500
     0.1600
     0.1700
     0.1800
     0.1900
     0.2000
     0.2100
     0.2200
     0.2300
     0.2400
     0.2500
     0.2600
     0.2700
     0.2800
     0.2900
     0.3000
     0.3100
     0.3200
     0.3300
     0.3400
     0.3500
     0.3600
     0.3700
     0.3800
     0.3900
     0.4000
     0.4100
     0.4200
     0.4300
     0.4400
     0.4500
     0.4600
     0.4700
     0.4800
     0.4900
     0.5000
     0.5100
     0.5200
     0.5300
     0.5400
     0.5500
     0.5600
     0.5700
     0.5800
NDIR
     72
     5.0000
     10.0000
     15.0000
     20.0000
     25.0000
     30.0000
     35.0000
     40.0000
     45.0000
     50.0000
     55.0000
     60.0000
     65.0000
     70.0000
     75.0000
     80.0000
     85.0000
     90.0000
     95.0000
     100.0000
     105.0000
     110.0000
     115.0000
     120.0000
     125.0000
     130.0000
     135.0000
     140.0000
     145.0000
     150.0000
     155.0000
     160.0000
     165.0000
     170.0000
     175.0000
     180.0000
     185.0000
     190.0000
     195.0000
     200.0000
     205.0000
     210.0000
     215.0000
     220.0000
     225.0000
     230.0000
     235.0000
     240.0000
     245.0000
     250.0000
     255.0000
     260.0000
     265.0000
     270.0000
     275.0000
     280.0000
     285.0000
     290.0000
     295.0000
     300.0000
     305.0000
     310.0000
     315.0000
     320.0000
     325.0000
     330.0000
     335.0000
     340.0000
     345.0000
     350.0000
     355.0000
     360.0000
QUANT
     1
VaDens
m2/Hz/degr
     -999.000000
FACTOR
     1.00000E-06
          95      85       70       54       42       33       27       22       19       16       14       12       11       10       10        9        9        9        9        8        9        9        9        9       10       10       11       11       12       12       13       13       14       14       14       13       13       12       12       11       10        9        9        8        8        7        7        7        7        6        6        6        6        6        7        7        7        8        8        9       10       12       13       16       19       23       29       37       48       62       79      92
         492     474      426      368      312      265      227      197      174      156      142      132      124      119      115      113      112      113      115      117      121      126      131      136      141      145      147      147      144      139      131      122      112      101       92       83       75       68       62       56       52       48       45       43       41       39       38       37       37       37       37       37       38       39       41       44       46       50       55       60       68       77       89      104      123      149      182      226      281      347      415     470
        5406    3710     2316     1487     1010      724      544      424      341      282      238      205      180      160      144      132      122      114      107      102       98       95       93       91       90       90       90       91       92       94       96       98      101      104      108      112      116      120      124      128      132      136      140      144      147      150      153      156      159      163      167      171      176      183      191      201      213      228      247      271      302      342      396      468      568      713      931     1276     1847     2824     4352    5778
      448296   66963    15049     6328     3415     2113     1428     1027      773      604      487      402      339      292      255      227      205      187      172      161      152      145      140      137      134      133      134      135      138      143      148      156      166      178      194      213      237      268      307      357      422      509      626      788     1016     1343     1819     2503     3430     4492     5314     5462     4948     4170     3443     2874     2459     2168     1972     1850     1790     1787     1842     1964     2174     2514     3063     3991     5706     9411    20135   83885
      183989   42831    18368    10017     6238     4232     3051     2303     1802     1453     1200     1013      872      762      677      610      556      513      479      452      431      415      403      396      392      392      395      402      413      429      449      474      507      547      596      658      734      830      950     1103     1299     1553     1885     2324     2903     3662     4629     5790     7034     8124     8775     8845     8430     7765     7058     6432     5935     5579     5362     5283     5346     5569     5991     6684     7782     9550    12549    18148    30496    68003   344529 2364530
      551573  137050    52158    26547    15841    10439     7363     5461     4209     3347     2730     2276     1933     1669     1463     1299     1167     1061      974      904      846      798      760      729      705      687      674      666      662      663      668      677      691      709      732      760      793      833      879      931      992     1061     1138     1226     1324     1434     1555     1689     1836     1996     2169     2357     2561     2781     3022     3288     3585     3924     4319     4790     5368     6097     7044     8320    10108    12741    16873    23944    37667    70156   179041  658208
      158741  180468   120406    62047    32753    18872    11776     7832     5479     3992     3008     2332     1852     1503     1242     1044      891      771      676      600      538      487      446      412      385      362      343      328      317      308      301      297      296      296      299      304      311      321      334      350      370      394      423      459      501      552      614      690      783      897     1039     1216     1438     1721     2080     2541     3132     3889     4854     6069     7568     9373    11485    13899    16635    19795    23639    28692    35966    47449    67245  103214
       77569  187586   271455   112381    40186    18489    10113     6186     4088     2860     2090     1583     1234      986      805      670      567      487      424      374      334      301      275      253      235      220      208      199      191      185      181      178      177      177      178      181      185      191      198      207      219      233      249      270      294      323      359      402      455      519      599      697      820      974     1167     1411     1716     2098     2568     3137     3810     4583     5445     6390     7427     8601    10012    11855    14489    18629    25893   40644
       25189   48500   136091   281465   102313    30381    13047     6917     4162     2725     1896     1382     1045      815      652      533      444      376      324      283      250      224      203      185      171      160      150      143      137      132      129      126      125      125      125      127      130      133      138      145      152      162      174      188      205      226      251      282      320      367      426      500      593      711      862     1055     1301     1613     2000     2468     3007     3595     4197     4777     5323     5854     6424     7124     8093     9559    11957   16269
       12869   20637    41372    95403    92666    33511    13151     6481     3711     2348     1595     1142      852      658      522      424      352      298      256      223      197      177      160      146      136      127      120      114      109      106      104      102      102      102      103      105      108      112      118      124      132      142      155      170      189      212      241      277      324      384      463      567      709      905     1179     1571     2132     2930     4010     5314     6572     7365     7488     7122     6595     6134     5844     5771     5953     6465     7467    9312
       30085   58197   107532    92461    40788    18427     9761     5839     3806     2642     1925     1457     1137      911      746      624      530      458      401      355      319      289      265      246      230      217      206      198      192      187      184      182      182      183      186      190      195      202      211      223      236      253      273      297      325      360      401      450      510      583      670      776      904     1058     1240     1454     1699     1975     2275     2593     2922     3256     3599     3963     4368     4854     5475     6322     7546     9427    12542   18232
       26705   45454    64782    53788    29825    15974     9320     5923     4029     2889     2160     1671     1329     1083      900      762      655      572      506      452      409      374      345      322      303      287      274      264      257      251      247      245      245      247      250      255      262      270      281      295      310      329      351      377      407      441      482      528      582      644      714      794      884      986     1099     1224     1362     1512     1677     1857     2056     2281     2540     2846     3221     3695     4320     5176     6406     8273    11301   16616
        5644    9088    16699    30986    33642    18157     8673     4687     2850     1891     1339      996      770      615      504      423      362      315      279      250      228      210      195      184      175      168      163      160      158      157      158      161      165      171      178      187      199      214      231      253      279      311      350      398      456      527      612      713      831      961     1099     1232     1346     1428     1471     1476     1452     1411     1365     1322     1289     1270     1269     1289     1334     1410     1528     1701     1957     2340     2934    3908
        9701   21909    35827    19702     7732     3682     2075     1309      893      645      488      382      308      254      214      184      161      143      128      117      108      100       95       90       87       84       82       81       81       82       83       85       88       92       97      103      111      120      132      146      164      186      214      249      293      350      421      512      624      760      915     1076     1218     1317     1357     1341     1288     1217     1147     1088     1045     1021     1017     1038     1087     1172     1307     1515     1842     2379     3329    5223
        6214    9632    15041    19217    16071     9936     5857     3649     2433     1720     1275      983      782      639      535      457      397      350      314      285      262      243      228      217      208      201      196      193      192      192      194      197      203      209      218      229      242      258      277      299      325      355      389      428      472      520      571      625      679      730      777      818      850      874      890      901      909      916      925      939      960      990     1035     1096     1180     1296     1454     1673     1986     2445     3147    4279
        2628    3932     6141     8987     9812     7317     4551     2835     1870     1311      967      745      594      488      411      354      311      278      252      233      217      205      197      190      187      185      185      187      191      197      206      217      232      250      272      299      332      373      421      480      548      626      709      793      866      919      941      931      894      839      776      713      654      603      561      527      500      481      469      463      464      473      489      515      552      604      675      773      911     1110     1407    1869
         988    1536     2748     6065    14748    14920     6027     2628     1417      881      602      440      339      271      224      191      166      147      133      122      114      108      104      101      100      100      101      103      107      113      120      130      143      160      182      211      251      305      381      490      648      881     1205     1585     1862     1835     1537     1180      888      679      533      432      361      309      272      245      225      210      200      195      192      193      198      206      219      237      263      298      348      420      528     699
        3307    8074    22403    17590     5646     2369     1266      782      531      385      294      233      191      160      138      121      108       98       90       84       80       76       74       73       72       73       74       76       79       83       89       96      105      117      133      154      182      220      274      353      474      672     1018     1678     3012     5288     6413     4553     2649     1619     1084      784      604      488      412      359      322      297      281      272      269      271      281      297      322      359      412      490      610      801     1134    1782
       10687   13016     9835     5756     3374     2129     1444     1040      785      616      499      416      354      308      273      246      224      208      195      186      179      174      171      170      171      175      180      187      197      210      226      247      274      308      352      409      483      582      714      893     1134     1449     1833     2229     2516     2568     2377     2055     1719     1429     1200     1025      894      796      725      673      638      617      608      611      626      655      701      768      864     1001     1200     1498     1965     2743     4121    6663
        1668    2262     3166     4413     5604     5766     4688     3333     2305     1632     1201      918      726      593      496      426      373      333      302      278      261      247      238      232      229      229      232      238      247      260      278      301      331      370      422      490      583      710      890     1151     1535     2105     2914     3877     4564     4443     3651     2753     2045     1550     1212      978      814      696      611      548      502      469      446      431      425      425      433      448      473      508      556      623      714      841     1020    1280
         816    1160     1793     3105     6134    11599    11681     6217     3149     1819     1177      829      621      488      399      337      292      259      235      217      204      195      189      186      187      190      196      205      219      237      262      296      342      405      494      625      825     1145     1683     2602     3998     5146     4648     3184     2034     1346      944      698      540      435      361      308      270      241      220      204      193      185      180      178      178      181      187      197      210      228      252      285      329      391      479     610
        1516    2502     4333     6342     5675     3453     1996     1243      839      606      461      366      301      255      222      197      178      164      154      147      142      140      139      141      144      150      159      171      186      208      236      274      327      402      513      681      951     1403     2165     3271     4070     3588     2466     1601     1077      765      572      447      363      304      262      231      208      191      179      170      164      161      161      163      168      175      186      202      222      250      289      343      419      532      708     999
        1170    1733     2472     2945     2624     1886     1272      876      630      475      373      303      253      218      192      172      158      147      139      134      130      129      130      133      138      145      155      169      188      214      249      298      368      475      644      936     1494     2719     5728    10463     8461     4011     2030     1193      785      559      423      336      276      234      204      182      165      153      144      138      135      133      133      136      140      148      158      171      189      214      247      293      358      452      593     814
        1115    1830     3347     6232     7831     5195     2771     1594     1020      711      529      414      338      285      247      219      199      185      174      168      164      163      164      168      176      187      202      223      252      292      348      430      552      746     1077     1689     2901     5083     6620     4902     2748     1583      999      685      500      384      307      254      216      188      167      152      140      131      125      121      119      118      119      122      126      133      142      155      171      193      223      264      322      406      536     746
         870    1225     1773     2525     3180     3161     2503     1780     1256      914      693      547      446      376      325      288      261      241      226      217      211      209      210      215      223      236      255      280      315      362      429      524      665      884     1239     1847     2893     4378     5190     4191     2696     1693     1119      786      582      451      362      300      255      222      198      179      165      154      146      141      138      136      137      139      143      150      159      171      187      208      236      273      324      395      496     644
         871    1353     2197     3328     3700     2786     1764     1128      767      555      424      338      279      238      208      187      171      160      152      147      145      145      147      152      161      172      189      211      242      284      345      435      573      796     1177     1844     2878     3676     3169     2064     1278      830      574      420      322      257      211      179      155      137      124      114      106      100       96       94       93       93       94       97      101      107      115      125      139      157      182      216      263      332      435     598
        1126    1527     1900     1988     1716     1309      961      712      543      428      347      291      249      219      196      179      167      158      152      148      147      148      151      156      165      176      192      213      242      280      333      406      511      662      883     1189     1556     1834     1816     1514     1143      840      625      478      377      307      256      219      191      170      154      142      133      127      123      120      119      120      122      126      132      141      152      168      188      214      250      299      367      465      607     819
         907    1096     1305     1502     1629     1640     1532     1349     1148      963      808      684      587      512      453      408      373      345      325      309      299      292      289      290      294      302      313      329      349      374      405      441      484      534      587      641      692      731      752      749      724      680      624      564      506      453      406      366      332      304      281      263      248      236      228      222      218      217      219      222      229      238      251      268      290      318      353      398      456      531      627     751
         562     863     1331     1784     1729     1249      815      543      382      283      220      177      148      127      112      101       92       86       82       80       78       78       79       82       86       92      100      110      125      145      173      212      269      356      490      698      989     1266     1293     1035      728      503      357      264      203      162      133      112       97       86       77       71       66       62       60       58       57       57       58       60       63       66       71       78       87       99      114      136      167      211      279     385
         569     710      825      859      797      678      551      444      361      299      253      219      194      175      161      151      144      140      138      139      142      147      155      167      183      204      233      271      323      393      487      604      733      836      860      786      653      514      399      312      248      201      166      140      121      106       95       86       79       73       69       66       64       63       62       62       63       65       67       71       75       81       89       99      112      128      150      179      218      272      345     443
         401     381      351      317      283      252      225      202      182      167      154      143      135      129      125      122      120      120      121      123      127      133      140      150      161      176      193      214      239      267      297      328      356      376      384      379      361      334      303      271      241      215      192      173      157      144      134      125      119      114      110      108      106      106      107      110      113      118      125      133      144      157      173      192      216      243      275      310      345      376      399     408
         315     332      342      344      338      324      305      282      258      235      214      196      179      166      154      144      137      131      126      123      121      120      120      122      125      130      136      144      154      166      182      202      226      255      290      332      381      432      483      525      549      550      527      487      439      389      343      303      269      241      218      200      185      173      164      157      152      149      148      148      150      153      158      165      174      185      198      214      231      251      273     295
         151     178      212      253      301      351      390      405      389      348      297      247      204      170      143      122      105       93       83       75       69       65       61       58       57       55       55       55       56       58       60       63       67       72       78       86       96      108      122      139      158      178      198      215      225      227      219      204      186      166      148      131      117      106       96       89       82       78       74       72       70       69       69       70       72       75       80       85       93      102      115     131
         567     533      477      414      353      302      259      225      198      177      161      148      138      130      125      121      119      118      119      121      125      130      136      145      155      168      182      198      215      233      249      262      269      269      261      247      229      209      189      170      153      139      126      115      107       99       94       89       85       83       81       80       80       81       83       86       90       95      101      110      121      134      151      173      201      236      280      335      398      466      527     565
         248     262      277      290      301      309      313      312      306      296      283      268      252      236      220      206      192      180      170      161      153      146      141      136      133      130      128      127      127      127      128      129      131      134      137      140      144      148      151      155      159      162      165      167      168      168      168      167      166      164      161      159      156      154      152      150      149      148      148      148      150      152      155      159      164      170      177      186      196      207      219     233
         140     148      157      166      174      182      188      191      192      189      183      175      165      155      144      133      123      114      105       98       92       87       82       78       75       73       71       70       69       69       69       69       71       72       74       77       80       84       88       92       97      103      108      114      119      124      128      132      134      135      134      133      130      127      124      121      117      114      111      109      107      106      105      105      106      107      109      112      116      121      126     133
         177     213      249      275      283      270      241      208      175      148      126      108       95       84       76       70       65       61       59       57       56       56       57       58       61       63       67       72       78       86       94      104      114      125      134      139      141      137      129      119      107       95       83       74       65       58       52       48       44       41       38       36       35       34       33       33       33       33       34       35       37       39       41       45       50       55       63       72       84      100      120     145
         230     263      297      326      346      350      339      316      286      254      224      198      176      157      142      130      120      112      106      102       99       97       96       97       99      101      105      111      117      126      137      149      164      182      201      221      240      256      266      267      260      245      226      204      183      163      146      131      118      108       99       92       87       82       79       76       75       74       74       75       76       79       82       87       93      100      110      121      136      153      175     201
         158     177      197      213      226      232      231      223      210      195      179      164      150      138      128      120      113      108      104      101       99       99      100      101      104      108      114      120      129      138      149      162      174      187      198      205      208      204      196      183      168      152      137      122      110       99       89       81       75       69       65       61       58       56       55       54       53       53       54       55       56       58       61       65       69       75       81       89       99      111      125     141
         110     123      136      150      164      174      180      180      174      163      149      134      119      106       94       84       76       69       63       58       55       52       49       47       46       45       45       45       45       46       47       49       51       54       57       61       65       70       75       81       86       92       97      101      103      104      103      100       97       92       87       82       77       73       69       66       63       61       59       58       58       58       58       60       61       64       67       71       76       83       90     100
          84      89       95      100      104      107      109      108      106      102       97       92       86       81       76       71       66       63       60       57       55       53       52       51       51       51       51       52       53       55       57       60       63       66       70       75       79       84       89       93       96       99      100       99       97       94       90       85       81       76       71       67       64       60       58       55       54       52       51       51       50       51       51       52       54       56       58       61       64       68       73      78
          89     109      131      152      165      165      153      135      116       98       83       72       63       56       50       46       43       41       40       39       39       40       41       42       45       49       53       59       67       76       88      101      116      129      137      138      129      115       98       82       68       56       47       40       35       30       27       24       22       20       19       18       17       17       16       16       16       16       17       17       18       19       21       22       24       27       31       36       41       49       59      72
          46      53       60       69       79       90      100      108      113      113      110      104       96       88       80       72       66       61       57       54       51       49       48       47       47       48       48       50       52       54       57       61       65       69       73       76       78       79       78       76       72       66       60       55       49       44       40       36       32       30       27       25       24       22       21       21       20       20       19       19       20       20       20       21       22       24       25       27       30       33       36      41
         173     171      166      159      151      142      135      128      123      118      115      113      113      113      114      117      120      124      129      134      139      143      146      146      143      137      129      119      108       97       86       77       68       61       54       49       45       41       38       35       33       31       29       28       27       27       26       26       26       26       27       28       29       30       32       34       36       39       42       47       52       58       65       74       84       96      110      124      139      152      163     170
          81      85       89       94       98      102      106      110      112      113      113      112      109      105      100       95       89       84       78       73       69       65       61       58       55       53       51       49       48       46       46       45       45       45       45       45       46       47       48       49       50       51       53       54       56       57       59       60       61       62       63       64       64       64       64       64       64       64       63       63       63       63       63       64       64       65       66       68       70       72       75      78
          36      40       45       50       55       61       68       74       79       83       85       85       83       80       75       70       66       61       57       53       50       48       46       44       43       42       41       41       40       41       41       41       42       43       44       44       45       45       45       45       44       43       41       39       38       36       34       32       30       28       27       25       24       23       22       21       21       20       20       20       20       20       20       21       21       22       23       25       26       28       30      33
          38      40       43       45       48       50       51       53       53       53       53       51       50       48       46       44       42       40       39       37       36       35       34       34       34       34       34       35       35       36       38       39       41       43       45       47       50       52       54       56       57       58       58       56       55       52       50       47       44       41       39       36       34       32       31       29       28       27       27       26       26       26       26       26       27       27       28       29       31       32       34      36
          31      27       24       22       20       18       16       15       14       14       13       13       12       12       12       13       13       13       14       15       16       17       19       21       24       27       31       36       40       46       50       54       55       54       51       47       42       37       33       29       26       23       21       20       18       17       16       16       16       15       15       16       16       17       17       18       20       22       24       26       29       33       36       40       44       47       49       49       47       43       39      35
          91      82       73       64       56       49       43       38       35       32       29       27       26       25       24       24       24       24       24       24       25       26       28       29       31       34       36       39       41       44       46       47       48       47       45       43       40       37       34       32       29       27       25       23       22       20       20       19       18       18       18       18       18       18       19       20       21       23       24       27       29       33       37       43       49       57       67       76       86       94       97      96
          33      29       26       23       21       19       18       16       15       15       14       14       13       13       13       13       13       14       14       15       15       16       17       18       19       21       22       23       25       26       27       28       28       28       27       26       25       24       23       22       21       20       19       19       18       18       18       18       18       18       18       19       20       21       22       24       26       29       32       36       40       45       50       54       58       59       59       56       52       47       42      37
          65      71       76       79       80       77       72       66       59       53       47       41       37       33       30       27       25       24       22       21       20       20       19       19       19       19       19       20       20       21       22       24       25       27       29       31       33       35       37       39       40       41       41       41       40       39       37       35       33       32       30       28       27       26       25       25       24       24       24       24       25       26       27       28       30       32       35       38       42       47       52      58
          50      46       42       38       34       31       28       26       24       23       22       21       21       21       21       21       22       23       24       26       28       31       34       38       43       48       54       60       64       67       66       62       57       50       44       38       33       28       25       22       20       18       16       15       14       13       13       12       12       12       12       12       12       13       13       14       15       16       17       19       21       24       27       31       35       39       44       49       53       55       55      53
          26      24       22       20       19       17       16       15       14       13       12       12       11       11       10       10       10       10       10       10       10       10       11       11       11       12       12       13       13       14       15       15       16       17       17       18       18       18       18       18       18       18       18       17       17       17       17       17       17       17       17       17       17       18       18       19       20       21       22       23       25       26       28       29       31       32       33       33       32       31       30      28
          75      62       49       39       32       26       22       18       16       14       13       12       11       10       10        9        9        9        9        9        9       10       10       11       12       13       15       17       20       23       27       32       38       44       51       55       57       54       49       43       37       32       27       23       20       18       16       15       14       13       12       12       12       12       12       12       13       14       15       16       18       20       23       27       32       39       49       60       73       85       90      86
          31      26       23       20       17       15       14       13       12       11       11       10       10       10       10       10       10       11       11       12       13       14       16       17       20       22       25       28       32       35       37       38       38       36       33       29       26       23       21       18       16       15       14       13       12       11       11       11       10       10       11       11       11       12       13       13       15       16       18       21       24       28       33       39       45       51       55       56       54       49       43      36
          21      19       17       15       13       12       11       10        9        8        8        7        7        7        7        7        7        7        7        7        7        8        8        9        9       10       11       12       13       14       15       16       17       18       19       19       19       18       18       17       16       15       14       13       12       12       11       11       11       10       10       10       10       11       11       12       12       13       14       15       17       19       21       23       25       27       29       30       29       28       26      24
