SWAN 1
LOCATIONS
     1
     681726.07 2033118.57
AFREQ
     56
     0.0300
     0.0400
     0.0500
     0.0600
     0.0700
     0.0800
     0.0900
     0.1000
     0.1100
     0.1200
     0.1300
     0.1400
     0.1500
     0.1600
     0.1700
     0.1800
     0.1900
     0.2000
     0.2100
     0.2200
     0.2300
     0.2400
     0.2500
     0.2600
     0.2700
     0.2800
     0.2900
     0.3000
     0.3100
     0.3200
     0.3300
     0.3400
     0.3500
     0.3600
     0.3700
     0.3800
     0.3900
     0.4000
     0.4100
     0.4200
     0.4300
     0.4400
     0.4500
     0.4600
     0.4700
     0.4800
     0.4900
     0.5000
     0.5100
     0.5200
     0.5300
     0.5400
     0.5500
     0.5600
     0.5700
     0.5800
NDIR
     72
     5.0000
     10.0000
     15.0000
     20.0000
     25.0000
     30.0000
     35.0000
     40.0000
     45.0000
     50.0000
     55.0000
     60.0000
     65.0000
     70.0000
     75.0000
     80.0000
     85.0000
     90.0000
     95.0000
     100.0000
     105.0000
     110.0000
     115.0000
     120.0000
     125.0000
     130.0000
     135.0000
     140.0000
     145.0000
     150.0000
     155.0000
     160.0000
     165.0000
     170.0000
     175.0000
     180.0000
     185.0000
     190.0000
     195.0000
     200.0000
     205.0000
     210.0000
     215.0000
     220.0000
     225.0000
     230.0000
     235.0000
     240.0000
     245.0000
     250.0000
     255.0000
     260.0000
     265.0000
     270.0000
     275.0000
     280.0000
     285.0000
     290.0000
     295.0000
     300.0000
     305.0000
     310.0000
     315.0000
     320.0000
     325.0000
     330.0000
     335.0000
     340.0000
     345.0000
     350.0000
     355.0000
     360.0000
QUANT
     1
VaDens
m2/Hz/degr
     -999.000000
FACTOR
     1.00000E-06
          49      68       95      128      152      143      111       79       55       40       30       23       19       15       13       11       10        9        8        7        7        6        6        6        6        6        6        6        6        7        7        7        8        9        9       10       12       13       14       16       17       19       20       21       21       20       19       18       17       15       14       13       12       11       11       10       10        9        9        9       10       10       10       11       12       13       15       17       19       23       29      37
         258     270      273      266      252      233      211      190      170      152      137      123      112      102       94       87       81       76       72       68       65       63       60       58       57       55       54       53       52       51       50       49       48       48       47       46       46       45       44       44       43       43       43       42       42       42       42       42       43       43       44       45       46       48       50       52       55       58       62       66       72       78       86       95      106      119      134      152      172      194      218     240
        6953    3819     2086     1262      837      596      448      351      285      238      204      178      158      143      131      122      115      110      106      103      101      100      101      101      103      106      109      113      118      124      130      137      144      151      158      165      170      175      178      179      178      177      173      169      165      161      156      153      149      147      146      145      146      148      152      158      166      176      190      208      231      263      306      365      449      575      771     1102     1710     2935     5434    8330
      363024  100523    30052    13502     7465     4663     3157     2265     1698     1318     1053      862      720      612      529      464      412      370      337      310      287      269      255      243      234      227      221      218      216      216      218      221      226      233      242      252      265      281      300      323      349      380      417      461      512      571      641      721      815      921     1041     1175     1322     1479     1646     1820     2001     2188     2387     2605     2853     3148     3518     4003     4667     5622     7077     9465    13818    23154    49575  170980
     1097520  139245    41837    19233    10781     6790     4622     3328     2502     1947     1558     1277     1069      911      789      694      618      558      509      469      437      412      391      375      363      354      348      345      345      348      354      363      375      391      411      436      466      503      548      603      669      750      849      971     1122     1309     1542     1830     2185     2619     3136     3731     4383     5049     5673     6201     6602     6882     7077     7244     7441     7730     8178     8871     9935    11591    14256    18830    27571    47665   113989  642717
      554945  249141    83331    37821    20883    13003     8772     6268     4678     3614     2871     2335     1938     1637     1405     1222     1077      960      866      788      725      672      629      593      564      540      521      507      496      489      485      485      487      493      502      514      530      550      574      603      637      676      723      777      840      912      997     1094     1206     1335     1484     1655     1852     2077     2335     2630     2969     3360     3814     4347     4983     5756     6723     7970     9641    11986    15472    21046    30897    50998   102252  277759
      203186  232140   114354    48270    23717    13343     8270     5499     3857     2821     2135     1662     1326     1080      897      757      648      563      495      441      397      361      331      307      287      271      258      247      239      233      229      227      226      227      230      234      241      249      260      274      290      310      334      363      398      440      491      554      631      725      843      990     1175     1409     1706     2086     2569     3182     3950     4899     6041     7381     8912    10637    12595    14909    17843    21911    28139    38777    59449  105748
       58648   56137    46775    35089    24846    17251    12017     8497     6128     4515     3397     2608     2041     1626     1317     1083      904      764      655      567      497      440      394      356      324      298      277      259      244      232      222      214      208      204      201      199      199      201      204      208      214      222      232      244      259      277      299      325      356      394      441      497      566      652      759      895     1067     1290     1580     1964     2476     3171     4122     5440     7281     9862    13476    18481    25234    33901    43970   53470
       20181   39978   105915   164884    63310    21953    10150     5628     3499     2352     1674     1244      958      759      617      512      432      371      324      286      256      232      212      196      183      173      164      158      153      149      147      146      146      147      149      153      157      164      172      182      194      209      227      248      274      306      344      392      450      521      610      719      854     1020     1221     1459     1734     2036     2353     2664     2951     3204     3428     3637     3859     4129     4491     5009     5781     6986     8984   12609
       25422   39070    62196    75880    52555    26823    13967     7995     4984     3323     2335     1712     1299     1014      812      664      553      469      403      352      311      278      252      230      212      198      186      177      169      163      159      156      154      154      154      156      159      164      170      178      187      199      213      230      251      277      308      346      393      451      523      615      731      879     1069     1316     1634     2043     2560     3195     3940     4764     5605     6402     7117     7766     8417     9181    10214    11745    14160   18199
       10762   14094    20232    31846    48949    51108    31194    15883     8582     5094     3273     2238     1607     1200      926      734      596      494      417      357      311      274      245      221      202      187      174      164      156      150      145      141      139      138      137      139      141      144      149      155      163      173      185      200      218      240      268      301      343      396      462      547      657      801      992     1246     1588     2044     2643     3398     4281     5193     5975     6490     6711     6727     6668     6652     6768     7097     7739    8857
       10170   13088    18303    28355    47220    65048    49709    25368    12872     7226     4451     2946     2062     1508     1144      893      715      585      488      415      357      312      277      248      225      206      190      178      168      159      153      148      144      142      141      141      142      144      147      152      158      165      174      186      200      217      237      262      293      330      376      432      503      592      705      848     1029     1260     1551     1910     2344     2842     3383     3928     4436     4884     5276     5646     6053     6573     7310    8419
        3390    4356     6005     9110    15726    30728    48668    35080    16235     8060     4592     2907     1986     1437     1087      852      687      568      480      413      362      322      290      264      244      228      215      205      197      192      188      186      186      188      191      196      202      211      223      237      254      275      301      333      371      418      476      546      632      736      861     1008     1175     1356     1537     1701     1828     1907     1934     1919     1878     1825     1775     1736     1717     1721     1756     1826     1944     2123     2389    2785
        2929    4123     6328    10830    20033    29499    22524    11658     6197     3680     2400     1680     1242      957      763      626      526      451      394      350      316      288      267      249      236      225      218      212      208      207      207      209      213      219      226      236      248      262      280      300      324      352      384      419      459      503      548      595      641      684      720      749      770      781      785      784      779      773      769      767      771      781      799      827      869      926     1006     1114     1263     1472     1773    2222
        5348    8088    13320    22146    27543    20091    11184     6338     3912     2611     1854     1383     1073      860      708      596      513      449      399      360      329      305      286      270      259      250      245      241      240      241      245      250      258      269      283      300      321      347      378      415      460      514      578      653      740      839      947     1061     1173     1273     1351     1401     1420     1411     1381     1340     1294     1251     1214     1188     1175     1176     1194     1232     1294     1385     1516     1702     1966     2349     2924    3830
        3117    6843    17579    19199     7445     3101     1628      993      669      483      367      291      238      200      172      151      135      123      114      107      101       97       95       94       93       94       97      100      105      111      120      131      146      165      190      223      269      334      429      574      809     1215     1960     3340     5257     5752     4119     2536     1617     1109      814      631      512      431      375      336      308      289      278      272      272      277      288      307      334      374      430      511      634      826     1153    1766
        5614    8723    12759    13791    10007     6042     3675     2378     1639     1191      904      711      577      480      408      354      312      280      255      235      220      208      198      192      188      185      185      187      190      196      204      214      228      246      268      296      331      376      433      508      605      734      906     1136     1440     1824     2269     2692     2961     2972     2748     2407     2056     1752     1509     1321     1180     1076     1002      953      925      918      929      962     1019     1107     1235     1420     1692     2101     2741    3795
        3360    7025    13400    10999     4918     2356     1328      843      582      427      328      262      216      182      157      139      124      113      105       98       93       89       87       86       85       86       88       91       95      100      107      117      129      144      164      191      226      274      342      440      585      808     1153     1662     2277     2663     2482     1945     1426     1051      800      633      519      439      383      343      315      296      284      278      278      284      296      315      344      386      445      532      663      870     1225    1896
        4382    7546     9167     6266     3391     1926     1204      815      588      446      352      286      240      205      179      160      145      133      124      117      112      109      107      106      106      108      111      116      122      130      141      155      173      196      227      269      325      404      518      689      954     1374     2030     2904     3584     3442     2676     1915     1376     1026      797      645      540      466      414      377      351      334      325      322      326      336      354      382      422      478      559      678      858     1146     1639    2556
        2925    5089     8448     9072     5699     3085     1791     1142      786      574      440      350      287      241      208      183      164      149      137      129      122      117      114      112      112      113      115      119      125      132      142      155      171      192      220      257      307      377      476      622      847     1204     1785     2678     3717     4126     3478     2500     1746     1258      948      746      611      517      452      405      371      349      334      327      326      332      345      366      397      441      504      594      728      932     1262    1836
        1734    2536     3621     4396     3996     2872     1908     1288      909      671      517      412      339      286      247      218      196      179      166      156      149      144      141      140      141      143      148      155      164      176      193      214      242      279      329      398      495      637      850     1184     1711     2501     3416     3829     3318     2432     1708     1225      915      712      575      480      413      364      328      302      284      272      265      262      264      271      283      301      326      362      410      477      571      707      911    1228
        1122    1310     1479     1576     1562     1438     1250     1050      870      720      602      510      438      382      339      305      279      258      242      230      222      216      213      213      215      221      229      240      256      276      303      337      381      440      517      622      763      957     1221     1568     1979     2361     2546     2426     2084     1687     1339     1069      868      720      611      529      468      422      388      362      344      331      324      322      324      331      343      361      386      419      462      518      590      682      800     947
        1935    2003     1966     1833     1640     1429     1229     1054      908      790      694      618      557      509      471      441      418      402      390      384      382      385      392      404      422      447      479      521      575      645      735      851     1003     1202     1462     1795     2198     2636     3012     3191     3092     2768     2351     1948     1608     1338     1129      969      846      752      680      624      583      551      530      516      509      509      516      530      551      581      621      673      740      823      928     1056     1212     1394     1592    1784
         922    1375     2008     2491     2291     1653     1102      749      533      398      310      250      208      178      156      139      127      118      111      107      104      102      103      104      108      113      120      131      144      163      188      223      273      347      463      658     1020     1797     3813     9070    10880     5039     2236     1210      756      521      385      300      243      204      176      155      140      129      121      116      112      110      110      112      115      121      128      139      153      172      199      235      285      359      469     642
        1714    2250     2843     3269     3261     2835     2262     1750     1360     1078      876      730      624      545      486      442      410      386      370      360      356      357      364      377      396      424      462      512      580      672      797      971     1216     1562     2044     2663     3294     3621     3394     2777     2115     1586     1204      937      749      615      517      445      390      349      317      293      274      261      251      246      243      244      247      255      265      281      301      328      363      408      468      548      657      806     1013    1306
        1376    1612     1694     1572     1322     1056      832      661      535      443      375      325      287      258      236      220      208      200      196      194      195      199      206      217      233      254      282      321      374      448      555      716      971     1400     2175     3630     5949     7227     5430     3227     1941     1260      879      650      504      406      338      289      253      227      207      192      180      173      168      165      165      167      171      178      188      202      220      243      274      315      369      442      541      677      862    1101
         565     657      740      791      796      753      678      592      510      438      379      332      294      264      241      224      211      201      195      191      191      193      198      207      219      236      260      291      333      391      472      588      759     1017     1408     1969     2599     2899     2564     1913     1344      953      698      531      418      339      283      242      211      188      170      157      147      139      134      130      128      128      129      132      137      144      153      164      179      198      222      253      292      341      402     477
        1720    1923     1882     1633     1318     1038      822      663      547      462      400      354      319      293      275      262      254      249      249      253      261      274      292      318      351      396      456      537      645      791      982     1218     1466     1644     1656     1487     1227      969      758      598      480      393      329      281      244      216      195      178      165      155      148      142      139      138      138      140      143      149      156      167      180      198      221      251      290      341      411      507      640      825     1076    1393
         780     951     1060     1046      921      754      600      477      386      318      269      232      204      183      168      156      148      143      139      138      140      143      148      157      169      184      206      234      272      324      394      492      625      798      991     1142     1163     1037      839      649      498      388      309      252      210      179      155      138      124      113      105       99       95       92       90       90       90       92       95       99      105      113      123      136      154      176      206      246      300      375      477     612
         565     674      806      958     1113     1239     1301     1275     1176     1037      891      759      648      558      487      430      386      351      324      303      287      275      267      262      260      261      264      270      279      290      304      320      339      360      381      403      422      437      445      446      439      424      403      379      352      325      300      276      256      238      222      209      198      189      182      177      174      173      173      174      178      183      191      201      214      231      252      279      312      355      409     478
         384     445      495      518      505      461      401      340      286      241      205      177      155      138      125      114      106      100       96       93       92       91       92       94       98      103      110      120      132      149      170      200      240      295      373      483      635      826     1013     1101     1025      842      649      493      380      300      243      202      172      149      132      120      110      102       97       93       91       90       90       91       94       98      104      111      121      133      149      170      196      230      272     324
         300     376      470      569      639      644      581      483      386      306      245      199      165      140      121      107       96       87       81       76       73       70       69       68       69       70       72       75       80       86       94      104      117      133      154      182      216      259      309      361      405      427      418      382      332      281      236      198      169      145      127      113      102       94       87       82       79       77       75       75       76       78       81       85       91       99      110      124      142      166      198     241
         410     496      560      573      526      446      362      290      234      192      160      137      119      105       95       87       81       77       74       72       71       70       71       73       76       80       86       93      102      113      128      147      170      198      231      266      300      324      331      318      290      254      218      186      159      136      119      105       94       85       78       73       69       66       64       62       62       62       64       66       69       73       79       86       95      108      124      145      173      211      262     328
         180     217      266      328      405      490      568      614      610      560      486      410      344      290      247      215      189      170      156      145      137      131      128      126      126      128      132      138      147      158      172      189      210      236      266      297      328      352      364      359      338      305      268      231      198      170      147      128      113      101       91       83       77       72       68       65       63       61       60       60       61       62       64       67       71       76       82       90      100      113      130     152
         412     377      336      295      258      227      201      180      163      150      140      132      126      122      119      119      119      121      125      130      137      147      158      172      189      209      232      256      280      300      313      316      307      289      264      236      209      184      162      144      128      116      105       97       90       84       80       77       74       73       72       72       73       75       77       81       85       91       98      108      119      134      152      175      203      237      277      322      368      407      431     432
         213     217      218      216      210      202      192      182      171      161      151      143      136      129      124      120      117      114      113      113      113      115      117      120      125      130      137      145      154      164      175      187      199      210      219      227      230      230      226      218      208      196      183      171      159      148      138      130      122      116      111      107      104      102      100      100      100      101      103      105      109      114      119      126      133      142      152      163      174      185      196     206
         104     113      121      127      132      133      132      128      123      115      108      100       93       86       81       76       72       69       66       64       63       63       63       64       65       67       71       75       80       86       94      104      116      130      147      165      184      201      214      220      217      206      189      169      149      131      115      102       91       82       74       68       63       59       56       54       52       51       50       50       51       51       53       55       57       60       64       69       74       81       88      96
         303     316      316      303      281      253      225      199      176      156      139      126      115      106       99       94       90       86       84       83       83       84       85       88       91       95      101      107      115      125      135      147      159      171      183      191      197      197      193      185      175      162      149      137      125      115      106       99       92       87       83       80       78       76       75       75       76       78       80       84       88       94      102      111      122      136      153      173      197      224      253     281
         259     280      290      286      268      243      215      187      163      142      125      111      100       91       84       78       74       71       69       67       67       67       68       70       73       77       82       89       97      107      120      136      155      177      203      230      254      273      279      273      255      231      204      178      155      136      120      107       96       88       81       76       72       69       67       66       65       66       67       69       71       75       80       87       95      105      118      134      153      176      203     231
         343     382      385      352      298      243      197      161      133      112       97       85       76       69       64       60       57       55       54       54       54       56       58       61       65       70       77       86       97      111      128      149      173      197      219      232      231      217      194      168      143      121      103       89       77       68       61       55       50       47       44       42       41       40       40       40       40       41       43       45       48       53       58       65       73       85      100      121      148      184      230     286
          63      67       72       77       83       90       96      102      108      112      115      116      114      110      105       99       93       86       80       74       69       64       61       57       55       52       51       49       48       48       48       48       48       49       51       52       54       56       59       62       65       69       72       76       79       81       83       84       83       82       80       78       75       71       68       65       62       59       57       55       53       52       51       50       50       50       51       52       53       55       57      60
         131     135      139      142      143      142      140      136      130      124      116      109      101       94       87       81       76       71       66       62       59       56       53       51       50       48       47       46       46       45       45       45       45       46       46       47       48       49       51       52       54       56       57       59       61       63       65       67       68       70       71       73       74       75       76       78       79       80       81       83       84       86       89       91       94       98      101      106      110      115      120     126
         134     138      141      143      145      147      147      147      145      142      139      134      129      124      118      113      107      102       97       92       87       83       80       77       74       72       70       68       67       66       65       65       64       64       65       65       66       67       68       70       71       73       75       77       79       81       84       86       88       90       92       94       96       97       99      100      101      102      104      105      106      107      109      110      112      114      116      119      122      125      128     131
         110     117      124      131      137      141      144      145      145      143      140      136      132      127      123      119      115      112      109      107      105      103      102      102      101      101      102      102      102      102      102      102      102      100       99       97       94       91       88       84       81       77       73       70       67       64       61       59       56       55       53       52       51       50       50       50       50       51       51       53       54       56       58       61       64       68       72       77       82       88       95     102
          93      89       85       81       77       73       70       66       63       61       58       56       54       52       50       49       48       46       46       45       44       43       43       42       42       42       42       41       41       41       41       41       41       41       42       42       42       42       43       43       44       44       45       46       47       48       49       51       52       54       56       58       61       64       67       70       73       77       81       85       89       93       96      100      102      104      105      105      104      102      100      97
          90      87       83       79       75       71       67       63       60       58       55       53       51       50       49       48       47       46       46       45       45       45       45       45       45       45       45       45       45       45       44       44       44       43       42       42       41       41       40       39       39       38       38       38       38       38       38       38       39       39       40       41       43       44       46       49       51       54       57       61       65       69       74       79       83       87       91       94       95       96       95      93
          91      89       85       81       77       72       68       64       60       57       54       52       50       48       47       46       46       45       46       46       47       47       49       50       51       53       55       57       58       60       61       61       61       61       60       59       57       55       53       50       48       46       44       42       41       39       38       37       37       36       36       36       36       37       38       39       40       42       44       47       50       53       57       61       66       71       76       81       86       89       91      92
          68      66       62       58       53       49       44       40       37       34       32       30       28       27       26       25       24       24       24       24       25       26       27       28       30       32       34       37       41       45       49       54       59       64       68       70       71       70       67       62       58       53       48       44       40       37       34       32       30       28       27       26       26       25       25       26       26       27       28       29       31       33       36       39       42       46       50       55       59       63       66      68
          97      92       84       75       66       58       51       44       39       35       31       28       26       24       23       21       20       20       19       19       19       19       19       20       21       22       23       24       26       29       32       35       40       45       51       58       67       75       84       91       95       97       94       90       83       76       69       63       57       53       49       46       43       42       40       40       40       40       41       42       44       46       50       54       59       64       71       78       86       92       97      99
          46      46       45       44       43       43       42       41       41       40       40       39       39       39       38       38       38       38       38       38       38       39       39       39       40       41       41       42       43       44       45       46       48       49       51       52       54       55       57       58       60       61       62       63       64       65       66       66       66       66       66       65       64       64       63       62       61       60       59       58       57       56       55       54       53       52       51       50       49       49       48      47
          38      34       30       28       25       24       22       21       21       20       20       20       20       20       21       22       23       25       27       29       32       36       40       45       51       57       62       67       70       71       69       65       59       53       48       42       38       34       31       28       26       24       23       22       21       21       21       21       21       21       22       23       25       27       29       32       35       40       45       51       59       66       73       79       82       82       78       71       64       56       49      43
          44      39       35       32       29       26       24       23       21       20       19       19       18       18       18       18       18       19       20       21       22       23       25       27       30       33       37       41       45       50       55       58       61       62       61       59       55       51       47       43       39       36       33       31       29       28       26       26       25       25       25       25       25       26       27       29       30       32       35       38       42       46       50       55       59       62       63       63       61       58       53      48
          32      31       31       30       30       30       30       31       32       33       34       36       37       40       42       45       49       52       55       58       60       62       62       61       58       55       51       47       43       39       36       33       30       28       26       24       22       21       20       20       19       19       18       18       18       18       19       19       20       21       21       22       24       25       26       28       30       31       33       35       36       37       38       38       38       38       37       36       35       34       33      33
          17      17       18       19       19       20       21       22       23       25       26       27       28       28       29       29       29       29       28       28       27       27       26       25       25       24       24       23       23       23       23       24       24       25       26       27       28       29       31       32       34       36       38       40       41       42       42       42       41       40       38       36       33       31       29       27       25       23       21       20       19       18       17       17       16       16       16       16       16       16       16      16
          31      31       31       31       30       30       29       28       27       27       26       25       24       23       23       22       22       21       21       21       21       21       21       21       21       22       23       23       25       26       27       29       31       33       35       38       40       43       46       48       50       52       53       53       53       52       50       48       46       44       42       40       38       36       34       33       32       31       30       30       29       29       29       29       29       29       30       30       30       31       31      31
          31      33       34       35       36       37       37       36       35       34       32       30       27       25       23       21       20       18       17       16       15       14       14       13       13       13       12       12       13       13       13       14       14       15       16       17       19       21       23       26       29       33       38       44       50       57       64       69       72       72       70       66       61       55       50       45       41       37       34       32       30       29       28       27       26       26       26       27       27       28       29      30
