SWAN 1
LOCATIONS
     1
     -67.28  18.38
AFREQ
     56
     0.0300
     0.0400
     0.0500
     0.0600
     0.0700
     0.0800
     0.0900
     0.1000
     0.1100
     0.1200
     0.1300
     0.1400
     0.1500
     0.1600
     0.1700
     0.1800
     0.1900
     0.2000
     0.2100
     0.2200
     0.2300
     0.2400
     0.2500
     0.2600
     0.2700
     0.2800
     0.2900
     0.3000
     0.3100
     0.3200
     0.3300
     0.3400
     0.3500
     0.3600
     0.3700
     0.3800
     0.3900
     0.4000
     0.4100
     0.4200
     0.4300
     0.4400
     0.4500
     0.4600
     0.4700
     0.4800
     0.4900
     0.5000
     0.5100
     0.5200
     0.5300
     0.5400
     0.5500
     0.5600
     0.5700
     0.5800
NDIR
     72
     5.0000
     10.0000
     15.0000
     20.0000
     25.0000
     30.0000
     35.0000
     40.0000
     45.0000
     50.0000
     55.0000
     60.0000
     65.0000
     70.0000
     75.0000
     80.0000
     85.0000
     90.0000
     95.0000
     100.0000
     105.0000
     110.0000
     115.0000
     120.0000
     125.0000
     130.0000
     135.0000
     140.0000
     145.0000
     150.0000
     155.0000
     160.0000
     165.0000
     170.0000
     175.0000
     180.0000
     185.0000
     190.0000
     195.0000
     200.0000
     205.0000
     210.0000
     215.0000
     220.0000
     225.0000
     230.0000
     235.0000
     240.0000
     245.0000
     250.0000
     255.0000
     260.0000
     265.0000
     270.0000
     275.0000
     280.0000
     285.0000
     290.0000
     295.0000
     300.0000
     305.0000
     310.0000
     315.0000
     320.0000
     325.0000
     330.0000
     335.0000
     340.0000
     345.0000
     350.0000
     355.0000
     360.0000
QUANT
     1
VaDens
m2/Hz/degr
     -999.000000
FACTOR
     1.00000E-06
          74      46       32       23       18       15       12       11       10        9        8        8        8        8        8        8        9       10       11       12       13       16       19       22       26       30       32       31       29       24       20       16       13       10        8        7        6        5        4        4        3        3        3        3        3        2        2        2        2        2        2        2        3        3        3        3        4        4        5        6        7        9       11       15       20       30       48       86      165      266      233     132
         654     312      177      115       82       62       50       41       36       32       29       27       26       25       25       25       26       27       29       32       36       41       49       59       75       98      133      181      233      256      226      170      120       84       61       46       36       29       24       20       17       15       14       12       11       11       10       10        9        9        9        9       10       10       10       11       12       13       15       17       19       23       28       35       46       63       92      147      266      574     1285    1369
       39136    6310     2134     1070      648      439      321      248      200      166      143      125      112      102       95       90       86       83       82       82       82       84       87       91       96      103      111      121      133      147      164      181      200      217      231      239      240      233      220      203      185      167      150      136      123      113      104       97       92       87       84       83       82       82       83       85       89       94      100      109      122      138      160      191      235      301      406      588      941     1779     4653   26400
      135750  542869    47075    12388     5528     3081     1947     1336      972      739      582      472      392      333      288      253      226      204      187      173      163      154      148      143      139      137      137      137      139      142      147      153      161      172      185      200      220      244      275      313      361      422      501      603      735      907     1127     1399     1716     2045     2326     2490     2508     2402     2228     2039     1866     1724     1618     1549     1516     1519     1561     1651     1802     2038     2406     2994     3995     5883    10137   23626
      487368 2814840   393199    83980    34319    18083    10950     7249     5112     3780     2902     2297     1865     1548     1310     1128      986      874      785      714      656      610      572      542      519      501      488      480      476      476      480      489      502      520      543      572      609      655      711      780      865      972     1104     1272     1485     1762     2123     2603     3250     4135     5354     7036     9319    12262    15663    18863    20925    21329    20391    18856    17329    16123    15356    15074    15327    16219    17974    21048    26428    36493    58224  120578
      235555  984941   387230    82024    31806    16213     9592     6239     4337     3167     2405     1885     1516     1248     1047      894      776      683      609      549      501      462      431      405      385      369      357      348      342      339      339      342      347      356      368      383      402      427      456      492      537      591      657      738      839      964     1121     1320     1573     1898     2315     2853     3539     4399     5438     6624     7862     9007     9915    10514    10840    11005    11147    11397    11879    12732    14157    16502    20458    27595    42206   79864
       74313  118752   188206   172290    82731    36389    18182    10240     6311     4162     2893     2097     1574     1216      963      779      643      539      460      398      348      309      277      251      230      213      199      187      178      170      165      160      157      156      155      156      158      162      166      173      181      190      203      218      236      258      285      319      360      411      476      558      664      803      988     1237     1582     2068     2767     3795     5333     7645    11062    15808    21583    27218    31345    33744    35484    38067    43165   53367
       75108  130673   233080   222649   100380    42516    21041    11856     7334     4860     3394     2471     1862     1444     1147      931      770      648      554      480      421      374      336      305      280      259      242      228      217      208      201      196      192      190      190      190      193      197      203      210      219      231      246      263      285      311      342      381      428      487      560      651      768      917     1111     1366     1706     2163     2785     3634     4792     6348     8378    10891    13779    16833    19872    22924    26347    30892    37945   50359
       44944   97189   138562    69774    27316    12902     7139     4398     2923     2054     1508     1146      897      719      589      491      417      359      313      277      248      224      204      189      175      165      156      149      144      139      136      135      134      134      135      137      140      144      150      157      166      176      189      204      222      244      270      302      340      387      444      514      600      706      837      997     1193     1431     1715     2049     2433     2865     3344     3874     4470     5167     6030     7178     8825    11397    15835   24561
       25289   32735    44637    58029    57248    38466    21368    11897     7051     4463     2989     2098     1531     1154      894      710      576      476      400      341      295      259      230      206      187      171      158      148      139      132      127      122      119      117      116      115      116      117      120      123      128      133      141      149      160      173      189      209      232      261      298      343      400      472      566      689      852     1071     1370     1782     2356     3156     4255     5714     7530     9572    11590    13360    14863    16321    18136   20854
       17193   27585    53841   103434    82266    32069    13642     6989     4082     2610     1783     1280      957      739      586      476      394      333      285      248      219      195      176      161      149      139      130      124      119      115      112      110      109      109      109      111      114      117      122      128      136      145      156      170      188      209      235      267      308      359      425      512      625      778      985     1269     1665     2215     2967     3948     5112     6285     7199     7675     7756     7640     7527     7567     7875     8586     9935   12411
       15836   38382   136142   155269    42603    15896     8058     4835     3220     2303     1735     1360     1100      914      777      673      592      529      479      440      408      382      362      345      333      323      316      312      310      310      312      316      322      329      339      350      363      378      395      413      432      453      474      497      519      541      563      584      604      623      642      660      678      697      717      740      767      798      837      884      943     1017     1111     1232     1391     1603     1893     2305     2916     3875     5510    8640
        8081   11747    17729    24784    25675    18405    11158     6797     4380     2993     2151     1612     1250      998      817      683      582      504      443      395      357      326      301      281      265      252      242      234      228      225      223      223      225      229      234      242      251      263      277      295      316      340      369      403      443      490      544      605      675      754      840      933     1031     1129     1225     1316     1398     1472     1539     1601     1662     1727     1804     1899     2020     2181     2397     2692     3103     3691     4561    5905
        7623   14419    24569    21641    10952     5454     3076     1929     1309      942      709      553      444      366      308      264      230      203      182      165      151      140      131      124      118      113      110      107      106      105      105      105      107      109      112      116      121      126      133      141      150      160      172      186      201      218      237      257      279      302      326      351      377      402      428      454      480      507      536      568      605      649      703      771      858      974     1132     1354     1679     2183     3017    4534
        4376   11189    32222    24736     8007     3458     1900     1206      840      625      488      396      332      285      251      225      205      190      179      170      164      161      159      158      160      163      167      174      182      191      203      216      230      246      262      278      292      303      311      313      310      302      291      277      261      246      231      217      205      195      187      180      175      171      170      170      172      176      182      191      204      220      241      270      308      360      432      537      694      948     1391    2269
        1783    2586     4145     7437    13183    14441     8416     4236     2350     1453      976      697      523      408      328      271      229      197      173      154      139      127      118      110      104      100       97       94       93       92       93       94       96       98      102      107      113      120      129      140      153      168      187      208      233      262      294      329      367      404      440      470      493      507      513      512      506      497      489      481      477      477      483      494      515      545      589      650      737      862     1045    1326
        1540    2630     5382    12971    18139     8846     3735     1933     1168      782      563      428      339      277      233      201      177      158      144      133      124      118      113      110      107      106      106      107      110      113      117      122      129      136      146      156      168      181      195      209      222      235      244      251      254      254      250      243      234      224      215      206      198      191      185      181      179      178      179      183      188      197      209      225      246      275      314      368      445      557      730    1017
        3343    4121     4114     3288     2324     1603     1130      825      624      488      392      323      272      234      204      181      162      148      136      127      119      113      108      105      102      100       99       98       99      100      101      103      106      110      114      118      124      129      136      143      150      158      165      173      181      188      195      202      208      213      218      223      228      234      240      247      256      267      280      296      317      343      377      420      477      552      655      798     1004     1308     1766    2446
         813    1248     2124     3884     5732     4544     2436     1319      794      523      370      276      215      174      144      123      107       94       85       78       72       68       65       62       61       60       60       60       62       64       66       70       75       81       88       98      110      124      143      167      196      232      275      323      372      414      440      442      422      388      348      309      274      244      220      201      186      175      168      163      161      162      165      172      182      197      218      247      288      347      436     577
         842    1596     3478     5133     2944     1283      654      387      254      179      134      104       84       69       59       51       45       41       37       34       32       31       29       29       28       28       28       29       30       31       33       35       38       41       46       52       60       70       84      102      127      163      213      282      373      475      552      562      503      416      333      267      218      183      157      139      125      116      109      105      103      104      106      112      120      131      148      173      210      266      357     519
         702    1134     2115     4506     7116     4637     2109     1084      644      425      302      228      179      145      122      105       92       82       75       69       65       61       59       58       57       57       58       59       61       64       68       73       80       88       99      113      130      152      181      216      260      312      365      410      434      430      399      355      307      264      227      198      174      156      142      131      123      118      114      113      113      115      119      125      135      147      165      190      225      277      355     481
         574    1088     2277     3177     1908      890      473      288      193      139      106       84       69       58       50       44       40       36       34       32       30       29       29       29       29       30       31       32       34       37       41       45       51       59       70       84      104      131      169      222      289      361      408      402      349      281      220      173      139      114       96       83       73       66       61       57       54       53       52       52       53       55       58       63       69       78       91      108      134      173      237     350
         444     649      884      969      799      554      371      256      185      139      109       88       74       63       55       49       44       41       38       36       35       34       33       33       34       34       36       38       40       43       47       53       59       68       79       94      113      138      169      204      239      266      273      258      229      195      163      137      116       99       87       77       70       64       60       57       55       54       53       54       55       58       61       66       73       82       94      111      136      171      225     309
         544     995     1447     1126      603      328      198      131       93       70       55       44       37       31       27       24       22       20       19       18       17       16       16       16       16       17       17       18       19       20       22       25       28       32       37       44       54       69       89      120      166      234      320      392      396      332      251      186      140      109       88       74       63       56       50       46       44       42       41       41       42       43       46       49       54       62       72       87      110      146      206     318
         611    1085     1925     2309     1526      821      472      300      206      151      117       94       77       66       57       51       46       43       40       38       36       36       35       35       36       37       39       41       44       48       53       60       68       80       95      115      142      178      224      277      325      350      339      299      248      202      164      134      112       96       83       74       67       62       58       55       53       52       52       53       55       57       61       67       74       84       98      117      145      189      258     380
         752     874      901      803      639      480      356      268      205      161      130      107       90       77       66       59       52       47       44       40       38       36       34       33       32       32       31       31       32       32       33       34       36       37       40       42       45       49       53       58       63       69       76       84       91       99      107      114      121      126      129      131      132      132      132      132      132      132      134      136      140      146      155      166      181      202      229      266      317      387      482     607
         468     571      661      700      665      573      463      365      288      229      186      153      129      110       95       84       75       68       62       58       54       51       49       47       46       45       44       44       44       44       44       45       46       47       48       49       51       52       54       56       57       59       60       62       63       64       65       65       66       66       67       67       68       69       70       71       73       75       78       81       86       92       99      108      119      133      152      176      207      249      304     377
         277     394      574      787      872      719      493      325      220      157      116       90       72       59       49       43       37       33       30       28       26       24       23       23       22       22       22       22       23       23       24       26       27       30       32       36       40       45       51       58       67       77       89      101      112      120      124      123      118      110      101       92       84       76       70       66       62       59       57       56       56       57       58       61       65       71       79       90      105      126      157     204
         585     579      530      457      383      319      266      225      193      169      150      135      123      114      107      101       97       94       92       91       90       91       91       92       93       95       96       98       99       99       99       98       96       94       91       87       83       79       75       71       67       64       61       58       56       54       52       51       51       50       50       51       52       53       55       57       60       64       70       76       84       94      107      123      144      171      207      253      313      386      467     542
         425     462      437      364      281      211      160      124       98       79       65       55       48       42       37       34       31       29       27       25       24       24       23       23       23       23       24       25       26       27       29       31       33       36       39       43       48       54       60       66       73       79       85       89       91       91       90       86       83       78       74       70       67       64       62       61       60       60       61       62       65       69       74       81       90      103      120      143      175      219      279     352
         184     229      266      274      247      200      153      117       90       70       56       46       39       33       29       26       23       21       20       18       17       17       16       16       16       16       16       16       17       18       19       20       22       24       26       29       32       36       40       45       51       56       61       65       67       67       66       62       59       55       51       47       44       41       39       37       36       35       35       35       36       37       39       42       45       50       57       65       77       93      115     145
         201     198      189      176      160      145      131      119      108       99       92       85       80       75       72       69       66       64       62       60       59       58       56       55       53       52       50       49       47       45       43       41       39       38       36       34       33       31       30       29       28       27       26       26       25       25       25       25       25       26       26       27       28       30       31       33       36       38       42       46       51       57       65       74       85       98      113      131      149      168      185     196
         206     226      242      249      246      232      210      185      160      137      117      100       86       75       66       59       53       48       44       41       38       36       34       32       31       30       30       29       29       29       30       30       31       31       32       34       35       37       38       40       42       45       47       49       52       54       57       59       60       62       64       65       66       67       67       68       69       70       72       74       76       79       83       87       93      100      109      119      132      147      165     185
         150     175      196      208      204      186      159      132      108       88       73       61       52       44       39       34       31       28       26       24       23       22       21       21       20       20       20       21       21       22       23       24       25       27       29       32       35       38       42       46       51       55       60       64       66       68       68       67       65       62       59       56       53       50       48       46       45       44       43       43       44       45       47       49       53       57       63       70       80       92      108     127
         132     133      134      135      135      133      131      128      124      120      114      108      102       96       90       84       78       72       67       63       58       54       51       48       45       43       41       39       37       36       34       33       33       32       32       31       31       31       31       31       32       33       33       34       35       37       38       40       42       44       46       49       52       55       58       62       66       70       74       79       84       88       93       98      103      107      112      116      120      123      127     129
          80      86       92       98      104      109      113      115      114      111      107      100       93       85       77       70       63       57       52       48       44       41       38       35       33       32       30       29       29       28       27       27       27       27       27       27       28       28       29       30       31       32       33       34       36       37       38       40       41       42       43       44       45       46       47       47       48       48       49       49       50       50       51       53       54       56       58       60       63       67       70      75
          88      94      100      105      109      112      113      112      109      104       98       91       83       76       69       62       56       50       45       41       37       34       31       29       26       25       23       22       21       20       19       18       17       17       16       16       16       16       16       16       16       16       16       16       17       17       18       18       19       20       21       22       23       24       26       27       29       31       33       35       37       40       43       46       49       53       57       61       66       71       77      82
          78      69       61       54       48       43       39       36       33       31       29       27       26       25       24       24       23       23       23       23       23       23       24       24       24       25       25       25       26       26       26       26       26       26       25       25       25       24       24       23       23       23       22       22       22       22       22       23       23       24       25       26       27       28       30       33       36       39       44       49       55       62       71       80       90       99      106      110      110      105       97      88
          96     100      102      103      102       99       94       87       80       72       64       57       50       45       40       35       32       29       26       24       22       20       19       18       17       16       15       15       15       14       14       14       14       14       14       15       15       15       16       17       17       18       19       21       22       23       25       27       29       31       34       36       38       41       44       46       49       51       53       56       58       60       62       64       67       70       73       76       80       84       88      92
          78      87       97      108      119      127      131      129      120      107       92       78       65       54       46       39       33       29       26       23       20       19       17       16       15       14       13       13       13       12       12       12       12       12       13       13       14       14       15       16       17       19       20       22       24       27       29       32       35       39       42       45       47       49       51       51       51       51       51       50       49       49       48       48       49       50       51       53       56       60       64      70
          32      32       32       33       34       35       36       37       37       38       39       39       38       37       36       34       32       30       27       25       23       21       20       18       17       16       15       14       13       13       12       12       12       12       12       12       12       12       12       13       13       14       15       16       17       19       21       23       25       28       31       34       38       42       45       48       50       51       51       50       49       47       44       42       40       38       36       35       34       33       32      32
          36      35       33       32       32       31       31       31       31       31       31       32       32       32       32       32       32       32       31       30       29       28       27       25       24       22       21       19       18       17       16       15       15       14       14       13       13       13       13       13       13       13       13       13       14       14       15       16       17       18       20       22       24       26       29       32       35       39       43       46       49       52       53       54       53       51       49       47       45       42       40      38
          96      89       79       68       57       48       41       35       31       27       24       21       19       18       17       16       15       14       14       13       13       13       13       13       14       14       14       15       16       16       17       18       19       20       20       21       22       22       23       23       23       23       22       22       21       21       20       20       20       19       19       19       19       19       20       20       21       22       23       25       27       30       33       37       43       49       57       66       76       87       95      98
          33      29       26       24       22       21       19       19       18       18       17       17       18       18       18       19       19       20       21       21       22       22       21       21       20       19       18       17       15       14       13       12       11       10        9        8        8        7        7        7        7        6        6        6        6        6        7        7        7        7        8        9        9       10       11       13       15       17       20       23       27       33       39       45       51       56       58       57       53       48       43      37
          47      45       42       39       37       34       32       30       28       26       25       24       23       22       21       20       19       19       18       18       17       16       16       15       15       14       13       13       12       12       11       11       10       10        9        9        9        8        8        8        8        8        8        8        8        8        8        8        8        9        9        9       10       11       11       12       13       15       16       18       20       23       26       29       32       36       40       43       46       48       49      48
          15      14       14       14       14       13       13       13       13       13       13       13       13       13       12       12       12       12       12       11       11       11       10       10        9        9        9        8        8        8        7        7        7        7        6        6        6        6        6        6        6        6        6        6        6        6        7        7        7        7        8        8        9        9       10       10       11       12       13       13       14       14       15       15       16       16       16       16       16       16       15      15
          21      21       20       20       19       18       18       17       16       15       15       14       13       12       12       11       10       10        9        9        8        8        8        7        7        7        7        6        6        6        6        6        6        6        6        7        7        7        7        8        8        8        9        9       10       11       11       12       13       14       15       16       17       18       19       20       21       21       22       22       23       23       23       23       23       23       23       22       22       22       22      21
          10       9        8        8        7        7        6        6        6        6        6        6        6        6        6        7        7        7        8        9       10       11       12       13       14       15       17       17       18       18       18       17       16       15       13       12       11       10       10        9        9        8        8        8        8        8        8        8        8        8        9        9       10       11       12       14       16       18       20       23       25       28       29       29       28       25       23       20       17       15       13      12
          13      14       14       14       14       14       14       14       14       14       14       14       13       13       12       11       11       10        9        9        8        8        7        7        6        6        6        6        5        5        5        5        5        5        5        5        5        5        5        6        6        6        7        7        7        8        9        9       10       11       11       12       13       14       14       15       15       15       15       15       15       15       14       14       14       14       14       13       13       13       13      13
           8       8        8        8        8        8        8        8        9        9        9        9       10       10       10       10       10       10       10       10       10       10        9        9        9        9        8        8        8        8        8        8        8        8        8        8        8        8        8        8        8        9        9        9       10       10       11       11       12       12       12       13       13       13       13       12       12       12       11       11       11       10       10        9        9        9        8        8        8        8        8       8
           3       3        3        3        3        4        4        4        5        5        5        6        6        7        7        7        7        7        7        7        7        6        6        6        5        5        5        5        5        5        5        5        5        5        5        5        6        6        7        7        8        9       11       12       14       15       17       17       17       16       15       13       11        9        8        7        6        5        5        4        4        3        3        3        3        3        3        2        2        2        2       3
           4       4        4        4        4        4        4        4        5        5        5        5        5        6        6        6        7        7        7        8        8        9        9        9        9       10       10       10       10       10        9        9        9        9        9        9        9        9        9        9        9        9       10       10       10       11       11       11       12       12       12       12       12       12       12       11       11       10       10        9        8        8        7        7        6        6        5        5        5        5        5       4
           8       8        8        9        9        9        9        9        9        9        9       10       10       10       10       10       10       10       11       11       11       10       10       10       10       10       10       10       10       10       10       10        9        9        9        9        9       10       10       10       10       10       10       10       11       11       11       11       11       11       11       11       11       11       11       11       11       11       10       10       10       10       10        9        9        9        9        9        9        8        8       8
           4       5        5        5        6        6        7        8        8        9       10       10       11       11       11       10       10        9        9        8        8        7        7        6        6        6        5        5        5        5        5        5        5        6        6        6        7        7        8        9        9       10       11       12       13       13       13       13       12       11       10        9        9        8        7        6        6        5        5        4        4        4        4        4        4        4        4        4        4        4        4       4
           3       3        2        2        2        2        2        2        2        2        2        2        2        2        2        2        2        3        3        4        4        5        6        6        8        9        9       10       10        9        8        7        6        6        5        4        4        3        3        3        3        2        2        2        2        2        2        2        3        3        3        3        4        5        5        6        8       10       12       16       19       21       21       18       15       12        9        7        6        5        4       3
           6       6        6        6        6        6        6        6        7        7        7        7        7        8        8        8        8        7        7        7        7        6        6        5        5        5        4        4        4        4        4        3        3        3        3        3        3        3        3        3        3        4        4        4        4        5        5        5        6        7        7        8        9        9       10       10       11       11       11       11       10       10        9        9        8        8        7        7        6        6        6       6
