SWAN 1
LOCATIONS
     1
     -67.28  18.38
AFREQ
     56
     0.0300
     0.0400
     0.0500
     0.0600
     0.0700
     0.0800
     0.0900
     0.1000
     0.1100
     0.1200
     0.1300
     0.1400
     0.1500
     0.1600
     0.1700
     0.1800
     0.1900
     0.2000
     0.2100
     0.2200
     0.2300
     0.2400
     0.2500
     0.2600
     0.2700
     0.2800
     0.2900
     0.3000
     0.3100
     0.3200
     0.3300
     0.3400
     0.3500
     0.3600
     0.3700
     0.3800
     0.3900
     0.4000
     0.4100
     0.4200
     0.4300
     0.4400
     0.4500
     0.4600
     0.4700
     0.4800
     0.4900
     0.5000
     0.5100
     0.5200
     0.5300
     0.5400
     0.5500
     0.5600
     0.5700
     0.5800
NDIR
     72
     5.0000
     10.0000
     15.0000
     20.0000
     25.0000
     30.0000
     35.0000
     40.0000
     45.0000
     50.0000
     55.0000
     60.0000
     65.0000
     70.0000
     75.0000
     80.0000
     85.0000
     90.0000
     95.0000
     100.0000
     105.0000
     110.0000
     115.0000
     120.0000
     125.0000
     130.0000
     135.0000
     140.0000
     145.0000
     150.0000
     155.0000
     160.0000
     165.0000
     170.0000
     175.0000
     180.0000
     185.0000
     190.0000
     195.0000
     200.0000
     205.0000
     210.0000
     215.0000
     220.0000
     225.0000
     230.0000
     235.0000
     240.0000
     245.0000
     250.0000
     255.0000
     260.0000
     265.0000
     270.0000
     275.0000
     280.0000
     285.0000
     290.0000
     295.0000
     300.0000
     305.0000
     310.0000
     315.0000
     320.0000
     325.0000
     330.0000
     335.0000
     340.0000
     345.0000
     350.0000
     355.0000
     360.0000
QUANT
     1
VaDens
m2/Hz/degr
     -999.000000
FACTOR
     1.00000E-06
          71      73       72       70       66       61       56       50       45       41       37       34       31       28       26       24       23       22       21       20       20       19       19       19       19       19       19       19       19       20       20       21       21       21       22       22       23       23       23       23       23       23       22       22       22       21       21       21       20       20       20       20       20       20       21       21       21       22       23       24       26       27       29       32       35       38       42       47       52       57       62      67
         697     631      532      433      349      283      233      195      167      145      128      115      105       97       90       85       82       79       77       76       76       77       77       79       81       84       87       90       94       98      102      105      108      110      112      112      111      108      105      102       98       93       89       85       82       78       76       73       72       71       70       70       71       72       74       77       80       85       92      100      110      124      141      163      192      230      281      348      434      535      634     698
        5117    3567     2439     1723     1273      979      781      642      541      467      410      366      332      305      283      265      251      239      229      221      215      209      204      200      197      193      190      186      183      179      176      172      168      164      160      156      152      148      145      142      139      137      136      134      134      134      135      137      139      143      147      153      161      170      182      197      215      237      266      302      349      410      493      608      771     1011     1380     1968     2921     4364     5938    6335
     1067720   43831    11574     5231     2951     1886     1308      962      739      588      482      404      347      303      269      242      221      205      192      182      174      169      165      164      163      165      168      173      180      190      202      217      236      260      290      329      379      443      527      639      792     1001     1292     1695     2233     2888     3535     3929     3892     3500     2978     2489     2093     1792     1571     1412     1302     1230     1191     1182     1203     1257     1351     1499     1722     2065     2610     3538     5300     9319    22459  157827
     2386350  277909    60243    25447    13855     8657     5907     4287     3259     2570     2087     1738     1479     1282     1130     1011      917      843      784      737      701      673      652      639      631      630      634      644      660      683      713      752      799      858      930     1018     1126     1256     1415     1609     1845     2130     2470     2869     3322     3814     4310     4764     5122     5344     5419     5366     5225     5041     4852     4686     4561     4491     4486     4555     4714     4983     5394     6003     6899     8242    10337    13822    20230    34095    74587  328027
     1233400  493178   115565    46164    23878    14259     9335     6519     4779     3639     2858     2303     1897     1593     1361     1181     1039      926      835      761      701      652      613      581      555      535      521      510      504      502      504      510      520      534      553      577      607      644      688      742      806      884      978     1091     1229     1395     1598     1846     2148     2517     2963     3499     4133     4865     5686     6573     7492     8404     9282    10121    10948    11821    12829    14102    15826    18299    22046    28105    38827    60631   116794  345005
      218728  203100   137875    80634    46739    28257    17968    11973     8309     5972     4425     3367     2622     2085     1689     1392     1164      988      850      740      652      580      522      474      434      402      375      353      335      320      308      299      292      288      286      286      288      292      298      307      319      333      351      372      399      430      468      514      570      638      722      825      953     1113     1317     1579     1919     2365     2960     3761     4858     6376     8501    11504    15771    21851    30516    42884    60676    86671   124829  176062
       73805   97000   118461   113191    79254    46931    27354    16661    10713     7240     5107     3736     2818     2184     1732     1403     1157      970      826      713      623      552      493      446      408      376      350      328      311      297      286      277      271      267      265      265      267      271      278      286      298      312      329      351      377      408      446      492      549      618      703      809      942     1111     1326     1606     1971     2455     3100     3970     5145     6726     8828    11546    14915    18861    23220    27864    32880    38732    46359   57319
       35289   74150   197792   160829    44317    16112     7669     4281     2650     1764     1240      909      690      539      432      353      294      250      215      187      166      148      134      123      113      106      100       95       91       88       85       84       83       83       84       85       87       90       93       98      104      111      119      130      143      159      179      204      235      275      327      395      486      610      784     1034     1402     1965     2851     4280     6580    10034    14219    17328    17813    16463    14865    13843    13668    14548    16991   22410
       11534   15834    25867    54884   121890    84839    27229    10910     5470     3161     2007     1364      975      726      559      442      358      296      249      214      186      163      146      131      120      111      103       97       92       88       85       83       81       81       80       81       82       84       87       91       95      101      108      117      128      141      158      178      204      237      280      335      409      510      651      854     1155     1620     2366     3615     5762     9322    14116    17565    17017    14164    11485     9683     8674     8305     8532    9474
        5155    6559     9211    14838    28523    54332    47401    20146     8840     4608     2731     1770     1225      891      675      527      423      348      291      249      216      190      169      153      140      129      120      113      108      104      100       98       97       96       97       98      100      103      107      113      119      128      138      151      166      186      210      241      281      332      400      491      615      790     1041     1413     1973     2825     4081     5724     7313     8026     7580     6548     5522     4730     4188     3860     3712     3731     3933    4367
        2999    4198     6508    11732    25858    51717    37858    15125     6970     3854     2413     1644     1192      905      714      580      484      412      358      316      284      258      238      223      210      201      194      189      187      186      187      190      195      202      211      223      238      257      281      311      348      394      452      525      618      736      885     1070     1292     1543     1795     2006     2128     2138     2048     1897     1726     1563     1422     1306     1218     1154     1113     1094     1098     1125     1178     1265     1395     1587     1871    2305
        2494    3180     4355     6549    11061    20013    27031    18411     9065     4733     2773     1784     1230      895      679      533      431      356      301      259      227      201      181      165      153      142      134      128      123      120      117      116      116      117      119      122      126      132      139      149      160      174      192      213      240      273      315      368      436      523      635      777      957     1175     1424     1677     1893     2027     2059     2001     1890     1762     1642     1544     1472     1430     1419     1443     1505     1617     1794    2068
        2852    3612     4809     6734     9698    13115    14028    10941     7101     4484     2942     2030     1468     1105      861      690      567      476      407      355      313      281      255      235      218      205      195      187      181      177      174      174      174      176      180      186      193      203      215      230      248      270      296      329      368      416      474      544      628      727      843      972     1110     1247     1370     1467     1528     1551     1543     1514     1475     1435     1403     1383     1380     1397     1438     1510     1620     1781     2014    2352
        2110    2913     4340     6944    10849    12450     8873     5055     2928     1829     1228      874      652      505      403      331      277      237      207      183      164      149      138      128      121      115      111      107      105      104      104      105      107      110      113      119      125      133      143      155      170      188      210      237      270      309      357      414      480      555      636      718      791      848      883      894      884      860      830      799      771      751      740      739      750      775      818      883      979     1117     1320    1627
        4196    8588    19543    23206    10864     4762     2521     1539     1035      746      566      447      365      306      262      230      205      186      171      159      150      144      139      136      135      134      136      139      143      149      157      167      179      194      213      236      264      297      336      382      434      490      546      596      633      652      651      631      598      559      517      479      444      415      391      373      360      352      349      351      359      372      394      424      466      525      607      725      900     1171     1623    2452
        1236    1934     3497     7792    17818    15823     6367     2860     1569      984      676      496      382      305      252      214      185      164      147      135      125      118      113      109      106      105      105      107      109      113      119      126      135      147      162      181      205      235      272      319      378      448      528      611      683      728      733      700      640      569      500      439      388      346      313      287      268      253      243      238      236      238      244      254      270      293      325      369      431      521      656     870
        1839    2699     4337     7610    12625    13333     8277     4486     2617     1677     1159      850      653      521      428      361      312      274      246      224      207      194      184      177      172      169      168      169      172      177      183      193      205      221      240      264      295      333      380      438      510      597      698      809      921     1014     1071     1077     1036      961      871      780      697      626      567      520      483      456      436      423      417      418      425      440      464      499      548      616      710      845     1043    1347
        4677    7867    10358     8184     4765     2754     1723     1165      839      635      501      408      342      293      257      229      208      191      179      170      163      158      156      155      156      159      164      172      181      194      211      232      258      293      337      394      469      567      695      858     1055     1267     1448     1538     1502     1364     1179      997      840      714      616      540      482      438      406      382      366      357      354      357      366      382      407      442      491      560      656      795     1002     1327     1868    2837
         742    1115     1816     3056     4244     3641     2204     1281      799      539      387      293      231      188      158      136      119      107       97       90       84       80       78       76       75       76       77       79       82       87       93      101      112      125      143      166      197      238      295      372      477      613      768      900      946      882      749      606      484      391      321      270      232      203      182      167      155      147      142      139      138      140      144      152      162      177      197      225      263      319      402     530
        2377    3359     4719     5948     5921     4612     3176     2157     1511     1104      839      661      537      448      382      333      296      267      245      228      215      205      199      195      193      194      197      202      210      221      236      255      280      311      352      406      476      571      699      876     1122     1459     1900     2402     2817     2934     2695     2259     1815     1449     1172      968      819      709      628      568      525      494      473      462      459      463      477      500      534      582      649      742      873     1058     1330    1741
        2611    3451     4357     4864     4544     3638     2694     1965     1459     1113      875      708      587      498      432      381      343      313      290      272      259      249      243      240      240      243      249      258      271      288      310      339      376      425      487      570      681      830     1035     1317     1701     2198     2758     3217     3346     3081     2593     2090     1671     1351     1115      941      813      718      647      595      557      531      515      508      509      520      539      569      613      673      754      866     1020     1235     1541    1982
        2544    3787     4432     3584     2326     1469      974      685      507      392      314      260      221      192      170      154      141      132      125      120      116      115      115      116      119      124      131      140      152      168      189      217      254      306      379      487      650      911     1342     2055     3057     3771     3382     2400     1602     1101      795      604      478      393      333      290      259      237      220      209      202      199      198      202      209      220      236      258      289      332      391      476      602      796     1111    1643
        1647    2292     2731     2532     1916     1342      946      691      526      416      340      286      247      219      197      181      170      162      156      154      153      155      160      167      177      191      210      236      271      319      386      482      625      843     1182     1693     2328     2730     2490     1862     1295      907      658      498      391      317      265      227      199      178      162      150      141      135      131      129      128      130      133      139      147      157      172      191      216      250      297      362      456      594      807    1141
         790     984     1211     1434     1582     1592     1462     1257     1044      860      713      600      514      449      399      361      333      313      298      289      284      284      288      297      311      332      361      400      453      525      624      764      965     1258     1685     2268     2909     3266     3024     2384     1743     1263      935      714      562      456      380      324      282      250      225      207      193      182      174      169      166      165      166      169      174      182      192      206      224      248      278      317      367      434      521     638
        1225    1316     1212      993      769      591      462      369      304      256      221      195      176      162      152      144      140      137      137      139      144      151      161      175      195      222      259      313      391      510      706     1053     1728     3146     5570     6171     3777     2000     1156      741      515      380      295      237      197      169      147      132      120      111      104       99       96       94       93       94       96       99      104      111      120      131      147      167      193      229      278      347      443      580      769    1003
        1251    1007      771      588      457      365      299      252      217      192      173      158      148      141      136      133      133      135      138      145      154      167      184      208      241      286      351      447      595      836     1241     1918     2815     3221     2581     1690     1082      727      516      386      301      243      202      173      151      135      123      113      106      101       98       96       95       96       98      101      106      113      122      134      150      171      199      236      287      359      462      608      811     1064     1298    1381
        1031    1067     1043      967      861      749      645      555      481      421      373      335      305      281      263      250      240      233      230      229      231      237      245      258      274      296      325      362      409      470      548      648      775      929     1102     1268     1382     1400     1315     1160      984      820      682      572      486      420      368      327      296      272      253      238      228      221      217      215      216      220      227      237      250      268      291      320      357      403      461      533      621      724      836     946
         580     761      871      819      656      489      362      274      214      173      143      123      107       96       88       82       77       75       73       73       74       76       80       85       93      103      117      136      164      203      264      360      521      806     1291     1847     1848     1282      786      496      335      240      180      142      115       96       83       73       65       59       55       52       49       48       47       46       47       48       49       52       55       60       66       73       84       97      115      141      177      229      306     421
         971     901      717      533      394      297      232      186      154      131      114      101       92       85       80       76       74       72       72       73       76       79       84       91      100      112      128      150      180      222      282      369      492      653      817      893      819      653      489      363      275      214      172      141      119      103       91       82       75       70       66       63       61       61       60       61       63       66       69       75       81       90      102      118      140      170      212      273      362      493      671     866
         265     326      399      475      538      571      562      520      460      399      345      300      265      237      216      200      189      182      177      176      178      183      192      205      222      245      276      316      367      429      500      569      618      624      581      503      416      335      270      218      179      149      126      108       94       83       75       68       63       59       55       53       51       49       49       49       49       50       51       53       55       59       63       68       75       84       95      108      126      148      178     216
         137     147      158      169      179      188      196      201      204      204      202      198      193      188      182      177      172      168      165      163      163      163      165      169      174      180      189      199      212      227      244      263      283      303      320      333      338      335      324      305      281      255      229      205      183      164      147      133      121      111      103       96       91       86       82       80       77       76       75       75       76       77       78       81       83       87       92       97      103      110      118     127
         199     224      250      275      298      313      320      318      307      290      271      250      231      213      198      185      175      167      161      158      156      156      158      162      169      178      190      205      225      250      281      319      363      412      462      504      527      523      492      442      384      327      277      235      201      173      151      134      120      109      100       92       87       82       79       77       75       74       74       75       76       78       82       86       91       97      105      115      126      140      157     176
         251     263      270      272      270      263      252      239      226      212      198      186      175      165      157      150      144      139      136      133      131      130      130      130      131      133      134      137      139      141      143      145      146      147      146      145      143      140      136      132      127      122      117      113      108      104      100       97       94       92       90       89       88       88       89       90       91       94       97      101      105      111      118      126      135      146      159      172      188      204      221     237
         261     250      226      198      170      145      125      108       95       85       77       71       67       63       61       59       59       59       60       62       64       68       73       80       89      100      114      132      155      181      210      238      259      264      252      226      195      164      137      115       98       84       73       64       57       52       48       45       42       40       39       38       38       38       38       39       41       43       46       49       54       60       67       76       88      103      122      146      174      205      234     255
         233     257      257      234      198      161      131      107       88       74       64       56       50       46       42       39       38       36       36       35       36       36       38       40       43       46       51       57       65       76       90      109      133      163      197      228      245      240      214      180      146      118       96       80       67       57       50       44       40       37       34       32       31       30       29       29       29       30       31       33       35       37       41       46       52       60       70       84      103      127      159     196
         401     412      377      317      254      202      162      132      110       94       82       72       65       60       56       53       51       49       49       49       50       51       54       57       61       67       75       85       98      115      138      168      205      250      296      330      337      314      271      223      181      147      121      101       86       75       66       59       54       50       47       45       43       42       42       42       43       44       46       49       53       58       64       72       83       98      118      144      180      227      287     351
         470     573      556      440      317      226      166      127      100       82       69       60       53       48       44       41       39       38       37       37       38       39       41       44       47       52       58       67       78       94      115      143      180      225      270      296      288      251      203      159      124       99       80       66       56       48       42       38       34       32       30       28       27       27       27       27       27       28       29       31       33       37       41       46       54       64       77       97      126      170      237     339
         129     119      109      100       92       85       79       74       70       66       64       62       60       60       60       60       61       63       65       68       72       77       84       91      100      110      121      134      147      160      170      178      180      177      169      158      145      132      119      108       98       89       82       76       71       67       64       62       60       59       59       59       60       61       63       66       69       73       78       84       91       99      108      118      128      137      145      150      152      151      146     138
         107     112      117      121      124      126      127      126      125      124      121      118      115      112      109      106      103      101       99       97       96       95       94       94       94       94       95       95       96       96       97       97       97       97       96       95       94       92       90       87       84       82       79       76       73       70       68       66       64       62       61       59       58       58       57       57       57       58       59       60       61       63       65       68       71       74       78       82       87       92       97     102
          64      63       62       61       60       59       58       58       58       58       58       59       61       62       64       66       69       72       76       79       83       87       90       92       94       94       93       91       87       83       78       73       68       63       59       54       51       47       45       42       40       38       37       36       35       34       34       34       34       34       35       36       37       38       39       41       43       45       47       49       52       55       57       60       62       64       65       66       67       67       66      65
          83      90       95      100      102      101       99       94       89       83       77       71       66       62       58       55       53       51       50       49       49       50       51       52       54       58       62       67       73       82       92      104      119      136      155      173      186      193      189      177      159      139      120      103       88       77       67       59       53       48       44       41       39       37       35       34       34       34       34       34       35       36       37       39       42       45       48       52       57       63       69      76
          62      64       65       67       67       68       68       67       67       66       65       65       64       63       63       63       64       64       65       67       68       71       74       77       81       85       90       95      100      106      110      114      117      117      116      113      108      102       95       88       81       75       69       63       59       54       51       48       45       43       41       40       39       38       37       37       37       37       37       38       39       40       41       43       44       46       48       51       53       55       58      60
         184     180      164      141      117       96       80       66       56       49       43       38       34       31       29       28       26       25       25       25       25       25       26       27       29       31       33       37       41       46       53       61       71       82       96      109      121      127      127      120      109       96       83       72       62       55       48       43       39       36       34       32       31       30       30       29       30       31       32       33       36       39       43       48       54       63       74       88      106      128      151     172
          75      86       95      100      100       95       87       78       70       62       55       50       45       42       39       37       36       35       35       35       36       37       38       40       43       46       50       54       58       63       66       68       68       66       61       56       50       44       38       34       29       26       23       21       19       17       16       15       14       13       13       13       12       12       12       12       13       13       14       14       15       16       18       20       22       25       28       33       38       45       54      64
          95      79       66       55       46       40       34       31       28       25       24       22       21       21       21       21       21       21       22       24       25       27       30       33       36       40       45       50       54       57       58       56       53       48       43       38       33       29       26       23       20       18       17       16       15       14       13       13       13       12       12       13       13       13       14       15       16       18       20       22       25       29       35       42       51       62       77       94      110      120      120     110
          85      77       68       60       52       46       40       36       33       30       27       26       24       23       23       22       22       22       22       23       24       25       27       29       31       34       38       43       49       56       65       74       83       91       95       96       92       85       76       67       59       52       46       41       37       33       31       29       27       26       25       24       24       24       25       25       26       28       29       32       35       38       43       48       54       62       70       79       87       92       93      91
          39      43       47       52       55       58       59       59       57       54       51       47       44       41       38       35       33       31       30       29       28       27       27       27       27       28       29       30       32       33       36       38       41       44       48       51       53       55       56       55       53       51       47       43       39       36       32       29       27       25       23       21       20       19       18       18       17       17       17       17       17       18       18       19       20       21       22       24       26       29       32      35
          44      41       38       35       32       30       27       25       24       22       21       20       19       19       18       18       18       18       18       18       18       19       19       20       21       22       24       25       27       29       32       34       37       39       42       44       46       47       47       47       47       45       44       42       41       39       38       36       35       34       34       33       33       33       34       34       35       36       37       39       41       43       45       47       49       51       52       53       53       51       49      47
          53      52       50       47       43       39       35       31       28       25       23       21       20       18       17       16       16       15       15       15       15       15       15       16       16       17       18       19       20       21       23       24       26       28       29       31       32       32       33       32       31       30       28       27       25       24       22       21       20       19       19       18       18       18       18       18       18       18       19       20       21       23       24       26       29       32       35       39       43       47       50      52
          21      20       19       18       17       17       16       16       16       16       16       17       17       18       19       19       20       22       23       24       24       25       25       25       25       24       23       21       20       18       17       16       14       13       13       12       11       11       10       10       10        9        9        9        9       10       10       10       11       11       12       13       14       15       16       18       20       22       24       27       29       31       33       34       34       33       32       30       28       26       24      23
          71      54       42       34       28       24       21       19       17       16       15       14       14       14       14       14       14       15       16       17       19       21       23       25       28       31       33       34       34       33       31       28       24       21       18       16       14       12       11       10        9        8        8        7        7        7        6        6        6        6        6        7        7        7        8        9       10       11       12       14       17       21       26       33       43       58       79      105      128      133      117      93
          30      30       31       32       32       32       32       32       31       31       30       29       28       27       26       25       24       23       22       22       21       20       20       19       19       18       18       18       18       18       18       18       18       18       18       18       18       18       18       18       18       18       18       18       18       18       19       19       19       19       19       19       19       19       19       19       19       19       20       20       20       21       21       22       23       23       24       25       26       27       28      29
          46      38       32       27       23       20       18       16       14       13       12       11       11       10       10       10       10       10       10       10       10       11       11       12       13       14       15       17       19       21       24       27       30       34       36       39       40       40       39       37       34       31       29       27       25       23       21       20       19       19       18       18       18       19       19       20       21       23       25       28       31       35       41       47       54       62       69       74       75       70       63      54
          32      30       27       25       22       20       19       17       16       15       14       14       13       13       13       13       13       13       14       14       15       16       17       18       19       20       22       22       23       23       23       22       21       20       18       17       15       14       13       12       11       10        9        9        8        8        8        7        7        7        7        7        8        8        8        9        9       10       11       12       13       15       17       19       21       24       27       30       33       34       35      34
          30      27       24       21       19       17       16       14       13       13       12       12       11       11       11       11       11       11       11       12       12       12       12       13       13       13       13       13       12       12       11       11       10        9        9        8        8        7        7        7        6        6        6        6        6        5        5        6        6        6        6        6        7        7        8        8        9       10       11       13       15       17       20       23       27       31       35       38       39       39       37      34
